# 10 out of 10 mutations
160 #trees
9 #edges, tree 1
60 2;7
4;8;11;12;16;17;18;23;24 28;34;39;40;41;49;54;56
4;8;11;12;16;17;18;23;24 42;43;44;48;53;55
4;8;11;12;16;17;18;23;24 25;26;31
1;3 60
1;3 0
0 9;10;13;14;15;19;20;21;22;27;32;35;36;37;38;45;46;47;50;51;58
0 4;8;11;12;16;17;18;23;24
0 5;6
9 #edges, tree 2
0 5;6
0 2;7
0 4;8;11;12;16;17;18;23;24
0 9;10;13;14;15;19;20;21;22;27;32;35;36;37;38;45;46;47;50;51;58
1;3 0
1;3 60
4;8;11;12;16;17;18;23;24 25;26;31
4;8;11;12;16;17;18;23;24 42;43;44;48;53;55
4;8;11;12;16;17;18;23;24 28;34;39;40;41;49;54;56
9 #edges, tree 3
4;8;11;12;16;17;18;23;24 28;34;39;40;41;49;54;56
4;8;11;12;16;17;18;23;24 42;43;44;48;53;55
4;8;11;12;16;17;18;23;24 25;26;31
4;8;11;12;16;17;18;23;24 2;7
1;3 60
1;3 0
0 9;10;13;14;15;19;20;21;22;27;32;35;36;37;38;45;46;47;50;51;58
0 4;8;11;12;16;17;18;23;24
0 5;6
9 #edges, tree 4
9;10;13;14;15;19;20;21;22;27;32;35;36;37;38;45;46;47;50;51;58 2;7
4;8;11;12;16;17;18;23;24 28;34;39;40;41;49;54;56
4;8;11;12;16;17;18;23;24 42;43;44;48;53;55
4;8;11;12;16;17;18;23;24 25;26;31
1;3 60
1;3 0
0 9;10;13;14;15;19;20;21;22;27;32;35;36;37;38;45;46;47;50;51;58
0 4;8;11;12;16;17;18;23;24
0 5;6
9 #edges, tree 5
0 5;6
0 4;8;11;12;16;17;18;23;24
0 9;10;13;14;15;19;20;21;22;27;32;35;36;37;38;45;46;47;50;51;58
1;3 0
1;3 60
5;6 2;7
4;8;11;12;16;17;18;23;24 25;26;31
4;8;11;12;16;17;18;23;24 42;43;44;48;53;55
4;8;11;12;16;17;18;23;24 28;34;39;40;41;49;54;56
9 #edges, tree 6
0 5;6
0 4;8;11;12;16;17;18;23;24
0 9;10;13;14;15;19;20;21;22;27;32;35;36;37;38;45;46;47;50;51;58
1;3 0
1;3 2;7
1;3 60
4;8;11;12;16;17;18;23;24 25;26;31
4;8;11;12;16;17;18;23;24 42;43;44;48;53;55
4;8;11;12;16;17;18;23;24 28;34;39;40;41;49;54;56
9 #edges, tree 7
0 5;6
0 4;8;11;12;16;17;18;23;24
0 9;10;13;14;15;19;20;21;22;27;32;35;36;37;38;45;46;47;50;51;58
1;3 0
1;3 60
4;8;11;12;16;17;18;23;24 25;26;31
4;8;11;12;16;17;18;23;24 42;43;44;48;53;55
4;8;11;12;16;17;18;23;24 28;34;39;40;41;49;54;56
42;43;44;48;53;55 2;7
9 #edges, tree 8
0 5;6
0 4;8;11;12;16;17;18;23;24
0 9;10;13;14;15;19;20;21;22;27;32;35;36;37;38;45;46;47;50;51;58
1;3 0
1;3 60
4;8;11;12;16;17;18;23;24 25;26;31
4;8;11;12;16;17;18;23;24 42;43;44;48;53;55
4;8;11;12;16;17;18;23;24 28;34;39;40;41;49;54;56
28;34;39;40;41;49;54;56 2;7
9 #edges, tree 9
25;26;31 2;7
4;8;11;12;16;17;18;23;24 28;34;39;40;41;49;54;56
4;8;11;12;16;17;18;23;24 42;43;44;48;53;55
4;8;11;12;16;17;18;23;24 25;26;31
1;3 60
1;3 0
0 9;10;13;14;15;19;20;21;22;27;32;35;36;37;38;45;46;47;50;51;58
0 4;8;11;12;16;17;18;23;24
0 5;6
9 #edges, tree 10
4;8;11;12;16;17;18;23;24 28;34;39;40;41;49;54;56
4;8;11;12;16;17;18;23;24 42;43;44;48;53;55
4;8;11;12;16;17;18;23;24 25;26;31
2;7 60
1;3 2;7
1;3 0
0 9;10;13;14;15;19;20;21;22;27;32;35;36;37;38;45;46;47;50;51;58
0 4;8;11;12;16;17;18;23;24
0 5;6
9 #edges, tree 11
25;26;31 60
4;8;11;12;16;17;18;23;24 28;34;39;40;41;49;54;56
4;8;11;12;16;17;18;23;24 42;43;44;48;53;55
4;8;11;12;16;17;18;23;24 25;26;31
1;3 2;7
1;3 0
0 9;10;13;14;15;19;20;21;22;27;32;35;36;37;38;45;46;47;50;51;58
0 4;8;11;12;16;17;18;23;24
0 5;6
9 #edges, tree 12
4;8;11;12;16;17;18;23;24 28;34;39;40;41;49;54;56
4;8;11;12;16;17;18;23;24 42;43;44;48;53;55
4;8;11;12;16;17;18;23;24 25;26;31
1;3 2;7
1;3 0
0 60
0 9;10;13;14;15;19;20;21;22;27;32;35;36;37;38;45;46;47;50;51;58
0 4;8;11;12;16;17;18;23;24
0 5;6
9 #edges, tree 13
28;34;39;40;41;49;54;56 60
4;8;11;12;16;17;18;23;24 28;34;39;40;41;49;54;56
4;8;11;12;16;17;18;23;24 42;43;44;48;53;55
4;8;11;12;16;17;18;23;24 25;26;31
1;3 2;7
1;3 0
0 9;10;13;14;15;19;20;21;22;27;32;35;36;37;38;45;46;47;50;51;58
0 4;8;11;12;16;17;18;23;24
0 5;6
9 #edges, tree 14
9;10;13;14;15;19;20;21;22;27;32;35;36;37;38;45;46;47;50;51;58 60
4;8;11;12;16;17;18;23;24 28;34;39;40;41;49;54;56
4;8;11;12;16;17;18;23;24 42;43;44;48;53;55
4;8;11;12;16;17;18;23;24 25;26;31
1;3 2;7
1;3 0
0 9;10;13;14;15;19;20;21;22;27;32;35;36;37;38;45;46;47;50;51;58
0 4;8;11;12;16;17;18;23;24
0 5;6
9 #edges, tree 15
4;8;11;12;16;17;18;23;24 60
4;8;11;12;16;17;18;23;24 28;34;39;40;41;49;54;56
4;8;11;12;16;17;18;23;24 42;43;44;48;53;55
4;8;11;12;16;17;18;23;24 25;26;31
1;3 2;7
1;3 0
0 9;10;13;14;15;19;20;21;22;27;32;35;36;37;38;45;46;47;50;51;58
0 4;8;11;12;16;17;18;23;24
0 5;6
9 #edges, tree 16
4;8;11;12;16;17;18;23;24 28;34;39;40;41;49;54;56
4;8;11;12;16;17;18;23;24 42;43;44;48;53;55
4;8;11;12;16;17;18;23;24 25;26;31
5;6 60
1;3 2;7
1;3 0
0 9;10;13;14;15;19;20;21;22;27;32;35;36;37;38;45;46;47;50;51;58
0 4;8;11;12;16;17;18;23;24
0 5;6
9 #edges, tree 17
0 5;6
0 4;8;11;12;16;17;18;23;24
0 9;10;13;14;15;19;20;21;22;27;32;35;36;37;38;45;46;47;50;51;58
1;3 0
1;3 2;7
4;8;11;12;16;17;18;23;24 25;26;31
4;8;11;12;16;17;18;23;24 42;43;44;48;53;55
4;8;11;12;16;17;18;23;24 28;34;39;40;41;49;54;56
42;43;44;48;53;55 60
9 #edges, tree 18
0 5;6
0 4;8;11;12;16;17;18;23;24
0 9;10;13;14;15;19;20;21;22;27;32;35;36;37;38;45;46;47;50;51;58
1;3 0
2;7 60
4;8;11;12;16;17;18;23;24 2;7
4;8;11;12;16;17;18;23;24 25;26;31
4;8;11;12;16;17;18;23;24 42;43;44;48;53;55
4;8;11;12;16;17;18;23;24 28;34;39;40;41;49;54;56
9 #edges, tree 19
0 5;6
0 4;8;11;12;16;17;18;23;24
0 9;10;13;14;15;19;20;21;22;27;32;35;36;37;38;45;46;47;50;51;58
1;3 0
4;8;11;12;16;17;18;23;24 2;7
4;8;11;12;16;17;18;23;24 25;26;31
4;8;11;12;16;17;18;23;24 42;43;44;48;53;55
4;8;11;12;16;17;18;23;24 28;34;39;40;41;49;54;56
9;10;13;14;15;19;20;21;22;27;32;35;36;37;38;45;46;47;50;51;58 60
9 #edges, tree 20
0 5;6
0 4;8;11;12;16;17;18;23;24
0 9;10;13;14;15;19;20;21;22;27;32;35;36;37;38;45;46;47;50;51;58
1;3 0
4;8;11;12;16;17;18;23;24 2;7
4;8;11;12;16;17;18;23;24 25;26;31
4;8;11;12;16;17;18;23;24 42;43;44;48;53;55
4;8;11;12;16;17;18;23;24 28;34;39;40;41;49;54;56
4;8;11;12;16;17;18;23;24 60
9 #edges, tree 21
0 5;6
0 4;8;11;12;16;17;18;23;24
0 9;10;13;14;15;19;20;21;22;27;32;35;36;37;38;45;46;47;50;51;58
1;3 0
4;8;11;12;16;17;18;23;24 2;7
4;8;11;12;16;17;18;23;24 25;26;31
4;8;11;12;16;17;18;23;24 42;43;44;48;53;55
4;8;11;12;16;17;18;23;24 28;34;39;40;41;49;54;56
28;34;39;40;41;49;54;56 60
9 #edges, tree 22
0 5;6
0 4;8;11;12;16;17;18;23;24
0 9;10;13;14;15;19;20;21;22;27;32;35;36;37;38;45;46;47;50;51;58
1;3 0
5;6 60
4;8;11;12;16;17;18;23;24 2;7
4;8;11;12;16;17;18;23;24 25;26;31
4;8;11;12;16;17;18;23;24 42;43;44;48;53;55
4;8;11;12;16;17;18;23;24 28;34;39;40;41;49;54;56
9 #edges, tree 23
0 5;6
0 4;8;11;12;16;17;18;23;24
0 9;10;13;14;15;19;20;21;22;27;32;35;36;37;38;45;46;47;50;51;58
0 60
1;3 0
4;8;11;12;16;17;18;23;24 2;7
4;8;11;12;16;17;18;23;24 25;26;31
4;8;11;12;16;17;18;23;24 42;43;44;48;53;55
4;8;11;12;16;17;18;23;24 28;34;39;40;41;49;54;56
9 #edges, tree 24
0 5;6
0 4;8;11;12;16;17;18;23;24
0 9;10;13;14;15;19;20;21;22;27;32;35;36;37;38;45;46;47;50;51;58
1;3 0
4;8;11;12;16;17;18;23;24 2;7
4;8;11;12;16;17;18;23;24 25;26;31
4;8;11;12;16;17;18;23;24 42;43;44;48;53;55
4;8;11;12;16;17;18;23;24 28;34;39;40;41;49;54;56
25;26;31 60
9 #edges, tree 25
0 5;6
0 4;8;11;12;16;17;18;23;24
0 9;10;13;14;15;19;20;21;22;27;32;35;36;37;38;45;46;47;50;51;58
1;3 0
4;8;11;12;16;17;18;23;24 2;7
4;8;11;12;16;17;18;23;24 25;26;31
4;8;11;12;16;17;18;23;24 42;43;44;48;53;55
4;8;11;12;16;17;18;23;24 28;34;39;40;41;49;54;56
42;43;44;48;53;55 60
9 #edges, tree 26
0 5;6
0 2;7
0 4;8;11;12;16;17;18;23;24
0 9;10;13;14;15;19;20;21;22;27;32;35;36;37;38;45;46;47;50;51;58
1;3 0
4;8;11;12;16;17;18;23;24 25;26;31
4;8;11;12;16;17;18;23;24 42;43;44;48;53;55
4;8;11;12;16;17;18;23;24 28;34;39;40;41;49;54;56
4;8;11;12;16;17;18;23;24 60
9 #edges, tree 27
0 5;6
0 2;7
0 4;8;11;12;16;17;18;23;24
0 9;10;13;14;15;19;20;21;22;27;32;35;36;37;38;45;46;47;50;51;58
1;3 0
2;7 60
4;8;11;12;16;17;18;23;24 25;26;31
4;8;11;12;16;17;18;23;24 42;43;44;48;53;55
4;8;11;12;16;17;18;23;24 28;34;39;40;41;49;54;56
9 #edges, tree 28
0 5;6
0 2;7
0 4;8;11;12;16;17;18;23;24
0 9;10;13;14;15;19;20;21;22;27;32;35;36;37;38;45;46;47;50;51;58
1;3 0
4;8;11;12;16;17;18;23;24 25;26;31
4;8;11;12;16;17;18;23;24 42;43;44;48;53;55
4;8;11;12;16;17;18;23;24 28;34;39;40;41;49;54;56
9;10;13;14;15;19;20;21;22;27;32;35;36;37;38;45;46;47;50;51;58 60
9 #edges, tree 29
0 5;6
0 2;7
0 4;8;11;12;16;17;18;23;24
0 9;10;13;14;15;19;20;21;22;27;32;35;36;37;38;45;46;47;50;51;58
1;3 0
4;8;11;12;16;17;18;23;24 25;26;31
4;8;11;12;16;17;18;23;24 42;43;44;48;53;55
4;8;11;12;16;17;18;23;24 28;34;39;40;41;49;54;56
25;26;31 60
9 #edges, tree 30
0 5;6
0 2;7
0 4;8;11;12;16;17;18;23;24
0 9;10;13;14;15;19;20;21;22;27;32;35;36;37;38;45;46;47;50;51;58
1;3 0
4;8;11;12;16;17;18;23;24 25;26;31
4;8;11;12;16;17;18;23;24 42;43;44;48;53;55
4;8;11;12;16;17;18;23;24 28;34;39;40;41;49;54;56
42;43;44;48;53;55 60
9 #edges, tree 31
0 5;6
0 2;7
0 4;8;11;12;16;17;18;23;24
0 9;10;13;14;15;19;20;21;22;27;32;35;36;37;38;45;46;47;50;51;58
1;3 0
5;6 60
4;8;11;12;16;17;18;23;24 25;26;31
4;8;11;12;16;17;18;23;24 42;43;44;48;53;55
4;8;11;12;16;17;18;23;24 28;34;39;40;41;49;54;56
9 #edges, tree 32
0 5;6
0 2;7
0 4;8;11;12;16;17;18;23;24
0 9;10;13;14;15;19;20;21;22;27;32;35;36;37;38;45;46;47;50;51;58
0 60
1;3 0
4;8;11;12;16;17;18;23;24 25;26;31
4;8;11;12;16;17;18;23;24 42;43;44;48;53;55
4;8;11;12;16;17;18;23;24 28;34;39;40;41;49;54;56
9 #edges, tree 33
28;34;39;40;41;49;54;56 60
4;8;11;12;16;17;18;23;24 28;34;39;40;41;49;54;56
4;8;11;12;16;17;18;23;24 42;43;44;48;53;55
4;8;11;12;16;17;18;23;24 25;26;31
1;3 0
0 9;10;13;14;15;19;20;21;22;27;32;35;36;37;38;45;46;47;50;51;58
0 4;8;11;12;16;17;18;23;24
0 2;7
0 5;6
9 #edges, tree 34
60 2;7
25;26;31 60
4;8;11;12;16;17;18;23;24 28;34;39;40;41;49;54;56
4;8;11;12;16;17;18;23;24 42;43;44;48;53;55
4;8;11;12;16;17;18;23;24 25;26;31
1;3 0
0 9;10;13;14;15;19;20;21;22;27;32;35;36;37;38;45;46;47;50;51;58
0 4;8;11;12;16;17;18;23;24
0 5;6
9 #edges, tree 35
25;26;31 60
4;8;11;12;16;17;18;23;24 28;34;39;40;41;49;54;56
4;8;11;12;16;17;18;23;24 42;43;44;48;53;55
4;8;11;12;16;17;18;23;24 25;26;31
5;6 2;7
1;3 0
0 9;10;13;14;15;19;20;21;22;27;32;35;36;37;38;45;46;47;50;51;58
0 4;8;11;12;16;17;18;23;24
0 5;6
9 #edges, tree 36
28;34;39;40;41;49;54;56 2;7
25;26;31 60
4;8;11;12;16;17;18;23;24 28;34;39;40;41;49;54;56
4;8;11;12;16;17;18;23;24 42;43;44;48;53;55
4;8;11;12;16;17;18;23;24 25;26;31
1;3 0
0 9;10;13;14;15;19;20;21;22;27;32;35;36;37;38;45;46;47;50;51;58
0 4;8;11;12;16;17;18;23;24
0 5;6
9 #edges, tree 37
9;10;13;14;15;19;20;21;22;27;32;35;36;37;38;45;46;47;50;51;58 2;7
25;26;31 60
4;8;11;12;16;17;18;23;24 28;34;39;40;41;49;54;56
4;8;11;12;16;17;18;23;24 42;43;44;48;53;55
4;8;11;12;16;17;18;23;24 25;26;31
1;3 0
0 9;10;13;14;15;19;20;21;22;27;32;35;36;37;38;45;46;47;50;51;58
0 4;8;11;12;16;17;18;23;24
0 5;6
9 #edges, tree 38
25;26;31 60
25;26;31 2;7
4;8;11;12;16;17;18;23;24 28;34;39;40;41;49;54;56
4;8;11;12;16;17;18;23;24 42;43;44;48;53;55
4;8;11;12;16;17;18;23;24 25;26;31
1;3 0
0 9;10;13;14;15;19;20;21;22;27;32;35;36;37;38;45;46;47;50;51;58
0 4;8;11;12;16;17;18;23;24
0 5;6
9 #edges, tree 39
42;43;44;48;53;55 2;7
25;26;31 60
4;8;11;12;16;17;18;23;24 28;34;39;40;41;49;54;56
4;8;11;12;16;17;18;23;24 42;43;44;48;53;55
4;8;11;12;16;17;18;23;24 25;26;31
1;3 0
0 9;10;13;14;15;19;20;21;22;27;32;35;36;37;38;45;46;47;50;51;58
0 4;8;11;12;16;17;18;23;24
0 5;6
9 #edges, tree 40
28;34;39;40;41;49;54;56 2;7
4;8;11;12;16;17;18;23;24 28;34;39;40;41;49;54;56
4;8;11;12;16;17;18;23;24 42;43;44;48;53;55
4;8;11;12;16;17;18;23;24 25;26;31
1;3 0
0 60
0 9;10;13;14;15;19;20;21;22;27;32;35;36;37;38;45;46;47;50;51;58
0 4;8;11;12;16;17;18;23;24
0 5;6
9 #edges, tree 41
28;34;39;40;41;49;54;56 2;7
42;43;44;48;53;55 60
4;8;11;12;16;17;18;23;24 28;34;39;40;41;49;54;56
4;8;11;12;16;17;18;23;24 42;43;44;48;53;55
4;8;11;12;16;17;18;23;24 25;26;31
1;3 0
0 9;10;13;14;15;19;20;21;22;27;32;35;36;37;38;45;46;47;50;51;58
0 4;8;11;12;16;17;18;23;24
0 5;6
9 #edges, tree 42
28;34;39;40;41;49;54;56 2;7
4;8;11;12;16;17;18;23;24 60
4;8;11;12;16;17;18;23;24 28;34;39;40;41;49;54;56
4;8;11;12;16;17;18;23;24 42;43;44;48;53;55
4;8;11;12;16;17;18;23;24 25;26;31
1;3 0
0 9;10;13;14;15;19;20;21;22;27;32;35;36;37;38;45;46;47;50;51;58
0 4;8;11;12;16;17;18;23;24
0 5;6
9 #edges, tree 43
28;34;39;40;41;49;54;56 2;7
4;8;11;12;16;17;18;23;24 28;34;39;40;41;49;54;56
4;8;11;12;16;17;18;23;24 42;43;44;48;53;55
4;8;11;12;16;17;18;23;24 25;26;31
2;7 60
1;3 0
0 9;10;13;14;15;19;20;21;22;27;32;35;36;37;38;45;46;47;50;51;58
0 4;8;11;12;16;17;18;23;24
0 5;6
9 #edges, tree 44
28;34;39;40;41;49;54;56 2;7
4;8;11;12;16;17;18;23;24 28;34;39;40;41;49;54;56
4;8;11;12;16;17;18;23;24 42;43;44;48;53;55
4;8;11;12;16;17;18;23;24 25;26;31
5;6 60
1;3 0
0 9;10;13;14;15;19;20;21;22;27;32;35;36;37;38;45;46;47;50;51;58
0 4;8;11;12;16;17;18;23;24
0 5;6
9 #edges, tree 45
28;34;39;40;41;49;54;56 60
28;34;39;40;41;49;54;56 2;7
4;8;11;12;16;17;18;23;24 28;34;39;40;41;49;54;56
4;8;11;12;16;17;18;23;24 42;43;44;48;53;55
4;8;11;12;16;17;18;23;24 25;26;31
1;3 0
0 9;10;13;14;15;19;20;21;22;27;32;35;36;37;38;45;46;47;50;51;58
0 4;8;11;12;16;17;18;23;24
0 5;6
9 #edges, tree 46
9;10;13;14;15;19;20;21;22;27;32;35;36;37;38;45;46;47;50;51;58 60
28;34;39;40;41;49;54;56 2;7
4;8;11;12;16;17;18;23;24 28;34;39;40;41;49;54;56
4;8;11;12;16;17;18;23;24 42;43;44;48;53;55
4;8;11;12;16;17;18;23;24 25;26;31
1;3 0
0 9;10;13;14;15;19;20;21;22;27;32;35;36;37;38;45;46;47;50;51;58
0 4;8;11;12;16;17;18;23;24
0 5;6
9 #edges, tree 47
28;34;39;40;41;49;54;56 60
25;26;31 2;7
4;8;11;12;16;17;18;23;24 28;34;39;40;41;49;54;56
4;8;11;12;16;17;18;23;24 42;43;44;48;53;55
4;8;11;12;16;17;18;23;24 25;26;31
1;3 0
0 9;10;13;14;15;19;20;21;22;27;32;35;36;37;38;45;46;47;50;51;58
0 4;8;11;12;16;17;18;23;24
0 5;6
9 #edges, tree 48
28;34;39;40;41;49;54;56 60
4;8;11;12;16;17;18;23;24 28;34;39;40;41;49;54;56
4;8;11;12;16;17;18;23;24 42;43;44;48;53;55
4;8;11;12;16;17;18;23;24 25;26;31
5;6 2;7
1;3 0
0 9;10;13;14;15;19;20;21;22;27;32;35;36;37;38;45;46;47;50;51;58
0 4;8;11;12;16;17;18;23;24
0 5;6
9 #edges, tree 49
60 2;7
28;34;39;40;41;49;54;56 60
4;8;11;12;16;17;18;23;24 28;34;39;40;41;49;54;56
4;8;11;12;16;17;18;23;24 42;43;44;48;53;55
4;8;11;12;16;17;18;23;24 25;26;31
1;3 0
0 9;10;13;14;15;19;20;21;22;27;32;35;36;37;38;45;46;47;50;51;58
0 4;8;11;12;16;17;18;23;24
0 5;6
9 #edges, tree 50
9;10;13;14;15;19;20;21;22;27;32;35;36;37;38;45;46;47;50;51;58 2;7
28;34;39;40;41;49;54;56 60
4;8;11;12;16;17;18;23;24 28;34;39;40;41;49;54;56
4;8;11;12;16;17;18;23;24 42;43;44;48;53;55
4;8;11;12;16;17;18;23;24 25;26;31
1;3 0
0 9;10;13;14;15;19;20;21;22;27;32;35;36;37;38;45;46;47;50;51;58
0 4;8;11;12;16;17;18;23;24
0 5;6
9 #edges, tree 51
28;34;39;40;41;49;54;56 60
42;43;44;48;53;55 2;7
4;8;11;12;16;17;18;23;24 28;34;39;40;41;49;54;56
4;8;11;12;16;17;18;23;24 42;43;44;48;53;55
4;8;11;12;16;17;18;23;24 25;26;31
1;3 0
0 9;10;13;14;15;19;20;21;22;27;32;35;36;37;38;45;46;47;50;51;58
0 4;8;11;12;16;17;18;23;24
0 5;6
9 #edges, tree 52
25;26;31 2;7
4;8;11;12;16;17;18;23;24 28;34;39;40;41;49;54;56
4;8;11;12;16;17;18;23;24 42;43;44;48;53;55
4;8;11;12;16;17;18;23;24 25;26;31
2;7 60
1;3 0
0 9;10;13;14;15;19;20;21;22;27;32;35;36;37;38;45;46;47;50;51;58
0 4;8;11;12;16;17;18;23;24
0 5;6
9 #edges, tree 53
42;43;44;48;53;55 60
25;26;31 2;7
4;8;11;12;16;17;18;23;24 28;34;39;40;41;49;54;56
4;8;11;12;16;17;18;23;24 42;43;44;48;53;55
4;8;11;12;16;17;18;23;24 25;26;31
1;3 0
0 9;10;13;14;15;19;20;21;22;27;32;35;36;37;38;45;46;47;50;51;58
0 4;8;11;12;16;17;18;23;24
0 5;6
9 #edges, tree 54
9;10;13;14;15;19;20;21;22;27;32;35;36;37;38;45;46;47;50;51;58 60
25;26;31 2;7
4;8;11;12;16;17;18;23;24 28;34;39;40;41;49;54;56
4;8;11;12;16;17;18;23;24 42;43;44;48;53;55
4;8;11;12;16;17;18;23;24 25;26;31
1;3 0
0 9;10;13;14;15;19;20;21;22;27;32;35;36;37;38;45;46;47;50;51;58
0 4;8;11;12;16;17;18;23;24
0 5;6
9 #edges, tree 55
25;26;31 2;7
4;8;11;12;16;17;18;23;24 60
4;8;11;12;16;17;18;23;24 28;34;39;40;41;49;54;56
4;8;11;12;16;17;18;23;24 42;43;44;48;53;55
4;8;11;12;16;17;18;23;24 25;26;31
1;3 0
0 9;10;13;14;15;19;20;21;22;27;32;35;36;37;38;45;46;47;50;51;58
0 4;8;11;12;16;17;18;23;24
0 5;6
9 #edges, tree 56
25;26;31 2;7
4;8;11;12;16;17;18;23;24 28;34;39;40;41;49;54;56
4;8;11;12;16;17;18;23;24 42;43;44;48;53;55
4;8;11;12;16;17;18;23;24 25;26;31
1;3 0
0 60
0 9;10;13;14;15;19;20;21;22;27;32;35;36;37;38;45;46;47;50;51;58
0 4;8;11;12;16;17;18;23;24
0 5;6
9 #edges, tree 57
25;26;31 2;7
4;8;11;12;16;17;18;23;24 28;34;39;40;41;49;54;56
4;8;11;12;16;17;18;23;24 42;43;44;48;53;55
4;8;11;12;16;17;18;23;24 25;26;31
5;6 60
1;3 0
0 9;10;13;14;15;19;20;21;22;27;32;35;36;37;38;45;46;47;50;51;58
0 4;8;11;12;16;17;18;23;24
0 5;6
9 #edges, tree 58
42;43;44;48;53;55 2;7
4;8;11;12;16;17;18;23;24 28;34;39;40;41;49;54;56
4;8;11;12;16;17;18;23;24 42;43;44;48;53;55
4;8;11;12;16;17;18;23;24 25;26;31
2;7 60
1;3 0
0 9;10;13;14;15;19;20;21;22;27;32;35;36;37;38;45;46;47;50;51;58
0 4;8;11;12;16;17;18;23;24
0 5;6
9 #edges, tree 59
42;43;44;48;53;55 2;7
4;8;11;12;16;17;18;23;24 28;34;39;40;41;49;54;56
4;8;11;12;16;17;18;23;24 42;43;44;48;53;55
4;8;11;12;16;17;18;23;24 25;26;31
1;3 0
0 60
0 9;10;13;14;15;19;20;21;22;27;32;35;36;37;38;45;46;47;50;51;58
0 4;8;11;12;16;17;18;23;24
0 5;6
9 #edges, tree 60
42;43;44;48;53;55 60
42;43;44;48;53;55 2;7
4;8;11;12;16;17;18;23;24 28;34;39;40;41;49;54;56
4;8;11;12;16;17;18;23;24 42;43;44;48;53;55
4;8;11;12;16;17;18;23;24 25;26;31
1;3 0
0 9;10;13;14;15;19;20;21;22;27;32;35;36;37;38;45;46;47;50;51;58
0 4;8;11;12;16;17;18;23;24
0 5;6
9 #edges, tree 61
42;43;44;48;53;55 2;7
4;8;11;12;16;17;18;23;24 60
4;8;11;12;16;17;18;23;24 28;34;39;40;41;49;54;56
4;8;11;12;16;17;18;23;24 42;43;44;48;53;55
4;8;11;12;16;17;18;23;24 25;26;31
1;3 0
0 9;10;13;14;15;19;20;21;22;27;32;35;36;37;38;45;46;47;50;51;58
0 4;8;11;12;16;17;18;23;24
0 5;6
9 #edges, tree 62
9;10;13;14;15;19;20;21;22;27;32;35;36;37;38;45;46;47;50;51;58 60
42;43;44;48;53;55 2;7
4;8;11;12;16;17;18;23;24 28;34;39;40;41;49;54;56
4;8;11;12;16;17;18;23;24 42;43;44;48;53;55
4;8;11;12;16;17;18;23;24 25;26;31
1;3 0
0 9;10;13;14;15;19;20;21;22;27;32;35;36;37;38;45;46;47;50;51;58
0 4;8;11;12;16;17;18;23;24
0 5;6
9 #edges, tree 63
42;43;44;48;53;55 2;7
4;8;11;12;16;17;18;23;24 28;34;39;40;41;49;54;56
4;8;11;12;16;17;18;23;24 42;43;44;48;53;55
4;8;11;12;16;17;18;23;24 25;26;31
5;6 60
1;3 0
0 9;10;13;14;15;19;20;21;22;27;32;35;36;37;38;45;46;47;50;51;58
0 4;8;11;12;16;17;18;23;24
0 5;6
9 #edges, tree 64
60 2;7
42;43;44;48;53;55 60
4;8;11;12;16;17;18;23;24 28;34;39;40;41;49;54;56
4;8;11;12;16;17;18;23;24 42;43;44;48;53;55
4;8;11;12;16;17;18;23;24 25;26;31
1;3 0
0 9;10;13;14;15;19;20;21;22;27;32;35;36;37;38;45;46;47;50;51;58
0 4;8;11;12;16;17;18;23;24
0 5;6
9 #edges, tree 65
0 5;6
0 4;8;11;12;16;17;18;23;24
0 9;10;13;14;15;19;20;21;22;27;32;35;36;37;38;45;46;47;50;51;58
1;3 0
4;8;11;12;16;17;18;23;24 25;26;31
4;8;11;12;16;17;18;23;24 42;43;44;48;53;55
4;8;11;12;16;17;18;23;24 28;34;39;40;41;49;54;56
42;43;44;48;53;55 60
9;10;13;14;15;19;20;21;22;27;32;35;36;37;38;45;46;47;50;51;58 2;7
9 #edges, tree 66
0 5;6
0 4;8;11;12;16;17;18;23;24
0 9;10;13;14;15;19;20;21;22;27;32;35;36;37;38;45;46;47;50;51;58
1;3 0
5;6 2;7
4;8;11;12;16;17;18;23;24 25;26;31
4;8;11;12;16;17;18;23;24 42;43;44;48;53;55
4;8;11;12;16;17;18;23;24 28;34;39;40;41;49;54;56
42;43;44;48;53;55 60
9 #edges, tree 67
0 5;6
0 4;8;11;12;16;17;18;23;24
0 9;10;13;14;15;19;20;21;22;27;32;35;36;37;38;45;46;47;50;51;58
1;3 0
4;8;11;12;16;17;18;23;24 25;26;31
4;8;11;12;16;17;18;23;24 42;43;44;48;53;55
4;8;11;12;16;17;18;23;24 28;34;39;40;41;49;54;56
4;8;11;12;16;17;18;23;24 60
60 2;7
9 #edges, tree 68
0 5;6
0 4;8;11;12;16;17;18;23;24
0 9;10;13;14;15;19;20;21;22;27;32;35;36;37;38;45;46;47;50;51;58
1;3 0
5;6 2;7
4;8;11;12;16;17;18;23;24 25;26;31
4;8;11;12;16;17;18;23;24 42;43;44;48;53;55
4;8;11;12;16;17;18;23;24 28;34;39;40;41;49;54;56
4;8;11;12;16;17;18;23;24 60
9 #edges, tree 69
0 5;6
0 4;8;11;12;16;17;18;23;24
0 9;10;13;14;15;19;20;21;22;27;32;35;36;37;38;45;46;47;50;51;58
1;3 0
4;8;11;12;16;17;18;23;24 25;26;31
4;8;11;12;16;17;18;23;24 42;43;44;48;53;55
4;8;11;12;16;17;18;23;24 28;34;39;40;41;49;54;56
4;8;11;12;16;17;18;23;24 60
9;10;13;14;15;19;20;21;22;27;32;35;36;37;38;45;46;47;50;51;58 2;7
9 #edges, tree 70
0 5;6
0 4;8;11;12;16;17;18;23;24
0 9;10;13;14;15;19;20;21;22;27;32;35;36;37;38;45;46;47;50;51;58
0 60
1;3 0
4;8;11;12;16;17;18;23;24 25;26;31
4;8;11;12;16;17;18;23;24 42;43;44;48;53;55
4;8;11;12;16;17;18;23;24 28;34;39;40;41;49;54;56
9;10;13;14;15;19;20;21;22;27;32;35;36;37;38;45;46;47;50;51;58 2;7
9 #edges, tree 71
0 5;6
0 4;8;11;12;16;17;18;23;24
0 9;10;13;14;15;19;20;21;22;27;32;35;36;37;38;45;46;47;50;51;58
0 60
1;3 0
5;6 2;7
4;8;11;12;16;17;18;23;24 25;26;31
4;8;11;12;16;17;18;23;24 42;43;44;48;53;55
4;8;11;12;16;17;18;23;24 28;34;39;40;41;49;54;56
9 #edges, tree 72
0 5;6
0 4;8;11;12;16;17;18;23;24
0 9;10;13;14;15;19;20;21;22;27;32;35;36;37;38;45;46;47;50;51;58
0 60
1;3 0
4;8;11;12;16;17;18;23;24 25;26;31
4;8;11;12;16;17;18;23;24 42;43;44;48;53;55
4;8;11;12;16;17;18;23;24 28;34;39;40;41;49;54;56
60 2;7
9 #edges, tree 73
0 5;6
0 4;8;11;12;16;17;18;23;24
0 9;10;13;14;15;19;20;21;22;27;32;35;36;37;38;45;46;47;50;51;58
1;3 0
2;7 60
4;8;11;12;16;17;18;23;24 25;26;31
4;8;11;12;16;17;18;23;24 42;43;44;48;53;55
4;8;11;12;16;17;18;23;24 28;34;39;40;41;49;54;56
9;10;13;14;15;19;20;21;22;27;32;35;36;37;38;45;46;47;50;51;58 2;7
9 #edges, tree 74
0 5;6
0 4;8;11;12;16;17;18;23;24
0 9;10;13;14;15;19;20;21;22;27;32;35;36;37;38;45;46;47;50;51;58
1;3 0
5;6 60
4;8;11;12;16;17;18;23;24 25;26;31
4;8;11;12;16;17;18;23;24 42;43;44;48;53;55
4;8;11;12;16;17;18;23;24 28;34;39;40;41;49;54;56
9;10;13;14;15;19;20;21;22;27;32;35;36;37;38;45;46;47;50;51;58 2;7
9 #edges, tree 75
0 5;6
0 4;8;11;12;16;17;18;23;24
0 9;10;13;14;15;19;20;21;22;27;32;35;36;37;38;45;46;47;50;51;58
1;3 0
4;8;11;12;16;17;18;23;24 25;26;31
4;8;11;12;16;17;18;23;24 42;43;44;48;53;55
4;8;11;12;16;17;18;23;24 28;34;39;40;41;49;54;56
9;10;13;14;15;19;20;21;22;27;32;35;36;37;38;45;46;47;50;51;58 2;7
9;10;13;14;15;19;20;21;22;27;32;35;36;37;38;45;46;47;50;51;58 60
9 #edges, tree 76
0 5;6
0 4;8;11;12;16;17;18;23;24
0 9;10;13;14;15;19;20;21;22;27;32;35;36;37;38;45;46;47;50;51;58
1;3 0
5;6 2;7
2;7 60
4;8;11;12;16;17;18;23;24 25;26;31
4;8;11;12;16;17;18;23;24 42;43;44;48;53;55
4;8;11;12;16;17;18;23;24 28;34;39;40;41;49;54;56
9 #edges, tree 77
0 5;6
0 4;8;11;12;16;17;18;23;24
0 9;10;13;14;15;19;20;21;22;27;32;35;36;37;38;45;46;47;50;51;58
1;3 0
5;6 2;7
5;6 60
4;8;11;12;16;17;18;23;24 25;26;31
4;8;11;12;16;17;18;23;24 42;43;44;48;53;55
4;8;11;12;16;17;18;23;24 28;34;39;40;41;49;54;56
9 #edges, tree 78
0 5;6
0 4;8;11;12;16;17;18;23;24
0 9;10;13;14;15;19;20;21;22;27;32;35;36;37;38;45;46;47;50;51;58
1;3 0
5;6 2;7
4;8;11;12;16;17;18;23;24 25;26;31
4;8;11;12;16;17;18;23;24 42;43;44;48;53;55
4;8;11;12;16;17;18;23;24 28;34;39;40;41;49;54;56
9;10;13;14;15;19;20;21;22;27;32;35;36;37;38;45;46;47;50;51;58 60
9 #edges, tree 79
0 5;6
0 4;8;11;12;16;17;18;23;24
0 9;10;13;14;15;19;20;21;22;27;32;35;36;37;38;45;46;47;50;51;58
1;3 0
4;8;11;12;16;17;18;23;24 25;26;31
4;8;11;12;16;17;18;23;24 42;43;44;48;53;55
4;8;11;12;16;17;18;23;24 28;34;39;40;41;49;54;56
9;10;13;14;15;19;20;21;22;27;32;35;36;37;38;45;46;47;50;51;58 60
60 2;7
9 #edges, tree 80
0 5;6
0 4;8;11;12;16;17;18;23;24
0 9;10;13;14;15;19;20;21;22;27;32;35;36;37;38;45;46;47;50;51;58
1;3 0
5;6 60
4;8;11;12;16;17;18;23;24 25;26;31
4;8;11;12;16;17;18;23;24 42;43;44;48;53;55
4;8;11;12;16;17;18;23;24 28;34;39;40;41;49;54;56
60 2;7
9 #edges, tree 81
0 1;3
0 60
1;3 5;6
1;3 4;8;11;12;16;17;18;23;24
1;3 9;10;13;14;15;19;20;21;22;27;32;35;36;37;38;45;46;47;50;51;58
4;8;11;12;16;17;18;23;24 25;26;31
4;8;11;12;16;17;18;23;24 42;43;44;48;53;55
4;8;11;12;16;17;18;23;24 28;34;39;40;41;49;54;56
60 2;7
9 #edges, tree 82
0 1;3
0 60
1;3 5;6
1;3 4;8;11;12;16;17;18;23;24
1;3 9;10;13;14;15;19;20;21;22;27;32;35;36;37;38;45;46;47;50;51;58
4;8;11;12;16;17;18;23;24 25;26;31
4;8;11;12;16;17;18;23;24 42;43;44;48;53;55
4;8;11;12;16;17;18;23;24 28;34;39;40;41;49;54;56
25;26;31 2;7
9 #edges, tree 83
0 1;3
0 60
1;3 5;6
1;3 4;8;11;12;16;17;18;23;24
1;3 9;10;13;14;15;19;20;21;22;27;32;35;36;37;38;45;46;47;50;51;58
4;8;11;12;16;17;18;23;24 25;26;31
4;8;11;12;16;17;18;23;24 42;43;44;48;53;55
4;8;11;12;16;17;18;23;24 28;34;39;40;41;49;54;56
28;34;39;40;41;49;54;56 2;7
9 #edges, tree 84
0 1;3
0 60
1;3 5;6
1;3 4;8;11;12;16;17;18;23;24
1;3 9;10;13;14;15;19;20;21;22;27;32;35;36;37;38;45;46;47;50;51;58
4;8;11;12;16;17;18;23;24 2;7
4;8;11;12;16;17;18;23;24 25;26;31
4;8;11;12;16;17;18;23;24 42;43;44;48;53;55
4;8;11;12;16;17;18;23;24 28;34;39;40;41;49;54;56
9 #edges, tree 85
0 1;3
0 60
1;3 5;6
1;3 4;8;11;12;16;17;18;23;24
1;3 9;10;13;14;15;19;20;21;22;27;32;35;36;37;38;45;46;47;50;51;58
5;6 2;7
4;8;11;12;16;17;18;23;24 25;26;31
4;8;11;12;16;17;18;23;24 42;43;44;48;53;55
4;8;11;12;16;17;18;23;24 28;34;39;40;41;49;54;56
9 #edges, tree 86
0 1;3
0 60
1;3 5;6
1;3 4;8;11;12;16;17;18;23;24
1;3 9;10;13;14;15;19;20;21;22;27;32;35;36;37;38;45;46;47;50;51;58
4;8;11;12;16;17;18;23;24 25;26;31
4;8;11;12;16;17;18;23;24 42;43;44;48;53;55
4;8;11;12;16;17;18;23;24 28;34;39;40;41;49;54;56
42;43;44;48;53;55 2;7
9 #edges, tree 87
0 1;3
0 2;7
0 60
1;3 5;6
1;3 4;8;11;12;16;17;18;23;24
1;3 9;10;13;14;15;19;20;21;22;27;32;35;36;37;38;45;46;47;50;51;58
4;8;11;12;16;17;18;23;24 25;26;31
4;8;11;12;16;17;18;23;24 42;43;44;48;53;55
4;8;11;12;16;17;18;23;24 28;34;39;40;41;49;54;56
9 #edges, tree 88
0 1;3
0 60
1;3 5;6
1;3 2;7
1;3 4;8;11;12;16;17;18;23;24
1;3 9;10;13;14;15;19;20;21;22;27;32;35;36;37;38;45;46;47;50;51;58
4;8;11;12;16;17;18;23;24 25;26;31
4;8;11;12;16;17;18;23;24 42;43;44;48;53;55
4;8;11;12;16;17;18;23;24 28;34;39;40;41;49;54;56
9 #edges, tree 89
0 1;3
0 60
1;3 5;6
1;3 4;8;11;12;16;17;18;23;24
1;3 9;10;13;14;15;19;20;21;22;27;32;35;36;37;38;45;46;47;50;51;58
4;8;11;12;16;17;18;23;24 25;26;31
4;8;11;12;16;17;18;23;24 42;43;44;48;53;55
4;8;11;12;16;17;18;23;24 28;34;39;40;41;49;54;56
9;10;13;14;15;19;20;21;22;27;32;35;36;37;38;45;46;47;50;51;58 2;7
9 #edges, tree 90
0 1;3
0 2;7
1;3 5;6
1;3 4;8;11;12;16;17;18;23;24
1;3 9;10;13;14;15;19;20;21;22;27;32;35;36;37;38;45;46;47;50;51;58
1;3 60
4;8;11;12;16;17;18;23;24 25;26;31
4;8;11;12;16;17;18;23;24 42;43;44;48;53;55
4;8;11;12;16;17;18;23;24 28;34;39;40;41;49;54;56
9 #edges, tree 91
0 1;3
0 2;7
1;3 5;6
1;3 4;8;11;12;16;17;18;23;24
1;3 9;10;13;14;15;19;20;21;22;27;32;35;36;37;38;45;46;47;50;51;58
5;6 60
4;8;11;12;16;17;18;23;24 25;26;31
4;8;11;12;16;17;18;23;24 42;43;44;48;53;55
4;8;11;12;16;17;18;23;24 28;34;39;40;41;49;54;56
9 #edges, tree 92
0 1;3
0 2;7
1;3 5;6
1;3 4;8;11;12;16;17;18;23;24
1;3 9;10;13;14;15;19;20;21;22;27;32;35;36;37;38;45;46;47;50;51;58
2;7 60
4;8;11;12;16;17;18;23;24 25;26;31
4;8;11;12;16;17;18;23;24 42;43;44;48;53;55
4;8;11;12;16;17;18;23;24 28;34;39;40;41;49;54;56
9 #edges, tree 93
0 1;3
0 2;7
1;3 5;6
1;3 4;8;11;12;16;17;18;23;24
1;3 9;10;13;14;15;19;20;21;22;27;32;35;36;37;38;45;46;47;50;51;58
4;8;11;12;16;17;18;23;24 25;26;31
4;8;11;12;16;17;18;23;24 42;43;44;48;53;55
4;8;11;12;16;17;18;23;24 28;34;39;40;41;49;54;56
9;10;13;14;15;19;20;21;22;27;32;35;36;37;38;45;46;47;50;51;58 60
9 #edges, tree 94
0 1;3
0 2;7
1;3 5;6
1;3 4;8;11;12;16;17;18;23;24
1;3 9;10;13;14;15;19;20;21;22;27;32;35;36;37;38;45;46;47;50;51;58
4;8;11;12;16;17;18;23;24 25;26;31
4;8;11;12;16;17;18;23;24 42;43;44;48;53;55
4;8;11;12;16;17;18;23;24 28;34;39;40;41;49;54;56
4;8;11;12;16;17;18;23;24 60
9 #edges, tree 95
0 1;3
0 2;7
1;3 5;6
1;3 4;8;11;12;16;17;18;23;24
1;3 9;10;13;14;15;19;20;21;22;27;32;35;36;37;38;45;46;47;50;51;58
4;8;11;12;16;17;18;23;24 25;26;31
4;8;11;12;16;17;18;23;24 42;43;44;48;53;55
4;8;11;12;16;17;18;23;24 28;34;39;40;41;49;54;56
28;34;39;40;41;49;54;56 60
9 #edges, tree 96
0 1;3
0 2;7
1;3 5;6
1;3 4;8;11;12;16;17;18;23;24
1;3 9;10;13;14;15;19;20;21;22;27;32;35;36;37;38;45;46;47;50;51;58
4;8;11;12;16;17;18;23;24 25;26;31
4;8;11;12;16;17;18;23;24 42;43;44;48;53;55
4;8;11;12;16;17;18;23;24 28;34;39;40;41;49;54;56
25;26;31 60
9 #edges, tree 97
0 1;3
0 2;7
1;3 5;6
1;3 4;8;11;12;16;17;18;23;24
1;3 9;10;13;14;15;19;20;21;22;27;32;35;36;37;38;45;46;47;50;51;58
4;8;11;12;16;17;18;23;24 25;26;31
4;8;11;12;16;17;18;23;24 42;43;44;48;53;55
4;8;11;12;16;17;18;23;24 28;34;39;40;41;49;54;56
42;43;44;48;53;55 60
9 #edges, tree 98
0 1;3
1;3 5;6
1;3 2;7
1;3 4;8;11;12;16;17;18;23;24
1;3 9;10;13;14;15;19;20;21;22;27;32;35;36;37;38;45;46;47;50;51;58
1;3 60
4;8;11;12;16;17;18;23;24 25;26;31
4;8;11;12;16;17;18;23;24 42;43;44;48;53;55
4;8;11;12;16;17;18;23;24 28;34;39;40;41;49;54;56
9 #edges, tree 99
0 1;3
1;3 5;6
1;3 4;8;11;12;16;17;18;23;24
1;3 9;10;13;14;15;19;20;21;22;27;32;35;36;37;38;45;46;47;50;51;58
1;3 60
4;8;11;12;16;17;18;23;24 25;26;31
4;8;11;12;16;17;18;23;24 42;43;44;48;53;55
4;8;11;12;16;17;18;23;24 28;34;39;40;41;49;54;56
60 2;7
9 #edges, tree 100
0 1;3
1;3 5;6
1;3 4;8;11;12;16;17;18;23;24
1;3 9;10;13;14;15;19;20;21;22;27;32;35;36;37;38;45;46;47;50;51;58
1;3 60
5;6 2;7
4;8;11;12;16;17;18;23;24 25;26;31
4;8;11;12;16;17;18;23;24 42;43;44;48;53;55
4;8;11;12;16;17;18;23;24 28;34;39;40;41;49;54;56
9 #edges, tree 101
0 1;3
1;3 5;6
1;3 4;8;11;12;16;17;18;23;24
1;3 9;10;13;14;15;19;20;21;22;27;32;35;36;37;38;45;46;47;50;51;58
1;3 60
4;8;11;12;16;17;18;23;24 2;7
4;8;11;12;16;17;18;23;24 25;26;31
4;8;11;12;16;17;18;23;24 42;43;44;48;53;55
4;8;11;12;16;17;18;23;24 28;34;39;40;41;49;54;56
9 #edges, tree 102
0 1;3
1;3 5;6
1;3 4;8;11;12;16;17;18;23;24
1;3 9;10;13;14;15;19;20;21;22;27;32;35;36;37;38;45;46;47;50;51;58
1;3 60
4;8;11;12;16;17;18;23;24 25;26;31
4;8;11;12;16;17;18;23;24 42;43;44;48;53;55
4;8;11;12;16;17;18;23;24 28;34;39;40;41;49;54;56
28;34;39;40;41;49;54;56 2;7
9 #edges, tree 103
0 1;3
1;3 5;6
1;3 4;8;11;12;16;17;18;23;24
1;3 9;10;13;14;15;19;20;21;22;27;32;35;36;37;38;45;46;47;50;51;58
1;3 60
4;8;11;12;16;17;18;23;24 25;26;31
4;8;11;12;16;17;18;23;24 42;43;44;48;53;55
4;8;11;12;16;17;18;23;24 28;34;39;40;41;49;54;56
25;26;31 2;7
9 #edges, tree 104
0 1;3
1;3 5;6
1;3 4;8;11;12;16;17;18;23;24
1;3 9;10;13;14;15;19;20;21;22;27;32;35;36;37;38;45;46;47;50;51;58
1;3 60
4;8;11;12;16;17;18;23;24 25;26;31
4;8;11;12;16;17;18;23;24 42;43;44;48;53;55
4;8;11;12;16;17;18;23;24 28;34;39;40;41;49;54;56
9;10;13;14;15;19;20;21;22;27;32;35;36;37;38;45;46;47;50;51;58 2;7
9 #edges, tree 105
0 1;3
1;3 5;6
1;3 4;8;11;12;16;17;18;23;24
1;3 9;10;13;14;15;19;20;21;22;27;32;35;36;37;38;45;46;47;50;51;58
1;3 60
4;8;11;12;16;17;18;23;24 25;26;31
4;8;11;12;16;17;18;23;24 42;43;44;48;53;55
4;8;11;12;16;17;18;23;24 28;34;39;40;41;49;54;56
42;43;44;48;53;55 2;7
9 #edges, tree 106
0 1;3
1;3 5;6
1;3 4;8;11;12;16;17;18;23;24
1;3 9;10;13;14;15;19;20;21;22;27;32;35;36;37;38;45;46;47;50;51;58
4;8;11;12;16;17;18;23;24 25;26;31
4;8;11;12;16;17;18;23;24 42;43;44;48;53;55
4;8;11;12;16;17;18;23;24 28;34;39;40;41;49;54;56
42;43;44;48;53;55 60
9;10;13;14;15;19;20;21;22;27;32;35;36;37;38;45;46;47;50;51;58 2;7
9 #edges, tree 107
0 1;3
1;3 5;6
1;3 4;8;11;12;16;17;18;23;24
1;3 9;10;13;14;15;19;20;21;22;27;32;35;36;37;38;45;46;47;50;51;58
4;8;11;12;16;17;18;23;24 25;26;31
4;8;11;12;16;17;18;23;24 42;43;44;48;53;55
4;8;11;12;16;17;18;23;24 28;34;39;40;41;49;54;56
9;10;13;14;15;19;20;21;22;27;32;35;36;37;38;45;46;47;50;51;58 2;7
9;10;13;14;15;19;20;21;22;27;32;35;36;37;38;45;46;47;50;51;58 60
9 #edges, tree 108
0 1;3
1;3 5;6
1;3 4;8;11;12;16;17;18;23;24
1;3 9;10;13;14;15;19;20;21;22;27;32;35;36;37;38;45;46;47;50;51;58
2;7 60
4;8;11;12;16;17;18;23;24 25;26;31
4;8;11;12;16;17;18;23;24 42;43;44;48;53;55
4;8;11;12;16;17;18;23;24 28;34;39;40;41;49;54;56
9;10;13;14;15;19;20;21;22;27;32;35;36;37;38;45;46;47;50;51;58 2;7
9 #edges, tree 109
0 1;3
1;3 5;6
1;3 4;8;11;12;16;17;18;23;24
1;3 9;10;13;14;15;19;20;21;22;27;32;35;36;37;38;45;46;47;50;51;58
4;8;11;12;16;17;18;23;24 25;26;31
4;8;11;12;16;17;18;23;24 42;43;44;48;53;55
4;8;11;12;16;17;18;23;24 28;34;39;40;41;49;54;56
28;34;39;40;41;49;54;56 60
9;10;13;14;15;19;20;21;22;27;32;35;36;37;38;45;46;47;50;51;58 2;7
9 #edges, tree 110
0 1;3
1;3 5;6
1;3 4;8;11;12;16;17;18;23;24
1;3 9;10;13;14;15;19;20;21;22;27;32;35;36;37;38;45;46;47;50;51;58
4;8;11;12;16;17;18;23;24 25;26;31
4;8;11;12;16;17;18;23;24 42;43;44;48;53;55
4;8;11;12;16;17;18;23;24 28;34;39;40;41;49;54;56
25;26;31 60
9;10;13;14;15;19;20;21;22;27;32;35;36;37;38;45;46;47;50;51;58 2;7
9 #edges, tree 111
0 1;3
1;3 5;6
1;3 4;8;11;12;16;17;18;23;24
1;3 9;10;13;14;15;19;20;21;22;27;32;35;36;37;38;45;46;47;50;51;58
4;8;11;12;16;17;18;23;24 25;26;31
4;8;11;12;16;17;18;23;24 42;43;44;48;53;55
4;8;11;12;16;17;18;23;24 28;34;39;40;41;49;54;56
4;8;11;12;16;17;18;23;24 60
9;10;13;14;15;19;20;21;22;27;32;35;36;37;38;45;46;47;50;51;58 2;7
9 #edges, tree 112
0 1;3
1;3 5;6
1;3 4;8;11;12;16;17;18;23;24
1;3 9;10;13;14;15;19;20;21;22;27;32;35;36;37;38;45;46;47;50;51;58
5;6 60
4;8;11;12;16;17;18;23;24 25;26;31
4;8;11;12;16;17;18;23;24 42;43;44;48;53;55
4;8;11;12;16;17;18;23;24 28;34;39;40;41;49;54;56
9;10;13;14;15;19;20;21;22;27;32;35;36;37;38;45;46;47;50;51;58 2;7
9 #edges, tree 113
0 1;3
1;3 5;6
1;3 4;8;11;12;16;17;18;23;24
1;3 9;10;13;14;15;19;20;21;22;27;32;35;36;37;38;45;46;47;50;51;58
4;8;11;12;16;17;18;23;24 25;26;31
4;8;11;12;16;17;18;23;24 42;43;44;48;53;55
4;8;11;12;16;17;18;23;24 28;34;39;40;41;49;54;56
25;26;31 2;7
9;10;13;14;15;19;20;21;22;27;32;35;36;37;38;45;46;47;50;51;58 60
9 #edges, tree 114
0 1;3
1;3 5;6
1;3 2;7
1;3 4;8;11;12;16;17;18;23;24
1;3 9;10;13;14;15;19;20;21;22;27;32;35;36;37;38;45;46;47;50;51;58
4;8;11;12;16;17;18;23;24 25;26;31
4;8;11;12;16;17;18;23;24 42;43;44;48;53;55
4;8;11;12;16;17;18;23;24 28;34;39;40;41;49;54;56
9;10;13;14;15;19;20;21;22;27;32;35;36;37;38;45;46;47;50;51;58 60
9 #edges, tree 115
0 1;3
1;3 5;6
1;3 4;8;11;12;16;17;18;23;24
1;3 9;10;13;14;15;19;20;21;22;27;32;35;36;37;38;45;46;47;50;51;58
5;6 2;7
4;8;11;12;16;17;18;23;24 25;26;31
4;8;11;12;16;17;18;23;24 42;43;44;48;53;55
4;8;11;12;16;17;18;23;24 28;34;39;40;41;49;54;56
9;10;13;14;15;19;20;21;22;27;32;35;36;37;38;45;46;47;50;51;58 60
9 #edges, tree 116
0 1;3
1;3 5;6
1;3 4;8;11;12;16;17;18;23;24
1;3 9;10;13;14;15;19;20;21;22;27;32;35;36;37;38;45;46;47;50;51;58
4;8;11;12;16;17;18;23;24 25;26;31
4;8;11;12;16;17;18;23;24 42;43;44;48;53;55
4;8;11;12;16;17;18;23;24 28;34;39;40;41;49;54;56
42;43;44;48;53;55 2;7
9;10;13;14;15;19;20;21;22;27;32;35;36;37;38;45;46;47;50;51;58 60
9 #edges, tree 117
0 1;3
1;3 5;6
1;3 4;8;11;12;16;17;18;23;24
1;3 9;10;13;14;15;19;20;21;22;27;32;35;36;37;38;45;46;47;50;51;58
4;8;11;12;16;17;18;23;24 2;7
4;8;11;12;16;17;18;23;24 25;26;31
4;8;11;12;16;17;18;23;24 42;43;44;48;53;55
4;8;11;12;16;17;18;23;24 28;34;39;40;41;49;54;56
9;10;13;14;15;19;20;21;22;27;32;35;36;37;38;45;46;47;50;51;58 60
9 #edges, tree 118
0 1;3
1;3 5;6
1;3 4;8;11;12;16;17;18;23;24
1;3 9;10;13;14;15;19;20;21;22;27;32;35;36;37;38;45;46;47;50;51;58
4;8;11;12;16;17;18;23;24 25;26;31
4;8;11;12;16;17;18;23;24 42;43;44;48;53;55
4;8;11;12;16;17;18;23;24 28;34;39;40;41;49;54;56
9;10;13;14;15;19;20;21;22;27;32;35;36;37;38;45;46;47;50;51;58 60
60 2;7
9 #edges, tree 119
0 1;3
1;3 5;6
1;3 4;8;11;12;16;17;18;23;24
1;3 9;10;13;14;15;19;20;21;22;27;32;35;36;37;38;45;46;47;50;51;58
4;8;11;12;16;17;18;23;24 25;26;31
4;8;11;12;16;17;18;23;24 42;43;44;48;53;55
4;8;11;12;16;17;18;23;24 28;34;39;40;41;49;54;56
28;34;39;40;41;49;54;56 2;7
9;10;13;14;15;19;20;21;22;27;32;35;36;37;38;45;46;47;50;51;58 60
9 #edges, tree 120
0 1;3
1;3 5;6
1;3 2;7
1;3 4;8;11;12;16;17;18;23;24
1;3 9;10;13;14;15;19;20;21;22;27;32;35;36;37;38;45;46;47;50;51;58
4;8;11;12;16;17;18;23;24 25;26;31
4;8;11;12;16;17;18;23;24 42;43;44;48;53;55
4;8;11;12;16;17;18;23;24 28;34;39;40;41;49;54;56
4;8;11;12;16;17;18;23;24 60
9 #edges, tree 121
0 1;3
1;3 5;6
1;3 2;7
1;3 4;8;11;12;16;17;18;23;24
1;3 9;10;13;14;15;19;20;21;22;27;32;35;36;37;38;45;46;47;50;51;58
5;6 60
4;8;11;12;16;17;18;23;24 25;26;31
4;8;11;12;16;17;18;23;24 42;43;44;48;53;55
4;8;11;12;16;17;18;23;24 28;34;39;40;41;49;54;56
9 #edges, tree 122
0 1;3
1;3 5;6
1;3 2;7
1;3 4;8;11;12;16;17;18;23;24
1;3 9;10;13;14;15;19;20;21;22;27;32;35;36;37;38;45;46;47;50;51;58
4;8;11;12;16;17;18;23;24 25;26;31
4;8;11;12;16;17;18;23;24 42;43;44;48;53;55
4;8;11;12;16;17;18;23;24 28;34;39;40;41;49;54;56
25;26;31 60
9 #edges, tree 123
0 1;3
1;3 5;6
1;3 2;7
1;3 4;8;11;12;16;17;18;23;24
1;3 9;10;13;14;15;19;20;21;22;27;32;35;36;37;38;45;46;47;50;51;58
4;8;11;12;16;17;18;23;24 25;26;31
4;8;11;12;16;17;18;23;24 42;43;44;48;53;55
4;8;11;12;16;17;18;23;24 28;34;39;40;41;49;54;56
28;34;39;40;41;49;54;56 60
9 #edges, tree 124
0 1;3
1;3 5;6
1;3 2;7
1;3 4;8;11;12;16;17;18;23;24
1;3 9;10;13;14;15;19;20;21;22;27;32;35;36;37;38;45;46;47;50;51;58
2;7 60
4;8;11;12;16;17;18;23;24 25;26;31
4;8;11;12;16;17;18;23;24 42;43;44;48;53;55
4;8;11;12;16;17;18;23;24 28;34;39;40;41;49;54;56
9 #edges, tree 125
0 1;3
1;3 5;6
1;3 2;7
1;3 4;8;11;12;16;17;18;23;24
1;3 9;10;13;14;15;19;20;21;22;27;32;35;36;37;38;45;46;47;50;51;58
4;8;11;12;16;17;18;23;24 25;26;31
4;8;11;12;16;17;18;23;24 42;43;44;48;53;55
4;8;11;12;16;17;18;23;24 28;34;39;40;41;49;54;56
42;43;44;48;53;55 60
9 #edges, tree 126
0 1;3
1;3 5;6
1;3 4;8;11;12;16;17;18;23;24
1;3 9;10;13;14;15;19;20;21;22;27;32;35;36;37;38;45;46;47;50;51;58
4;8;11;12;16;17;18;23;24 2;7
4;8;11;12;16;17;18;23;24 25;26;31
4;8;11;12;16;17;18;23;24 42;43;44;48;53;55
4;8;11;12;16;17;18;23;24 28;34;39;40;41;49;54;56
4;8;11;12;16;17;18;23;24 60
9 #edges, tree 127
0 1;3
1;3 5;6
1;3 4;8;11;12;16;17;18;23;24
1;3 9;10;13;14;15;19;20;21;22;27;32;35;36;37;38;45;46;47;50;51;58
4;8;11;12;16;17;18;23;24 2;7
4;8;11;12;16;17;18;23;24 25;26;31
4;8;11;12;16;17;18;23;24 42;43;44;48;53;55
4;8;11;12;16;17;18;23;24 28;34;39;40;41;49;54;56
25;26;31 60
9 #edges, tree 128
0 1;3
1;3 5;6
1;3 4;8;11;12;16;17;18;23;24
1;3 9;10;13;14;15;19;20;21;22;27;32;35;36;37;38;45;46;47;50;51;58
2;7 60
4;8;11;12;16;17;18;23;24 2;7
4;8;11;12;16;17;18;23;24 25;26;31
4;8;11;12;16;17;18;23;24 42;43;44;48;53;55
4;8;11;12;16;17;18;23;24 28;34;39;40;41;49;54;56
9 #edges, tree 129
4;8;11;12;16;17;18;23;24 28;34;39;40;41;49;54;56
4;8;11;12;16;17;18;23;24 42;43;44;48;53;55
4;8;11;12;16;17;18;23;24 25;26;31
4;8;11;12;16;17;18;23;24 2;7
5;6 60
1;3 9;10;13;14;15;19;20;21;22;27;32;35;36;37;38;45;46;47;50;51;58
1;3 4;8;11;12;16;17;18;23;24
1;3 5;6
0 1;3
9 #edges, tree 130
28;34;39;40;41;49;54;56 60
4;8;11;12;16;17;18;23;24 28;34;39;40;41;49;54;56
4;8;11;12;16;17;18;23;24 42;43;44;48;53;55
4;8;11;12;16;17;18;23;24 25;26;31
4;8;11;12;16;17;18;23;24 2;7
1;3 9;10;13;14;15;19;20;21;22;27;32;35;36;37;38;45;46;47;50;51;58
1;3 4;8;11;12;16;17;18;23;24
1;3 5;6
0 1;3
9 #edges, tree 131
42;43;44;48;53;55 60
4;8;11;12;16;17;18;23;24 28;34;39;40;41;49;54;56
4;8;11;12;16;17;18;23;24 42;43;44;48;53;55
4;8;11;12;16;17;18;23;24 25;26;31
4;8;11;12;16;17;18;23;24 2;7
1;3 9;10;13;14;15;19;20;21;22;27;32;35;36;37;38;45;46;47;50;51;58
1;3 4;8;11;12;16;17;18;23;24
1;3 5;6
0 1;3
9 #edges, tree 132
60 2;7
4;8;11;12;16;17;18;23;24 28;34;39;40;41;49;54;56
4;8;11;12;16;17;18;23;24 42;43;44;48;53;55
4;8;11;12;16;17;18;23;24 25;26;31
5;6 60
1;3 9;10;13;14;15;19;20;21;22;27;32;35;36;37;38;45;46;47;50;51;58
1;3 4;8;11;12;16;17;18;23;24
1;3 5;6
0 1;3
9 #edges, tree 133
4;8;11;12;16;17;18;23;24 28;34;39;40;41;49;54;56
4;8;11;12;16;17;18;23;24 42;43;44;48;53;55
4;8;11;12;16;17;18;23;24 25;26;31
5;6 60
5;6 2;7
1;3 9;10;13;14;15;19;20;21;22;27;32;35;36;37;38;45;46;47;50;51;58
1;3 4;8;11;12;16;17;18;23;24
1;3 5;6
0 1;3
9 #edges, tree 134
28;34;39;40;41;49;54;56 2;7
4;8;11;12;16;17;18;23;24 28;34;39;40;41;49;54;56
4;8;11;12;16;17;18;23;24 42;43;44;48;53;55
4;8;11;12;16;17;18;23;24 25;26;31
5;6 60
1;3 9;10;13;14;15;19;20;21;22;27;32;35;36;37;38;45;46;47;50;51;58
1;3 4;8;11;12;16;17;18;23;24
1;3 5;6
0 1;3
9 #edges, tree 135
42;43;44;48;53;55 2;7
4;8;11;12;16;17;18;23;24 28;34;39;40;41;49;54;56
4;8;11;12;16;17;18;23;24 42;43;44;48;53;55
4;8;11;12;16;17;18;23;24 25;26;31
5;6 60
1;3 9;10;13;14;15;19;20;21;22;27;32;35;36;37;38;45;46;47;50;51;58
1;3 4;8;11;12;16;17;18;23;24
1;3 5;6
0 1;3
9 #edges, tree 136
25;26;31 2;7
4;8;11;12;16;17;18;23;24 28;34;39;40;41;49;54;56
4;8;11;12;16;17;18;23;24 42;43;44;48;53;55
4;8;11;12;16;17;18;23;24 25;26;31
5;6 60
1;3 9;10;13;14;15;19;20;21;22;27;32;35;36;37;38;45;46;47;50;51;58
1;3 4;8;11;12;16;17;18;23;24
1;3 5;6
0 1;3
9 #edges, tree 137
25;26;31 2;7
4;8;11;12;16;17;18;23;24 60
4;8;11;12;16;17;18;23;24 28;34;39;40;41;49;54;56
4;8;11;12;16;17;18;23;24 42;43;44;48;53;55
4;8;11;12;16;17;18;23;24 25;26;31
1;3 9;10;13;14;15;19;20;21;22;27;32;35;36;37;38;45;46;47;50;51;58
1;3 4;8;11;12;16;17;18;23;24
1;3 5;6
0 1;3
9 #edges, tree 138
28;34;39;40;41;49;54;56 2;7
4;8;11;12;16;17;18;23;24 60
4;8;11;12;16;17;18;23;24 28;34;39;40;41;49;54;56
4;8;11;12;16;17;18;23;24 42;43;44;48;53;55
4;8;11;12;16;17;18;23;24 25;26;31
1;3 9;10;13;14;15;19;20;21;22;27;32;35;36;37;38;45;46;47;50;51;58
1;3 4;8;11;12;16;17;18;23;24
1;3 5;6
0 1;3
9 #edges, tree 139
4;8;11;12;16;17;18;23;24 60
4;8;11;12;16;17;18;23;24 28;34;39;40;41;49;54;56
4;8;11;12;16;17;18;23;24 42;43;44;48;53;55
4;8;11;12;16;17;18;23;24 25;26;31
5;6 2;7
1;3 9;10;13;14;15;19;20;21;22;27;32;35;36;37;38;45;46;47;50;51;58
1;3 4;8;11;12;16;17;18;23;24
1;3 5;6
0 1;3
9 #edges, tree 140
42;43;44;48;53;55 2;7
4;8;11;12;16;17;18;23;24 60
4;8;11;12;16;17;18;23;24 28;34;39;40;41;49;54;56
4;8;11;12;16;17;18;23;24 42;43;44;48;53;55
4;8;11;12;16;17;18;23;24 25;26;31
1;3 9;10;13;14;15;19;20;21;22;27;32;35;36;37;38;45;46;47;50;51;58
1;3 4;8;11;12;16;17;18;23;24
1;3 5;6
0 1;3
9 #edges, tree 141
60 2;7
4;8;11;12;16;17;18;23;24 60
4;8;11;12;16;17;18;23;24 28;34;39;40;41;49;54;56
4;8;11;12;16;17;18;23;24 42;43;44;48;53;55
4;8;11;12;16;17;18;23;24 25;26;31
1;3 9;10;13;14;15;19;20;21;22;27;32;35;36;37;38;45;46;47;50;51;58
1;3 4;8;11;12;16;17;18;23;24
1;3 5;6
0 1;3
9 #edges, tree 142
4;8;11;12;16;17;18;23;24 28;34;39;40;41;49;54;56
4;8;11;12;16;17;18;23;24 42;43;44;48;53;55
4;8;11;12;16;17;18;23;24 25;26;31
2;7 60
5;6 2;7
1;3 9;10;13;14;15;19;20;21;22;27;32;35;36;37;38;45;46;47;50;51;58
1;3 4;8;11;12;16;17;18;23;24
1;3 5;6
0 1;3
9 #edges, tree 143
25;26;31 60
4;8;11;12;16;17;18;23;24 28;34;39;40;41;49;54;56
4;8;11;12;16;17;18;23;24 42;43;44;48;53;55
4;8;11;12;16;17;18;23;24 25;26;31
5;6 2;7
1;3 9;10;13;14;15;19;20;21;22;27;32;35;36;37;38;45;46;47;50;51;58
1;3 4;8;11;12;16;17;18;23;24
1;3 5;6
0 1;3
9 #edges, tree 144
28;34;39;40;41;49;54;56 60
4;8;11;12;16;17;18;23;24 28;34;39;40;41;49;54;56
4;8;11;12;16;17;18;23;24 42;43;44;48;53;55
4;8;11;12;16;17;18;23;24 25;26;31
5;6 2;7
1;3 9;10;13;14;15;19;20;21;22;27;32;35;36;37;38;45;46;47;50;51;58
1;3 4;8;11;12;16;17;18;23;24
1;3 5;6
0 1;3
9 #edges, tree 145
42;43;44;48;53;55 60
4;8;11;12;16;17;18;23;24 28;34;39;40;41;49;54;56
4;8;11;12;16;17;18;23;24 42;43;44;48;53;55
4;8;11;12;16;17;18;23;24 25;26;31
5;6 2;7
1;3 9;10;13;14;15;19;20;21;22;27;32;35;36;37;38;45;46;47;50;51;58
1;3 4;8;11;12;16;17;18;23;24
1;3 5;6
0 1;3
9 #edges, tree 146
25;26;31 60
25;26;31 2;7
4;8;11;12;16;17;18;23;24 28;34;39;40;41;49;54;56
4;8;11;12;16;17;18;23;24 42;43;44;48;53;55
4;8;11;12;16;17;18;23;24 25;26;31
1;3 9;10;13;14;15;19;20;21;22;27;32;35;36;37;38;45;46;47;50;51;58
1;3 4;8;11;12;16;17;18;23;24
1;3 5;6
0 1;3
9 #edges, tree 147
25;26;31 2;7
4;8;11;12;16;17;18;23;24 28;34;39;40;41;49;54;56
4;8;11;12;16;17;18;23;24 42;43;44;48;53;55
4;8;11;12;16;17;18;23;24 25;26;31
2;7 60
1;3 9;10;13;14;15;19;20;21;22;27;32;35;36;37;38;45;46;47;50;51;58
1;3 4;8;11;12;16;17;18;23;24
1;3 5;6
0 1;3
9 #edges, tree 148
42;43;44;48;53;55 60
25;26;31 2;7
4;8;11;12;16;17;18;23;24 28;34;39;40;41;49;54;56
4;8;11;12;16;17;18;23;24 42;43;44;48;53;55
4;8;11;12;16;17;18;23;24 25;26;31
1;3 9;10;13;14;15;19;20;21;22;27;32;35;36;37;38;45;46;47;50;51;58
1;3 4;8;11;12;16;17;18;23;24
1;3 5;6
0 1;3
9 #edges, tree 149
28;34;39;40;41;49;54;56 60
25;26;31 2;7
4;8;11;12;16;17;18;23;24 28;34;39;40;41;49;54;56
4;8;11;12;16;17;18;23;24 42;43;44;48;53;55
4;8;11;12;16;17;18;23;24 25;26;31
1;3 9;10;13;14;15;19;20;21;22;27;32;35;36;37;38;45;46;47;50;51;58
1;3 4;8;11;12;16;17;18;23;24
1;3 5;6
0 1;3
9 #edges, tree 150
42;43;44;48;53;55 2;7
25;26;31 60
4;8;11;12;16;17;18;23;24 28;34;39;40;41;49;54;56
4;8;11;12;16;17;18;23;24 42;43;44;48;53;55
4;8;11;12;16;17;18;23;24 25;26;31
1;3 9;10;13;14;15;19;20;21;22;27;32;35;36;37;38;45;46;47;50;51;58
1;3 4;8;11;12;16;17;18;23;24
1;3 5;6
0 1;3
9 #edges, tree 151
60 2;7
25;26;31 60
4;8;11;12;16;17;18;23;24 28;34;39;40;41;49;54;56
4;8;11;12;16;17;18;23;24 42;43;44;48;53;55
4;8;11;12;16;17;18;23;24 25;26;31
1;3 9;10;13;14;15;19;20;21;22;27;32;35;36;37;38;45;46;47;50;51;58
1;3 4;8;11;12;16;17;18;23;24
1;3 5;6
0 1;3
9 #edges, tree 152
28;34;39;40;41;49;54;56 2;7
25;26;31 60
4;8;11;12;16;17;18;23;24 28;34;39;40;41;49;54;56
4;8;11;12;16;17;18;23;24 42;43;44;48;53;55
4;8;11;12;16;17;18;23;24 25;26;31
1;3 9;10;13;14;15;19;20;21;22;27;32;35;36;37;38;45;46;47;50;51;58
1;3 4;8;11;12;16;17;18;23;24
1;3 5;6
0 1;3
9 #edges, tree 153
28;34;39;40;41;49;54;56 60
28;34;39;40;41;49;54;56 2;7
4;8;11;12;16;17;18;23;24 28;34;39;40;41;49;54;56
4;8;11;12;16;17;18;23;24 42;43;44;48;53;55
4;8;11;12;16;17;18;23;24 25;26;31
1;3 9;10;13;14;15;19;20;21;22;27;32;35;36;37;38;45;46;47;50;51;58
1;3 4;8;11;12;16;17;18;23;24
1;3 5;6
0 1;3
9 #edges, tree 154
28;34;39;40;41;49;54;56 2;7
4;8;11;12;16;17;18;23;24 28;34;39;40;41;49;54;56
4;8;11;12;16;17;18;23;24 42;43;44;48;53;55
4;8;11;12;16;17;18;23;24 25;26;31
2;7 60
1;3 9;10;13;14;15;19;20;21;22;27;32;35;36;37;38;45;46;47;50;51;58
1;3 4;8;11;12;16;17;18;23;24
1;3 5;6
0 1;3
9 #edges, tree 155
28;34;39;40;41;49;54;56 2;7
42;43;44;48;53;55 60
4;8;11;12;16;17;18;23;24 28;34;39;40;41;49;54;56
4;8;11;12;16;17;18;23;24 42;43;44;48;53;55
4;8;11;12;16;17;18;23;24 25;26;31
1;3 9;10;13;14;15;19;20;21;22;27;32;35;36;37;38;45;46;47;50;51;58
1;3 4;8;11;12;16;17;18;23;24
1;3 5;6
0 1;3
9 #edges, tree 156
60 2;7
28;34;39;40;41;49;54;56 60
4;8;11;12;16;17;18;23;24 28;34;39;40;41;49;54;56
4;8;11;12;16;17;18;23;24 42;43;44;48;53;55
4;8;11;12;16;17;18;23;24 25;26;31
1;3 9;10;13;14;15;19;20;21;22;27;32;35;36;37;38;45;46;47;50;51;58
1;3 4;8;11;12;16;17;18;23;24
1;3 5;6
0 1;3
9 #edges, tree 157
28;34;39;40;41;49;54;56 60
42;43;44;48;53;55 2;7
4;8;11;12;16;17;18;23;24 28;34;39;40;41;49;54;56
4;8;11;12;16;17;18;23;24 42;43;44;48;53;55
4;8;11;12;16;17;18;23;24 25;26;31
1;3 9;10;13;14;15;19;20;21;22;27;32;35;36;37;38;45;46;47;50;51;58
1;3 4;8;11;12;16;17;18;23;24
1;3 5;6
0 1;3
9 #edges, tree 158
42;43;44;48;53;55 60
42;43;44;48;53;55 2;7
4;8;11;12;16;17;18;23;24 28;34;39;40;41;49;54;56
4;8;11;12;16;17;18;23;24 42;43;44;48;53;55
4;8;11;12;16;17;18;23;24 25;26;31
1;3 9;10;13;14;15;19;20;21;22;27;32;35;36;37;38;45;46;47;50;51;58
1;3 4;8;11;12;16;17;18;23;24
1;3 5;6
0 1;3
9 #edges, tree 159
42;43;44;48;53;55 2;7
4;8;11;12;16;17;18;23;24 28;34;39;40;41;49;54;56
4;8;11;12;16;17;18;23;24 42;43;44;48;53;55
4;8;11;12;16;17;18;23;24 25;26;31
2;7 60
1;3 9;10;13;14;15;19;20;21;22;27;32;35;36;37;38;45;46;47;50;51;58
1;3 4;8;11;12;16;17;18;23;24
1;3 5;6
0 1;3
9 #edges, tree 160
60 2;7
42;43;44;48;53;55 60
4;8;11;12;16;17;18;23;24 28;34;39;40;41;49;54;56
4;8;11;12;16;17;18;23;24 42;43;44;48;53;55
4;8;11;12;16;17;18;23;24 25;26;31
1;3 9;10;13;14;15;19;20;21;22;27;32;35;36;37;38;45;46;47;50;51;58
1;3 4;8;11;12;16;17;18;23;24
1;3 5;6
0 1;3
