# 9 out of 9 mutations
4 #trees
8 #edges, tree 1
2;3;4;8;9;10;12;16;26;28 33;39
1 15;20;22;23;41;45;46;47;49
1 14;17;19;24;40;42;43
0 52
0 5;13;25;27;29;36
0 6;7;11;18;21;30
0 2;3;4;8;9;10;12;16;26;28
0 1
8 #edges, tree 2
0 1
0 2;3;4;8;9;10;12;16;26;28
0 6;7;11;18;21;30
0 5;13;25;27;29;36
0 14;17;19;24;40;42;43
0 52
1 15;20;22;23;41;45;46;47;49
2;3;4;8;9;10;12;16;26;28 33;39
8 #edges, tree 3
5;13;25;27;29;36 52
2;3;4;8;9;10;12;16;26;28 33;39
1 15;20;22;23;41;45;46;47;49
0 14;17;19;24;40;42;43
0 5;13;25;27;29;36
0 6;7;11;18;21;30
0 2;3;4;8;9;10;12;16;26;28
0 1
8 #edges, tree 4
5;13;25;27;29;36 52
2;3;4;8;9;10;12;16;26;28 33;39
1 15;20;22;23;41;45;46;47;49
1 14;17;19;24;40;42;43
0 5;13;25;27;29;36
0 6;7;11;18;21;30
0 2;3;4;8;9;10;12;16;26;28
0 1
