# 10 out of 10 mutations
160 #trees
9 #edges, tree 1
6;7;9;11;12;13;14;15 20;23;24
6;7;9;11;12;13;14;15 22
8;10 17
8;10 1
2 6;7;9;11;12;13;14;15
0 31
0 8;10
0 3
0 2
9 #edges, tree 2
0 2
0 3
0 8;10
0 31
1 17
2 6;7;9;11;12;13;14;15
8;10 1
6;7;9;11;12;13;14;15 22
6;7;9;11;12;13;14;15 20;23;24
9 #edges, tree 3
6;7;9;11;12;13;14;15 20;23;24
6;7;9;11;12;13;14;15 22
8;10 17
2 6;7;9;11;12;13;14;15
1 8;10
0 31
0 3
0 2
0 1
9 #edges, tree 4
6;7;9;11;12;13;14;15 20;23;24
6;7;9;11;12;13;14;15 22
8;10 17
8;10 1
2 31
2 6;7;9;11;12;13;14;15
0 8;10
0 3
0 2
9 #edges, tree 5
0 2
0 3
0 8;10
2 6;7;9;11;12;13;14;15
3 31
8;10 1
8;10 17
6;7;9;11;12;13;14;15 22
6;7;9;11;12;13;14;15 20;23;24
9 #edges, tree 6
0 2
0 3
0 8;10
2 6;7;9;11;12;13;14;15
8;10 1
8;10 17
6;7;9;11;12;13;14;15 22
6;7;9;11;12;13;14;15 20;23;24
6;7;9;11;12;13;14;15 31
9 #edges, tree 7
0 2
0 3
0 8;10
2 6;7;9;11;12;13;14;15
8;10 1
8;10 17
6;7;9;11;12;13;14;15 22
6;7;9;11;12;13;14;15 20;23;24
22 31
9 #edges, tree 8
0 2
0 3
0 8;10
2 6;7;9;11;12;13;14;15
8;10 1
8;10 17
6;7;9;11;12;13;14;15 22
6;7;9;11;12;13;14;15 20;23;24
20;23;24 31
9 #edges, tree 9
6;7;9;11;12;13;14;15 20;23;24
6;7;9;11;12;13;14;15 22
8;10 1
2 31
2 6;7;9;11;12;13;14;15
1 17
0 8;10
0 3
0 2
9 #edges, tree 10
6;7;9;11;12;13;14;15 20;23;24
6;7;9;11;12;13;14;15 22
8;10 1
3 31
2 6;7;9;11;12;13;14;15
1 17
0 8;10
0 3
0 2
9 #edges, tree 11
20;23;24 31
6;7;9;11;12;13;14;15 20;23;24
6;7;9;11;12;13;14;15 22
8;10 1
2 6;7;9;11;12;13;14;15
1 17
0 8;10
0 3
0 2
9 #edges, tree 12
6;7;9;11;12;13;14;15 31
6;7;9;11;12;13;14;15 20;23;24
6;7;9;11;12;13;14;15 22
8;10 1
2 6;7;9;11;12;13;14;15
1 17
0 8;10
0 3
0 2
9 #edges, tree 13
22 31
6;7;9;11;12;13;14;15 20;23;24
6;7;9;11;12;13;14;15 22
8;10 1
2 6;7;9;11;12;13;14;15
1 17
0 8;10
0 3
0 2
9 #edges, tree 14
6;7;9;11;12;13;14;15 20;23;24
6;7;9;11;12;13;14;15 22
8;10 17
3 31
2 6;7;9;11;12;13;14;15
1 8;10
0 3
0 2
0 1
9 #edges, tree 15
6;7;9;11;12;13;14;15 20;23;24
6;7;9;11;12;13;14;15 22
8;10 17
2 31
2 6;7;9;11;12;13;14;15
1 8;10
0 3
0 2
0 1
9 #edges, tree 16
6;7;9;11;12;13;14;15 20;23;24
6;7;9;11;12;13;14;15 22
8;10 17
2 6;7;9;11;12;13;14;15
1 31
1 8;10
0 3
0 2
0 1
9 #edges, tree 17
0 1
0 2
0 3
1 8;10
2 6;7;9;11;12;13;14;15
8;10 17
6;7;9;11;12;13;14;15 22
6;7;9;11;12;13;14;15 20;23;24
6;7;9;11;12;13;14;15 31
9 #edges, tree 18
0 1
0 2
0 3
1 8;10
2 6;7;9;11;12;13;14;15
8;10 17
6;7;9;11;12;13;14;15 22
6;7;9;11;12;13;14;15 20;23;24
22 31
9 #edges, tree 19
0 1
0 2
0 3
1 8;10
2 6;7;9;11;12;13;14;15
8;10 17
6;7;9;11;12;13;14;15 22
6;7;9;11;12;13;14;15 20;23;24
20;23;24 31
9 #edges, tree 20
0 1
0 2
0 31
1 8;10
2 3
2 6;7;9;11;12;13;14;15
8;10 17
6;7;9;11;12;13;14;15 22
6;7;9;11;12;13;14;15 20;23;24
9 #edges, tree 21
0 2
0 8;10
0 31
2 3
2 6;7;9;11;12;13;14;15
8;10 1
8;10 17
6;7;9;11;12;13;14;15 22
6;7;9;11;12;13;14;15 20;23;24
9 #edges, tree 22
0 2
0 8;10
0 31
1 17
2 3
2 6;7;9;11;12;13;14;15
8;10 1
6;7;9;11;12;13;14;15 22
6;7;9;11;12;13;14;15 20;23;24
9 #edges, tree 23
0 2
0 8;10
0 31
2 6;7;9;11;12;13;14;15
8;10 1
8;10 17
6;7;9;11;12;13;14;15 3
6;7;9;11;12;13;14;15 22
6;7;9;11;12;13;14;15 20;23;24
9 #edges, tree 24
0 2
0 8;10
0 31
1 17
2 6;7;9;11;12;13;14;15
8;10 1
6;7;9;11;12;13;14;15 3
6;7;9;11;12;13;14;15 22
6;7;9;11;12;13;14;15 20;23;24
9 #edges, tree 25
0 1
0 2
0 31
1 8;10
2 6;7;9;11;12;13;14;15
8;10 17
6;7;9;11;12;13;14;15 3
6;7;9;11;12;13;14;15 22
6;7;9;11;12;13;14;15 20;23;24
9 #edges, tree 26
0 1
0 2
0 31
1 8;10
2 6;7;9;11;12;13;14;15
8;10 17
6;7;9;11;12;13;14;15 22
6;7;9;11;12;13;14;15 20;23;24
31 3
9 #edges, tree 27
0 2
0 8;10
0 31
2 6;7;9;11;12;13;14;15
8;10 1
8;10 17
6;7;9;11;12;13;14;15 22
6;7;9;11;12;13;14;15 20;23;24
31 3
9 #edges, tree 28
0 2
0 8;10
0 31
1 17
2 6;7;9;11;12;13;14;15
8;10 1
6;7;9;11;12;13;14;15 22
6;7;9;11;12;13;14;15 20;23;24
31 3
9 #edges, tree 29
0 1
0 2
0 31
1 8;10
2 6;7;9;11;12;13;14;15
8;10 17
6;7;9;11;12;13;14;15 22
6;7;9;11;12;13;14;15 20;23;24
22 3
9 #edges, tree 30
0 2
0 8;10
0 31
1 17
2 6;7;9;11;12;13;14;15
8;10 1
6;7;9;11;12;13;14;15 22
6;7;9;11;12;13;14;15 20;23;24
22 3
9 #edges, tree 31
0 2
0 8;10
0 31
2 6;7;9;11;12;13;14;15
8;10 1
8;10 17
6;7;9;11;12;13;14;15 22
6;7;9;11;12;13;14;15 20;23;24
22 3
9 #edges, tree 32
0 2
0 8;10
0 31
2 6;7;9;11;12;13;14;15
8;10 1
8;10 3
8;10 17
6;7;9;11;12;13;14;15 22
6;7;9;11;12;13;14;15 20;23;24
9 #edges, tree 33
17 3
6;7;9;11;12;13;14;15 20;23;24
6;7;9;11;12;13;14;15 22
8;10 17
8;10 1
2 6;7;9;11;12;13;14;15
0 31
0 8;10
0 2
9 #edges, tree 34
20;23;24 3
6;7;9;11;12;13;14;15 20;23;24
6;7;9;11;12;13;14;15 22
8;10 17
8;10 1
2 6;7;9;11;12;13;14;15
0 31
0 8;10
0 2
9 #edges, tree 35
6;7;9;11;12;13;14;15 20;23;24
6;7;9;11;12;13;14;15 22
8;10 17
8;10 1
2 6;7;9;11;12;13;14;15
1 3
0 31
0 8;10
0 2
9 #edges, tree 36
6;7;9;11;12;13;14;15 20;23;24
6;7;9;11;12;13;14;15 22
8;10 3
8;10 1
2 6;7;9;11;12;13;14;15
1 17
0 31
0 8;10
0 2
9 #edges, tree 37
20;23;24 3
6;7;9;11;12;13;14;15 20;23;24
6;7;9;11;12;13;14;15 22
8;10 1
2 6;7;9;11;12;13;14;15
1 17
0 31
0 8;10
0 2
9 #edges, tree 38
6;7;9;11;12;13;14;15 20;23;24
6;7;9;11;12;13;14;15 22
8;10 1
2 6;7;9;11;12;13;14;15
1 17
1 3
0 31
0 8;10
0 2
9 #edges, tree 39
17 3
6;7;9;11;12;13;14;15 20;23;24
6;7;9;11;12;13;14;15 22
8;10 1
2 6;7;9;11;12;13;14;15
1 17
0 31
0 8;10
0 2
9 #edges, tree 40
20;23;24 3
6;7;9;11;12;13;14;15 20;23;24
6;7;9;11;12;13;14;15 22
8;10 17
2 6;7;9;11;12;13;14;15
1 8;10
0 31
0 2
0 1
9 #edges, tree 41
6;7;9;11;12;13;14;15 20;23;24
6;7;9;11;12;13;14;15 22
8;10 17
2 6;7;9;11;12;13;14;15
1 8;10
1 3
0 31
0 2
0 1
9 #edges, tree 42
6;7;9;11;12;13;14;15 20;23;24
6;7;9;11;12;13;14;15 22
8;10 17
8;10 3
2 6;7;9;11;12;13;14;15
1 8;10
0 31
0 2
0 1
9 #edges, tree 43
17 3
6;7;9;11;12;13;14;15 20;23;24
6;7;9;11;12;13;14;15 22
8;10 17
2 6;7;9;11;12;13;14;15
1 8;10
0 31
0 2
0 1
9 #edges, tree 44
6;7;9;11;12;13;14;15 20;23;24
6;7;9;11;12;13;14;15 22
8;10 17
8;10 3
2 6;7;9;11;12;13;14;15
1 31
1 8;10
0 2
0 1
9 #edges, tree 45
6;7;9;11;12;13;14;15 20;23;24
6;7;9;11;12;13;14;15 22
8;10 17
2 6;7;9;11;12;13;14;15
1 31
1 8;10
1 3
0 2
0 1
9 #edges, tree 46
31 3
6;7;9;11;12;13;14;15 20;23;24
6;7;9;11;12;13;14;15 22
8;10 17
2 6;7;9;11;12;13;14;15
1 31
1 8;10
0 2
0 1
9 #edges, tree 47
6;7;9;11;12;13;14;15 20;23;24
6;7;9;11;12;13;14;15 22
8;10 17
2 6;7;9;11;12;13;14;15
2 3
1 31
1 8;10
0 2
0 1
9 #edges, tree 48
22 3
6;7;9;11;12;13;14;15 20;23;24
6;7;9;11;12;13;14;15 22
8;10 17
2 6;7;9;11;12;13;14;15
1 31
1 8;10
0 2
0 1
9 #edges, tree 49
20;23;24 3
6;7;9;11;12;13;14;15 20;23;24
6;7;9;11;12;13;14;15 22
8;10 17
2 6;7;9;11;12;13;14;15
1 31
1 8;10
0 2
0 1
9 #edges, tree 50
6;7;9;11;12;13;14;15 20;23;24
6;7;9;11;12;13;14;15 22
6;7;9;11;12;13;14;15 3
8;10 17
2 6;7;9;11;12;13;14;15
1 31
1 8;10
0 2
0 1
9 #edges, tree 51
17 3
6;7;9;11;12;13;14;15 20;23;24
6;7;9;11;12;13;14;15 22
8;10 17
2 6;7;9;11;12;13;14;15
1 31
1 8;10
0 2
0 1
9 #edges, tree 52
6;7;9;11;12;13;14;15 20;23;24
6;7;9;11;12;13;14;15 22
8;10 17
2 31
2 6;7;9;11;12;13;14;15
2 3
1 8;10
0 2
0 1
9 #edges, tree 53
20;23;24 31
6;7;9;11;12;13;14;15 20;23;24
6;7;9;11;12;13;14;15 22
8;10 17
2 6;7;9;11;12;13;14;15
2 3
1 8;10
0 2
0 1
9 #edges, tree 54
6;7;9;11;12;13;14;15 20;23;24
6;7;9;11;12;13;14;15 22
8;10 17
3 31
2 6;7;9;11;12;13;14;15
2 3
1 8;10
0 2
0 1
9 #edges, tree 55
6;7;9;11;12;13;14;15 31
6;7;9;11;12;13;14;15 20;23;24
6;7;9;11;12;13;14;15 22
8;10 17
2 6;7;9;11;12;13;14;15
2 3
1 8;10
0 2
0 1
9 #edges, tree 56
22 31
6;7;9;11;12;13;14;15 20;23;24
6;7;9;11;12;13;14;15 22
8;10 17
2 6;7;9;11;12;13;14;15
2 3
1 8;10
0 2
0 1
9 #edges, tree 57
6;7;9;11;12;13;14;15 20;23;24
6;7;9;11;12;13;14;15 22
8;10 17
3 31
2 6;7;9;11;12;13;14;15
1 8;10
1 3
0 2
0 1
9 #edges, tree 58
6;7;9;11;12;13;14;15 31
6;7;9;11;12;13;14;15 20;23;24
6;7;9;11;12;13;14;15 22
8;10 17
2 6;7;9;11;12;13;14;15
1 8;10
1 3
0 2
0 1
9 #edges, tree 59
6;7;9;11;12;13;14;15 20;23;24
6;7;9;11;12;13;14;15 22
8;10 17
2 31
2 6;7;9;11;12;13;14;15
1 8;10
1 3
0 2
0 1
9 #edges, tree 60
22 31
6;7;9;11;12;13;14;15 20;23;24
6;7;9;11;12;13;14;15 22
8;10 17
2 6;7;9;11;12;13;14;15
1 8;10
1 3
0 2
0 1
9 #edges, tree 61
20;23;24 31
6;7;9;11;12;13;14;15 20;23;24
6;7;9;11;12;13;14;15 22
8;10 17
2 6;7;9;11;12;13;14;15
1 8;10
1 3
0 2
0 1
9 #edges, tree 62
6;7;9;11;12;13;14;15 20;23;24
6;7;9;11;12;13;14;15 22
8;10 17
8;10 3
2 31
2 6;7;9;11;12;13;14;15
1 8;10
0 2
0 1
9 #edges, tree 63
17 3
6;7;9;11;12;13;14;15 20;23;24
6;7;9;11;12;13;14;15 22
8;10 17
2 31
2 6;7;9;11;12;13;14;15
1 8;10
0 2
0 1
9 #edges, tree 64
22 3
6;7;9;11;12;13;14;15 20;23;24
6;7;9;11;12;13;14;15 22
8;10 17
2 31
2 6;7;9;11;12;13;14;15
1 8;10
0 2
0 1
9 #edges, tree 65
0 1
0 2
1 8;10
2 6;7;9;11;12;13;14;15
2 31
8;10 17
6;7;9;11;12;13;14;15 22
6;7;9;11;12;13;14;15 20;23;24
20;23;24 3
9 #edges, tree 66
0 1
0 2
1 8;10
2 6;7;9;11;12;13;14;15
2 31
8;10 17
6;7;9;11;12;13;14;15 22
6;7;9;11;12;13;14;15 20;23;24
31 3
9 #edges, tree 67
0 1
0 2
1 8;10
2 6;7;9;11;12;13;14;15
2 31
8;10 17
6;7;9;11;12;13;14;15 3
6;7;9;11;12;13;14;15 22
6;7;9;11;12;13;14;15 20;23;24
9 #edges, tree 68
0 1
0 2
1 8;10
2 6;7;9;11;12;13;14;15
8;10 17
6;7;9;11;12;13;14;15 22
6;7;9;11;12;13;14;15 20;23;24
6;7;9;11;12;13;14;15 31
17 3
9 #edges, tree 69
0 1
0 2
1 8;10
2 6;7;9;11;12;13;14;15
8;10 17
6;7;9;11;12;13;14;15 22
6;7;9;11;12;13;14;15 20;23;24
17 3
22 31
9 #edges, tree 70
0 1
0 2
1 8;10
2 6;7;9;11;12;13;14;15
8;10 17
6;7;9;11;12;13;14;15 22
6;7;9;11;12;13;14;15 20;23;24
17 3
20;23;24 31
9 #edges, tree 71
0 1
0 2
1 8;10
2 6;7;9;11;12;13;14;15
8;10 3
8;10 17
6;7;9;11;12;13;14;15 22
6;7;9;11;12;13;14;15 20;23;24
22 31
9 #edges, tree 72
0 1
0 2
1 8;10
2 6;7;9;11;12;13;14;15
8;10 17
6;7;9;11;12;13;14;15 22
6;7;9;11;12;13;14;15 20;23;24
22 31
31 3
9 #edges, tree 73
0 1
0 2
1 8;10
2 6;7;9;11;12;13;14;15
8;10 17
6;7;9;11;12;13;14;15 3
6;7;9;11;12;13;14;15 22
6;7;9;11;12;13;14;15 20;23;24
22 31
9 #edges, tree 74
0 1
0 2
1 8;10
2 6;7;9;11;12;13;14;15
8;10 17
6;7;9;11;12;13;14;15 22
6;7;9;11;12;13;14;15 20;23;24
22 31
20;23;24 3
9 #edges, tree 75
0 1
0 2
1 8;10
2 6;7;9;11;12;13;14;15
8;10 17
6;7;9;11;12;13;14;15 22
6;7;9;11;12;13;14;15 20;23;24
22 3
22 31
9 #edges, tree 76
0 1
0 2
1 8;10
2 6;7;9;11;12;13;14;15
8;10 3
8;10 17
6;7;9;11;12;13;14;15 22
6;7;9;11;12;13;14;15 20;23;24
20;23;24 31
9 #edges, tree 77
0 1
0 2
1 8;10
2 6;7;9;11;12;13;14;15
8;10 3
8;10 17
6;7;9;11;12;13;14;15 22
6;7;9;11;12;13;14;15 20;23;24
6;7;9;11;12;13;14;15 31
9 #edges, tree 78
0 1
0 2
1 8;10
2 6;7;9;11;12;13;14;15
8;10 17
6;7;9;11;12;13;14;15 22
6;7;9;11;12;13;14;15 20;23;24
6;7;9;11;12;13;14;15 31
31 3
9 #edges, tree 79
0 1
0 2
1 8;10
2 6;7;9;11;12;13;14;15
8;10 17
6;7;9;11;12;13;14;15 3
6;7;9;11;12;13;14;15 22
6;7;9;11;12;13;14;15 20;23;24
6;7;9;11;12;13;14;15 31
9 #edges, tree 80
0 1
0 2
1 8;10
2 6;7;9;11;12;13;14;15
8;10 17
6;7;9;11;12;13;14;15 22
6;7;9;11;12;13;14;15 20;23;24
6;7;9;11;12;13;14;15 31
20;23;24 3
9 #edges, tree 81
0 1
0 2
1 8;10
2 6;7;9;11;12;13;14;15
8;10 17
6;7;9;11;12;13;14;15 22
6;7;9;11;12;13;14;15 20;23;24
6;7;9;11;12;13;14;15 31
22 3
9 #edges, tree 82
0 1
0 2
1 8;10
2 6;7;9;11;12;13;14;15
3 31
8;10 17
6;7;9;11;12;13;14;15 3
6;7;9;11;12;13;14;15 22
6;7;9;11;12;13;14;15 20;23;24
9 #edges, tree 83
0 1
0 2
1 8;10
2 6;7;9;11;12;13;14;15
8;10 17
6;7;9;11;12;13;14;15 3
6;7;9;11;12;13;14;15 22
6;7;9;11;12;13;14;15 20;23;24
20;23;24 31
9 #edges, tree 84
0 1
0 2
1 8;10
2 6;7;9;11;12;13;14;15
8;10 17
6;7;9;11;12;13;14;15 22
6;7;9;11;12;13;14;15 20;23;24
20;23;24 3
20;23;24 31
9 #edges, tree 85
0 1
0 2
1 8;10
2 6;7;9;11;12;13;14;15
8;10 17
6;7;9;11;12;13;14;15 22
6;7;9;11;12;13;14;15 20;23;24
22 3
20;23;24 31
9 #edges, tree 86
0 1
0 2
1 8;10
2 6;7;9;11;12;13;14;15
8;10 17
6;7;9;11;12;13;14;15 22
6;7;9;11;12;13;14;15 20;23;24
20;23;24 31
31 3
9 #edges, tree 87
0 1
0 2
1 8;10
2 6;7;9;11;12;13;14;15
3 31
8;10 17
6;7;9;11;12;13;14;15 22
6;7;9;11;12;13;14;15 20;23;24
20;23;24 3
9 #edges, tree 88
0 1
0 2
1 8;10
2 6;7;9;11;12;13;14;15
3 31
8;10 17
6;7;9;11;12;13;14;15 22
6;7;9;11;12;13;14;15 20;23;24
22 3
9 #edges, tree 89
0 2
0 8;10
1 17
2 6;7;9;11;12;13;14;15
8;10 1
8;10 3
6;7;9;11;12;13;14;15 22
6;7;9;11;12;13;14;15 20;23;24
6;7;9;11;12;13;14;15 31
9 #edges, tree 90
0 2
0 8;10
1 17
2 6;7;9;11;12;13;14;15
8;10 1
8;10 3
6;7;9;11;12;13;14;15 22
6;7;9;11;12;13;14;15 20;23;24
20;23;24 31
9 #edges, tree 91
0 2
0 8;10
1 17
2 6;7;9;11;12;13;14;15
2 31
8;10 1
8;10 3
6;7;9;11;12;13;14;15 22
6;7;9;11;12;13;14;15 20;23;24
9 #edges, tree 92
0 2
0 8;10
1 17
2 6;7;9;11;12;13;14;15
8;10 1
8;10 3
6;7;9;11;12;13;14;15 22
6;7;9;11;12;13;14;15 20;23;24
22 31
9 #edges, tree 93
0 2
0 8;10
1 17
2 6;7;9;11;12;13;14;15
8;10 1
6;7;9;11;12;13;14;15 3
6;7;9;11;12;13;14;15 22
6;7;9;11;12;13;14;15 20;23;24
6;7;9;11;12;13;14;15 31
9 #edges, tree 94
0 2
0 8;10
1 17
2 3
2 6;7;9;11;12;13;14;15
8;10 1
6;7;9;11;12;13;14;15 22
6;7;9;11;12;13;14;15 20;23;24
6;7;9;11;12;13;14;15 31
9 #edges, tree 95
0 2
0 8;10
1 17
2 6;7;9;11;12;13;14;15
8;10 1
6;7;9;11;12;13;14;15 22
6;7;9;11;12;13;14;15 20;23;24
6;7;9;11;12;13;14;15 31
17 3
9 #edges, tree 96
0 2
0 8;10
1 17
2 6;7;9;11;12;13;14;15
8;10 1
6;7;9;11;12;13;14;15 22
6;7;9;11;12;13;14;15 20;23;24
6;7;9;11;12;13;14;15 31
31 3
9 #edges, tree 97
0 2
0 8;10
1 17
2 6;7;9;11;12;13;14;15
8;10 1
6;7;9;11;12;13;14;15 22
6;7;9;11;12;13;14;15 20;23;24
6;7;9;11;12;13;14;15 31
22 3
9 #edges, tree 98
0 2
0 8;10
1 17
2 6;7;9;11;12;13;14;15
8;10 1
6;7;9;11;12;13;14;15 22
6;7;9;11;12;13;14;15 20;23;24
6;7;9;11;12;13;14;15 31
20;23;24 3
9 #edges, tree 99
0 2
0 8;10
1 3
1 17
2 6;7;9;11;12;13;14;15
8;10 1
6;7;9;11;12;13;14;15 22
6;7;9;11;12;13;14;15 20;23;24
6;7;9;11;12;13;14;15 31
9 #edges, tree 100
0 2
0 8;10
1 17
2 6;7;9;11;12;13;14;15
8;10 1
6;7;9;11;12;13;14;15 3
6;7;9;11;12;13;14;15 22
6;7;9;11;12;13;14;15 20;23;24
20;23;24 31
9 #edges, tree 101
0 2
0 8;10
1 17
2 6;7;9;11;12;13;14;15
3 31
8;10 1
6;7;9;11;12;13;14;15 3
6;7;9;11;12;13;14;15 22
6;7;9;11;12;13;14;15 20;23;24
9 #edges, tree 102
0 2
0 8;10
1 17
2 6;7;9;11;12;13;14;15
8;10 1
6;7;9;11;12;13;14;15 3
6;7;9;11;12;13;14;15 22
6;7;9;11;12;13;14;15 20;23;24
22 31
9 #edges, tree 103
0 2
0 8;10
1 17
2 6;7;9;11;12;13;14;15
2 31
8;10 1
6;7;9;11;12;13;14;15 3
6;7;9;11;12;13;14;15 22
6;7;9;11;12;13;14;15 20;23;24
9 #edges, tree 104
0 2
0 8;10
1 17
2 3
2 6;7;9;11;12;13;14;15
2 31
8;10 1
6;7;9;11;12;13;14;15 22
6;7;9;11;12;13;14;15 20;23;24
9 #edges, tree 105
0 2
0 8;10
1 3
1 17
2 6;7;9;11;12;13;14;15
2 31
8;10 1
6;7;9;11;12;13;14;15 22
6;7;9;11;12;13;14;15 20;23;24
9 #edges, tree 106
0 2
0 8;10
1 17
2 6;7;9;11;12;13;14;15
2 31
8;10 1
6;7;9;11;12;13;14;15 22
6;7;9;11;12;13;14;15 20;23;24
31 3
9 #edges, tree 107
0 2
0 8;10
1 17
2 6;7;9;11;12;13;14;15
2 31
8;10 1
6;7;9;11;12;13;14;15 22
6;7;9;11;12;13;14;15 20;23;24
22 3
9 #edges, tree 108
0 2
0 8;10
1 17
2 6;7;9;11;12;13;14;15
2 31
8;10 1
6;7;9;11;12;13;14;15 22
6;7;9;11;12;13;14;15 20;23;24
20;23;24 3
9 #edges, tree 109
0 2
0 8;10
1 17
2 6;7;9;11;12;13;14;15
2 31
8;10 1
6;7;9;11;12;13;14;15 22
6;7;9;11;12;13;14;15 20;23;24
17 3
9 #edges, tree 110
0 2
0 8;10
1 17
2 3
2 6;7;9;11;12;13;14;15
8;10 1
6;7;9;11;12;13;14;15 22
6;7;9;11;12;13;14;15 20;23;24
22 31
9 #edges, tree 111
0 2
0 8;10
1 17
2 3
2 6;7;9;11;12;13;14;15
3 31
8;10 1
6;7;9;11;12;13;14;15 22
6;7;9;11;12;13;14;15 20;23;24
9 #edges, tree 112
0 2
0 8;10
1 17
2 3
2 6;7;9;11;12;13;14;15
8;10 1
6;7;9;11;12;13;14;15 22
6;7;9;11;12;13;14;15 20;23;24
20;23;24 31
9 #edges, tree 113
0 2
0 8;10
1 3
1 17
2 6;7;9;11;12;13;14;15
8;10 1
6;7;9;11;12;13;14;15 22
6;7;9;11;12;13;14;15 20;23;24
22 31
9 #edges, tree 114
0 2
0 8;10
1 3
1 17
2 6;7;9;11;12;13;14;15
8;10 1
6;7;9;11;12;13;14;15 22
6;7;9;11;12;13;14;15 20;23;24
20;23;24 31
9 #edges, tree 115
0 2
0 8;10
1 17
2 6;7;9;11;12;13;14;15
8;10 1
6;7;9;11;12;13;14;15 22
6;7;9;11;12;13;14;15 20;23;24
20;23;24 3
20;23;24 31
9 #edges, tree 116
0 2
0 8;10
1 17
2 6;7;9;11;12;13;14;15
8;10 1
6;7;9;11;12;13;14;15 22
6;7;9;11;12;13;14;15 20;23;24
20;23;24 31
31 3
9 #edges, tree 117
0 2
0 8;10
1 17
2 6;7;9;11;12;13;14;15
8;10 1
6;7;9;11;12;13;14;15 22
6;7;9;11;12;13;14;15 20;23;24
17 3
20;23;24 31
9 #edges, tree 118
0 2
0 8;10
1 17
2 6;7;9;11;12;13;14;15
8;10 1
6;7;9;11;12;13;14;15 22
6;7;9;11;12;13;14;15 20;23;24
22 3
20;23;24 31
9 #edges, tree 119
0 2
0 8;10
1 17
2 6;7;9;11;12;13;14;15
8;10 1
6;7;9;11;12;13;14;15 22
6;7;9;11;12;13;14;15 20;23;24
17 3
22 31
9 #edges, tree 120
0 2
0 8;10
1 17
2 6;7;9;11;12;13;14;15
3 31
8;10 1
6;7;9;11;12;13;14;15 22
6;7;9;11;12;13;14;15 20;23;24
20;23;24 3
9 #edges, tree 121
0 2
0 8;10
1 17
2 6;7;9;11;12;13;14;15
8;10 1
6;7;9;11;12;13;14;15 22
6;7;9;11;12;13;14;15 20;23;24
22 31
20;23;24 3
9 #edges, tree 122
0 2
0 8;10
1 17
2 6;7;9;11;12;13;14;15
8;10 1
6;7;9;11;12;13;14;15 22
6;7;9;11;12;13;14;15 20;23;24
22 3
22 31
9 #edges, tree 123
0 2
0 8;10
1 17
2 6;7;9;11;12;13;14;15
3 31
8;10 1
6;7;9;11;12;13;14;15 22
6;7;9;11;12;13;14;15 20;23;24
22 3
9 #edges, tree 124
0 2
0 8;10
1 17
2 6;7;9;11;12;13;14;15
8;10 1
6;7;9;11;12;13;14;15 22
6;7;9;11;12;13;14;15 20;23;24
22 31
31 3
9 #edges, tree 125
0 2
0 8;10
2 3
2 6;7;9;11;12;13;14;15
2 31
8;10 1
8;10 17
6;7;9;11;12;13;14;15 22
6;7;9;11;12;13;14;15 20;23;24
9 #edges, tree 126
0 2
0 8;10
2 6;7;9;11;12;13;14;15
2 31
8;10 1
8;10 17
6;7;9;11;12;13;14;15 22
6;7;9;11;12;13;14;15 20;23;24
17 3
9 #edges, tree 127
0 2
0 8;10
1 3
2 6;7;9;11;12;13;14;15
2 31
8;10 1
8;10 17
6;7;9;11;12;13;14;15 22
6;7;9;11;12;13;14;15 20;23;24
9 #edges, tree 128
0 2
0 8;10
2 6;7;9;11;12;13;14;15
2 31
8;10 1
8;10 17
6;7;9;11;12;13;14;15 22
6;7;9;11;12;13;14;15 20;23;24
31 3
9 #edges, tree 129
6;7;9;11;12;13;14;15 20;23;24
6;7;9;11;12;13;14;15 22
8;10 17
8;10 3
8;10 1
2 31
2 6;7;9;11;12;13;14;15
0 8;10
0 2
9 #edges, tree 130
6;7;9;11;12;13;14;15 20;23;24
6;7;9;11;12;13;14;15 22
6;7;9;11;12;13;14;15 3
8;10 17
8;10 1
2 31
2 6;7;9;11;12;13;14;15
0 8;10
0 2
9 #edges, tree 131
20;23;24 3
6;7;9;11;12;13;14;15 20;23;24
6;7;9;11;12;13;14;15 22
8;10 17
8;10 1
2 31
2 6;7;9;11;12;13;14;15
0 8;10
0 2
9 #edges, tree 132
22 3
6;7;9;11;12;13;14;15 20;23;24
6;7;9;11;12;13;14;15 22
8;10 17
8;10 1
2 31
2 6;7;9;11;12;13;14;15
0 8;10
0 2
9 #edges, tree 133
6;7;9;11;12;13;14;15 31
6;7;9;11;12;13;14;15 20;23;24
6;7;9;11;12;13;14;15 22
8;10 17
8;10 1
2 6;7;9;11;12;13;14;15
2 3
0 8;10
0 2
9 #edges, tree 134
6;7;9;11;12;13;14;15 20;23;24
6;7;9;11;12;13;14;15 22
8;10 17
8;10 1
3 31
2 6;7;9;11;12;13;14;15
2 3
0 8;10
0 2
9 #edges, tree 135
20;23;24 31
6;7;9;11;12;13;14;15 20;23;24
6;7;9;11;12;13;14;15 22
8;10 17
8;10 1
2 6;7;9;11;12;13;14;15
2 3
0 8;10
0 2
9 #edges, tree 136
22 31
6;7;9;11;12;13;14;15 20;23;24
6;7;9;11;12;13;14;15 22
8;10 17
8;10 1
2 6;7;9;11;12;13;14;15
2 3
0 8;10
0 2
9 #edges, tree 137
6;7;9;11;12;13;14;15 31
6;7;9;11;12;13;14;15 20;23;24
6;7;9;11;12;13;14;15 22
8;10 17
8;10 3
8;10 1
2 6;7;9;11;12;13;14;15
0 8;10
0 2
9 #edges, tree 138
20;23;24 31
6;7;9;11;12;13;14;15 20;23;24
6;7;9;11;12;13;14;15 22
8;10 17
8;10 3
8;10 1
2 6;7;9;11;12;13;14;15
0 8;10
0 2
9 #edges, tree 139
22 31
6;7;9;11;12;13;14;15 20;23;24
6;7;9;11;12;13;14;15 22
8;10 17
8;10 3
8;10 1
2 6;7;9;11;12;13;14;15
0 8;10
0 2
9 #edges, tree 140
6;7;9;11;12;13;14;15 31
6;7;9;11;12;13;14;15 20;23;24
6;7;9;11;12;13;14;15 22
8;10 17
8;10 1
2 6;7;9;11;12;13;14;15
1 3
0 8;10
0 2
9 #edges, tree 141
22 31
6;7;9;11;12;13;14;15 20;23;24
6;7;9;11;12;13;14;15 22
8;10 17
8;10 1
2 6;7;9;11;12;13;14;15
1 3
0 8;10
0 2
9 #edges, tree 142
20;23;24 31
6;7;9;11;12;13;14;15 20;23;24
6;7;9;11;12;13;14;15 22
8;10 17
8;10 1
2 6;7;9;11;12;13;14;15
1 3
0 8;10
0 2
9 #edges, tree 143
22 3
6;7;9;11;12;13;14;15 20;23;24
6;7;9;11;12;13;14;15 22
8;10 17
8;10 1
3 31
2 6;7;9;11;12;13;14;15
0 8;10
0 2
9 #edges, tree 144
22 31
22 3
6;7;9;11;12;13;14;15 20;23;24
6;7;9;11;12;13;14;15 22
8;10 17
8;10 1
2 6;7;9;11;12;13;14;15
0 8;10
0 2
9 #edges, tree 145
22 3
6;7;9;11;12;13;14;15 31
6;7;9;11;12;13;14;15 20;23;24
6;7;9;11;12;13;14;15 22
8;10 17
8;10 1
2 6;7;9;11;12;13;14;15
0 8;10
0 2
9 #edges, tree 146
20;23;24 31
22 3
6;7;9;11;12;13;14;15 20;23;24
6;7;9;11;12;13;14;15 22
8;10 17
8;10 1
2 6;7;9;11;12;13;14;15
0 8;10
0 2
9 #edges, tree 147
31 3
20;23;24 31
6;7;9;11;12;13;14;15 20;23;24
6;7;9;11;12;13;14;15 22
8;10 17
8;10 1
2 6;7;9;11;12;13;14;15
0 8;10
0 2
9 #edges, tree 148
20;23;24 31
20;23;24 3
6;7;9;11;12;13;14;15 20;23;24
6;7;9;11;12;13;14;15 22
8;10 17
8;10 1
2 6;7;9;11;12;13;14;15
0 8;10
0 2
9 #edges, tree 149
20;23;24 31
6;7;9;11;12;13;14;15 20;23;24
6;7;9;11;12;13;14;15 22
6;7;9;11;12;13;14;15 3
8;10 17
8;10 1
2 6;7;9;11;12;13;14;15
0 8;10
0 2
9 #edges, tree 150
20;23;24 31
17 3
6;7;9;11;12;13;14;15 20;23;24
6;7;9;11;12;13;14;15 22
8;10 17
8;10 1
2 6;7;9;11;12;13;14;15
0 8;10
0 2
9 #edges, tree 151
17 3
6;7;9;11;12;13;14;15 31
6;7;9;11;12;13;14;15 20;23;24
6;7;9;11;12;13;14;15 22
8;10 17
8;10 1
2 6;7;9;11;12;13;14;15
0 8;10
0 2
9 #edges, tree 152
31 3
6;7;9;11;12;13;14;15 31
6;7;9;11;12;13;14;15 20;23;24
6;7;9;11;12;13;14;15 22
8;10 17
8;10 1
2 6;7;9;11;12;13;14;15
0 8;10
0 2
9 #edges, tree 153
6;7;9;11;12;13;14;15 31
6;7;9;11;12;13;14;15 20;23;24
6;7;9;11;12;13;14;15 22
6;7;9;11;12;13;14;15 3
8;10 17
8;10 1
2 6;7;9;11;12;13;14;15
0 8;10
0 2
9 #edges, tree 154
20;23;24 3
6;7;9;11;12;13;14;15 31
6;7;9;11;12;13;14;15 20;23;24
6;7;9;11;12;13;14;15 22
8;10 17
8;10 1
2 6;7;9;11;12;13;14;15
0 8;10
0 2
9 #edges, tree 155
20;23;24 3
6;7;9;11;12;13;14;15 20;23;24
6;7;9;11;12;13;14;15 22
8;10 17
8;10 1
3 31
2 6;7;9;11;12;13;14;15
0 8;10
0 2
9 #edges, tree 156
20;23;24 3
22 31
6;7;9;11;12;13;14;15 20;23;24
6;7;9;11;12;13;14;15 22
8;10 17
8;10 1
2 6;7;9;11;12;13;14;15
0 8;10
0 2
9 #edges, tree 157
22 31
6;7;9;11;12;13;14;15 20;23;24
6;7;9;11;12;13;14;15 22
6;7;9;11;12;13;14;15 3
8;10 17
8;10 1
2 6;7;9;11;12;13;14;15
0 8;10
0 2
9 #edges, tree 158
6;7;9;11;12;13;14;15 20;23;24
6;7;9;11;12;13;14;15 22
6;7;9;11;12;13;14;15 3
8;10 17
8;10 1
3 31
2 6;7;9;11;12;13;14;15
0 8;10
0 2
9 #edges, tree 159
31 3
22 31
6;7;9;11;12;13;14;15 20;23;24
6;7;9;11;12;13;14;15 22
8;10 17
8;10 1
2 6;7;9;11;12;13;14;15
0 8;10
0 2
9 #edges, tree 160
22 31
17 3
6;7;9;11;12;13;14;15 20;23;24
6;7;9;11;12;13;14;15 22
8;10 17
8;10 1
2 6;7;9;11;12;13;14;15
0 8;10
0 2
