# 8 out of 8 mutations
7 #trees
7 #edges, tree 1
0;1;2;3;4;5;6;7;8;9;10;11 12
0;1;2;3;4;5;6;7;8;9;10;11 21;22;25;26;28
0;1;2;3;4;5;6;7;8;9;10;11 13;16;32;34
12 24
12 18;19;23;29;35
12 20;33;38
12 14;15;17;30;42
7 #edges, tree 2
13;16;32;34 21;22;25;26;28
12 14;15;17;30;42
12 20;33;38
12 18;19;23;29;35
12 24
0;1;2;3;4;5;6;7;8;9;10;11 13;16;32;34
0;1;2;3;4;5;6;7;8;9;10;11 12
7 #edges, tree 3
0;1;2;3;4;5;6;7;8;9;10;11 12
0;1;2;3;4;5;6;7;8;9;10;11 13;16;32;34
12 24
12 21;22;25;26;28
12 18;19;23;29;35
12 20;33;38
12 14;15;17;30;42
7 #edges, tree 4
0;1;2;3;4;5;6;7;8;9;10;11 12
0;1;2;3;4;5;6;7;8;9;10;11 13;16;32;34
12 24
12 18;19;23;29;35
12 20;33;38
12 14;15;17;30;42
24 21;22;25;26;28
7 #edges, tree 5
20;33;38 21;22;25;26;28
12 14;15;17;30;42
12 20;33;38
12 18;19;23;29;35
12 24
0;1;2;3;4;5;6;7;8;9;10;11 13;16;32;34
0;1;2;3;4;5;6;7;8;9;10;11 12
7 #edges, tree 6
14;15;17;30;42 21;22;25;26;28
12 14;15;17;30;42
12 20;33;38
12 18;19;23;29;35
12 24
0;1;2;3;4;5;6;7;8;9;10;11 13;16;32;34
0;1;2;3;4;5;6;7;8;9;10;11 12
7 #edges, tree 7
18;19;23;29;35 21;22;25;26;28
12 14;15;17;30;42
12 20;33;38
12 18;19;23;29;35
12 24
0;1;2;3;4;5;6;7;8;9;10;11 13;16;32;34
0;1;2;3;4;5;6;7;8;9;10;11 12
