# 8 out of 8 mutations
7 #trees
7 #edges, tree 1
0 2
0 7;10;11;17;19
0 1;5;8;9;12;13;14;26;27
0 4;6;15;29;32;35
7;10;11;17;19 24;25;28;30;31
1;5;8;9;12;13;14;26;27 34;36;37;39;40
4;6;15;29;32;35 38;43
7 #edges, tree 2
4;6;15;29;32;35 38;43
24;25;28;30;31 2
1;5;8;9;12;13;14;26;27 34;36;37;39;40
7;10;11;17;19 24;25;28;30;31
0 4;6;15;29;32;35
0 1;5;8;9;12;13;14;26;27
0 7;10;11;17;19
7 #edges, tree 3
0 7;10;11;17;19
0 1;5;8;9;12;13;14;26;27
0 4;6;15;29;32;35
7;10;11;17;19 24;25;28;30;31
1;5;8;9;12;13;14;26;27 34;36;37;39;40
4;6;15;29;32;35 38;43
34;36;37;39;40 2
7 #edges, tree 4
0 7;10;11;17;19
0 1;5;8;9;12;13;14;26;27
0 4;6;15;29;32;35
7;10;11;17;19 24;25;28;30;31
1;5;8;9;12;13;14;26;27 34;36;37;39;40
4;6;15;29;32;35 38;43
38;43 2
7 #edges, tree 5
4;6;15;29;32;35 38;43
4;6;15;29;32;35 2
1;5;8;9;12;13;14;26;27 34;36;37;39;40
7;10;11;17;19 24;25;28;30;31
0 4;6;15;29;32;35
0 1;5;8;9;12;13;14;26;27
0 7;10;11;17;19
7 #edges, tree 6
4;6;15;29;32;35 38;43
1;5;8;9;12;13;14;26;27 34;36;37;39;40
7;10;11;17;19 24;25;28;30;31
7;10;11;17;19 2
0 4;6;15;29;32;35
0 1;5;8;9;12;13;14;26;27
0 7;10;11;17;19
7 #edges, tree 7
4;6;15;29;32;35 38;43
1;5;8;9;12;13;14;26;27 34;36;37;39;40
1;5;8;9;12;13;14;26;27 2
7;10;11;17;19 24;25;28;30;31
0 4;6;15;29;32;35
0 1;5;8;9;12;13;14;26;27
0 7;10;11;17;19
