# 10 out of 10 mutations
18 #trees
9 #edges, tree 1
0 1
0 2;4
0 7;8;10;11;13;14;15;31
1 3
3 6;9;12;16;17;18;19
6;9;12;16;17;18;19 23
6;9;12;16;17;18;19 27
6;9;12;16;17;18;19 26;28;29;30;33;36;37;38;41;43;46
23 34;35;39;40;42
9 #edges, tree 2
23 34;35;39;40;42
23 27
6;9;12;16;17;18;19 26;28;29;30;33;36;37;38;41;43;46
6;9;12;16;17;18;19 23
3 6;9;12;16;17;18;19
1 3
0 7;8;10;11;13;14;15;31
0 2;4
0 1
9 #edges, tree 3
0 1
0 7;8;10;11;13;14;15;31
1 3
1 2;4
3 6;9;12;16;17;18;19
6;9;12;16;17;18;19 23
6;9;12;16;17;18;19 26;28;29;30;33;36;37;38;41;43;46
23 27
23 34;35;39;40;42
9 #edges, tree 4
0 1
0 7;8;10;11;13;14;15;31
1 3
1 2;4
3 6;9;12;16;17;18;19
6;9;12;16;17;18;19 23
6;9;12;16;17;18;19 27
6;9;12;16;17;18;19 26;28;29;30;33;36;37;38;41;43;46
23 34;35;39;40;42
9 #edges, tree 5
23 34;35;39;40;42
6;9;12;16;17;18;19 26;28;29;30;33;36;37;38;41;43;46
6;9;12;16;17;18;19 27
6;9;12;16;17;18;19 23
3 6;9;12;16;17;18;19
3 2;4
1 3
0 7;8;10;11;13;14;15;31
0 1
9 #edges, tree 6
23 34;35;39;40;42
23 27
6;9;12;16;17;18;19 26;28;29;30;33;36;37;38;41;43;46
6;9;12;16;17;18;19 23
3 6;9;12;16;17;18;19
3 2;4
1 3
0 7;8;10;11;13;14;15;31
0 1
9 #edges, tree 7
26;28;29;30;33;36;37;38;41;43;46 2;4
23 34;35;39;40;42
6;9;12;16;17;18;19 26;28;29;30;33;36;37;38;41;43;46
6;9;12;16;17;18;19 27
6;9;12;16;17;18;19 23
3 6;9;12;16;17;18;19
1 3
0 7;8;10;11;13;14;15;31
0 1
9 #edges, tree 8
26;28;29;30;33;36;37;38;41;43;46 2;4
23 34;35;39;40;42
23 27
6;9;12;16;17;18;19 26;28;29;30;33;36;37;38;41;43;46
6;9;12;16;17;18;19 23
3 6;9;12;16;17;18;19
1 3
0 7;8;10;11;13;14;15;31
0 1
9 #edges, tree 9
0 1
0 7;8;10;11;13;14;15;31
1 3
3 6;9;12;16;17;18;19
6;9;12;16;17;18;19 23
6;9;12;16;17;18;19 26;28;29;30;33;36;37;38;41;43;46
23 2;4
23 27
23 34;35;39;40;42
9 #edges, tree 10
0 1
0 7;8;10;11;13;14;15;31
1 3
3 6;9;12;16;17;18;19
6;9;12;16;17;18;19 23
6;9;12;16;17;18;19 27
6;9;12;16;17;18;19 26;28;29;30;33;36;37;38;41;43;46
23 2;4
23 34;35;39;40;42
9 #edges, tree 11
0 1
0 7;8;10;11;13;14;15;31
1 3
3 6;9;12;16;17;18;19
6;9;12;16;17;18;19 2;4
6;9;12;16;17;18;19 23
6;9;12;16;17;18;19 27
6;9;12;16;17;18;19 26;28;29;30;33;36;37;38;41;43;46
23 34;35;39;40;42
9 #edges, tree 12
0 1
0 7;8;10;11;13;14;15;31
1 3
3 6;9;12;16;17;18;19
6;9;12;16;17;18;19 2;4
6;9;12;16;17;18;19 23
6;9;12;16;17;18;19 26;28;29;30;33;36;37;38;41;43;46
23 27
23 34;35;39;40;42
9 #edges, tree 13
0 1
0 7;8;10;11;13;14;15;31
1 3
3 6;9;12;16;17;18;19
6;9;12;16;17;18;19 23
6;9;12;16;17;18;19 26;28;29;30;33;36;37;38;41;43;46
23 27
23 34;35;39;40;42
34;35;39;40;42 2;4
9 #edges, tree 14
0 1
0 7;8;10;11;13;14;15;31
1 3
3 6;9;12;16;17;18;19
6;9;12;16;17;18;19 23
6;9;12;16;17;18;19 26;28;29;30;33;36;37;38;41;43;46
23 27
23 34;35;39;40;42
27 2;4
9 #edges, tree 15
0 1
0 7;8;10;11;13;14;15;31
1 3
3 6;9;12;16;17;18;19
6;9;12;16;17;18;19 23
6;9;12;16;17;18;19 26;28;29;30;33;36;37;38;41;43;46
23 27
23 34;35;39;40;42
7;8;10;11;13;14;15;31 2;4
9 #edges, tree 16
0 1
0 7;8;10;11;13;14;15;31
1 3
3 6;9;12;16;17;18;19
6;9;12;16;17;18;19 23
6;9;12;16;17;18;19 27
6;9;12;16;17;18;19 26;28;29;30;33;36;37;38;41;43;46
23 34;35;39;40;42
34;35;39;40;42 2;4
9 #edges, tree 17
27 2;4
23 34;35;39;40;42
6;9;12;16;17;18;19 26;28;29;30;33;36;37;38;41;43;46
6;9;12;16;17;18;19 27
6;9;12;16;17;18;19 23
3 6;9;12;16;17;18;19
1 3
0 7;8;10;11;13;14;15;31
0 1
9 #edges, tree 18
7;8;10;11;13;14;15;31 2;4
23 34;35;39;40;42
6;9;12;16;17;18;19 26;28;29;30;33;36;37;38;41;43;46
6;9;12;16;17;18;19 27
6;9;12;16;17;18;19 23
3 6;9;12;16;17;18;19
1 3
0 7;8;10;11;13;14;15;31
0 1
