# 9 out of 9 mutations
3 #trees
8 #edges, tree 1
14;21;30;35;43;45;52 53;55
1 7;11;17;22;44;56
1 4;6;9;13;18;38;39
0 57;60;61;65;66
0 2;3;8;12;15;16;20;37;40;41;46;47;48;49;50;51;54
0 14;21;30;35;43;45;52
0 5;10;19;23;26;27;31
0 1
8 #edges, tree 2
0 1
0 5;10;19;23;26;27;31
0 14;21;30;35;43;45;52
0 2;3;8;12;15;16;20;37;40;41;46;47;48;49;50;51;54
1 4;6;9;13;18;38;39
1 7;11;17;22;44;56
14;21;30;35;43;45;52 53;55
7;11;17;22;44;56 57;60;61;65;66
8 #edges, tree 3
14;21;30;35;43;45;52 53;55
1 57;60;61;65;66
1 7;11;17;22;44;56
1 4;6;9;13;18;38;39
0 2;3;8;12;15;16;20;37;40;41;46;47;48;49;50;51;54
0 14;21;30;35;43;45;52
0 5;10;19;23;26;27;31
0 1
