# 9 out of 9 mutations
32 #trees
8 #edges, tree 1
0 2;7;8;9;10;11;12;13;15;16;18;22;25;26;28;30;31;32;34;35;37;40
0 1;3;4;5;6;14;17;19;20;21;23;24;27;29;33;36;38;39;42
0 45
2;7;8;9;10;11;12;13;15;16;18;22;25;26;28;30;31;32;34;35;37;40 44
2;7;8;9;10;11;12;13;15;16;18;22;25;26;28;30;31;32;34;35;37;40 47
2;7;8;9;10;11;12;13;15;16;18;22;25;26;28;30;31;32;34;35;37;40 41;46;53;55
44 50;52
47 43
8 #edges, tree 2
47 43
2;7;8;9;10;11;12;13;15;16;18;22;25;26;28;30;31;32;34;35;37;40 41;46;53;55
2;7;8;9;10;11;12;13;15;16;18;22;25;26;28;30;31;32;34;35;37;40 50;52
2;7;8;9;10;11;12;13;15;16;18;22;25;26;28;30;31;32;34;35;37;40 47
2;7;8;9;10;11;12;13;15;16;18;22;25;26;28;30;31;32;34;35;37;40 44
0 45
0 1;3;4;5;6;14;17;19;20;21;23;24;27;29;33;36;38;39;42
0 2;7;8;9;10;11;12;13;15;16;18;22;25;26;28;30;31;32;34;35;37;40
8 #edges, tree 3
0 2;7;8;9;10;11;12;13;15;16;18;22;25;26;28;30;31;32;34;35;37;40
0 1;3;4;5;6;14;17;19;20;21;23;24;27;29;33;36;38;39;42
0 45
2;7;8;9;10;11;12;13;15;16;18;22;25;26;28;30;31;32;34;35;37;40 43
2;7;8;9;10;11;12;13;15;16;18;22;25;26;28;30;31;32;34;35;37;40 44
2;7;8;9;10;11;12;13;15;16;18;22;25;26;28;30;31;32;34;35;37;40 41;46;53;55
43 47
44 50;52
8 #edges, tree 4
0 2;7;8;9;10;11;12;13;15;16;18;22;25;26;28;30;31;32;34;35;37;40
0 1;3;4;5;6;14;17;19;20;21;23;24;27;29;33;36;38;39;42
0 45
2;7;8;9;10;11;12;13;15;16;18;22;25;26;28;30;31;32;34;35;37;40 43
2;7;8;9;10;11;12;13;15;16;18;22;25;26;28;30;31;32;34;35;37;40 44
2;7;8;9;10;11;12;13;15;16;18;22;25;26;28;30;31;32;34;35;37;40 50;52
2;7;8;9;10;11;12;13;15;16;18;22;25;26;28;30;31;32;34;35;37;40 41;46;53;55
43 47
8 #edges, tree 5
43 47
1;3;4;5;6;14;17;19;20;21;23;24;27;29;33;36;38;39;42 45
2;7;8;9;10;11;12;13;15;16;18;22;25;26;28;30;31;32;34;35;37;40 41;46;53;55
2;7;8;9;10;11;12;13;15;16;18;22;25;26;28;30;31;32;34;35;37;40 50;52
2;7;8;9;10;11;12;13;15;16;18;22;25;26;28;30;31;32;34;35;37;40 44
2;7;8;9;10;11;12;13;15;16;18;22;25;26;28;30;31;32;34;35;37;40 43
0 1;3;4;5;6;14;17;19;20;21;23;24;27;29;33;36;38;39;42
0 2;7;8;9;10;11;12;13;15;16;18;22;25;26;28;30;31;32;34;35;37;40
8 #edges, tree 6
47 43
1;3;4;5;6;14;17;19;20;21;23;24;27;29;33;36;38;39;42 45
2;7;8;9;10;11;12;13;15;16;18;22;25;26;28;30;31;32;34;35;37;40 41;46;53;55
2;7;8;9;10;11;12;13;15;16;18;22;25;26;28;30;31;32;34;35;37;40 50;52
2;7;8;9;10;11;12;13;15;16;18;22;25;26;28;30;31;32;34;35;37;40 47
2;7;8;9;10;11;12;13;15;16;18;22;25;26;28;30;31;32;34;35;37;40 44
0 1;3;4;5;6;14;17;19;20;21;23;24;27;29;33;36;38;39;42
0 2;7;8;9;10;11;12;13;15;16;18;22;25;26;28;30;31;32;34;35;37;40
8 #edges, tree 7
47 45
47 43
2;7;8;9;10;11;12;13;15;16;18;22;25;26;28;30;31;32;34;35;37;40 41;46;53;55
2;7;8;9;10;11;12;13;15;16;18;22;25;26;28;30;31;32;34;35;37;40 50;52
2;7;8;9;10;11;12;13;15;16;18;22;25;26;28;30;31;32;34;35;37;40 47
2;7;8;9;10;11;12;13;15;16;18;22;25;26;28;30;31;32;34;35;37;40 44
0 1;3;4;5;6;14;17;19;20;21;23;24;27;29;33;36;38;39;42
0 2;7;8;9;10;11;12;13;15;16;18;22;25;26;28;30;31;32;34;35;37;40
8 #edges, tree 8
50;52 45
47 43
2;7;8;9;10;11;12;13;15;16;18;22;25;26;28;30;31;32;34;35;37;40 41;46;53;55
2;7;8;9;10;11;12;13;15;16;18;22;25;26;28;30;31;32;34;35;37;40 50;52
2;7;8;9;10;11;12;13;15;16;18;22;25;26;28;30;31;32;34;35;37;40 47
2;7;8;9;10;11;12;13;15;16;18;22;25;26;28;30;31;32;34;35;37;40 44
0 1;3;4;5;6;14;17;19;20;21;23;24;27;29;33;36;38;39;42
0 2;7;8;9;10;11;12;13;15;16;18;22;25;26;28;30;31;32;34;35;37;40
8 #edges, tree 9
0 2;7;8;9;10;11;12;13;15;16;18;22;25;26;28;30;31;32;34;35;37;40
0 1;3;4;5;6;14;17;19;20;21;23;24;27;29;33;36;38;39;42
2;7;8;9;10;11;12;13;15;16;18;22;25;26;28;30;31;32;34;35;37;40 44
2;7;8;9;10;11;12;13;15;16;18;22;25;26;28;30;31;32;34;35;37;40 47
2;7;8;9;10;11;12;13;15;16;18;22;25;26;28;30;31;32;34;35;37;40 50;52
2;7;8;9;10;11;12;13;15;16;18;22;25;26;28;30;31;32;34;35;37;40 41;46;53;55
43 45
47 43
8 #edges, tree 10
0 2;7;8;9;10;11;12;13;15;16;18;22;25;26;28;30;31;32;34;35;37;40
0 1;3;4;5;6;14;17;19;20;21;23;24;27;29;33;36;38;39;42
2;7;8;9;10;11;12;13;15;16;18;22;25;26;28;30;31;32;34;35;37;40 44
2;7;8;9;10;11;12;13;15;16;18;22;25;26;28;30;31;32;34;35;37;40 45
2;7;8;9;10;11;12;13;15;16;18;22;25;26;28;30;31;32;34;35;37;40 47
2;7;8;9;10;11;12;13;15;16;18;22;25;26;28;30;31;32;34;35;37;40 50;52
2;7;8;9;10;11;12;13;15;16;18;22;25;26;28;30;31;32;34;35;37;40 41;46;53;55
47 43
8 #edges, tree 11
0 2;7;8;9;10;11;12;13;15;16;18;22;25;26;28;30;31;32;34;35;37;40
0 1;3;4;5;6;14;17;19;20;21;23;24;27;29;33;36;38;39;42
2;7;8;9;10;11;12;13;15;16;18;22;25;26;28;30;31;32;34;35;37;40 44
2;7;8;9;10;11;12;13;15;16;18;22;25;26;28;30;31;32;34;35;37;40 47
2;7;8;9;10;11;12;13;15;16;18;22;25;26;28;30;31;32;34;35;37;40 50;52
2;7;8;9;10;11;12;13;15;16;18;22;25;26;28;30;31;32;34;35;37;40 41;46;53;55
47 43
41;46;53;55 45
8 #edges, tree 12
0 2;7;8;9;10;11;12;13;15;16;18;22;25;26;28;30;31;32;34;35;37;40
0 1;3;4;5;6;14;17;19;20;21;23;24;27;29;33;36;38;39;42
2;7;8;9;10;11;12;13;15;16;18;22;25;26;28;30;31;32;34;35;37;40 44
2;7;8;9;10;11;12;13;15;16;18;22;25;26;28;30;31;32;34;35;37;40 47
2;7;8;9;10;11;12;13;15;16;18;22;25;26;28;30;31;32;34;35;37;40 50;52
2;7;8;9;10;11;12;13;15;16;18;22;25;26;28;30;31;32;34;35;37;40 41;46;53;55
44 45
47 43
8 #edges, tree 13
0 2;7;8;9;10;11;12;13;15;16;18;22;25;26;28;30;31;32;34;35;37;40
0 1;3;4;5;6;14;17;19;20;21;23;24;27;29;33;36;38;39;42
2;7;8;9;10;11;12;13;15;16;18;22;25;26;28;30;31;32;34;35;37;40 43
2;7;8;9;10;11;12;13;15;16;18;22;25;26;28;30;31;32;34;35;37;40 44
2;7;8;9;10;11;12;13;15;16;18;22;25;26;28;30;31;32;34;35;37;40 50;52
2;7;8;9;10;11;12;13;15;16;18;22;25;26;28;30;31;32;34;35;37;40 41;46;53;55
43 47
50;52 45
8 #edges, tree 14
0 2;7;8;9;10;11;12;13;15;16;18;22;25;26;28;30;31;32;34;35;37;40
0 1;3;4;5;6;14;17;19;20;21;23;24;27;29;33;36;38;39;42
2;7;8;9;10;11;12;13;15;16;18;22;25;26;28;30;31;32;34;35;37;40 43
2;7;8;9;10;11;12;13;15;16;18;22;25;26;28;30;31;32;34;35;37;40 44
2;7;8;9;10;11;12;13;15;16;18;22;25;26;28;30;31;32;34;35;37;40 45
2;7;8;9;10;11;12;13;15;16;18;22;25;26;28;30;31;32;34;35;37;40 50;52
2;7;8;9;10;11;12;13;15;16;18;22;25;26;28;30;31;32;34;35;37;40 41;46;53;55
43 47
8 #edges, tree 15
0 2;7;8;9;10;11;12;13;15;16;18;22;25;26;28;30;31;32;34;35;37;40
0 1;3;4;5;6;14;17;19;20;21;23;24;27;29;33;36;38;39;42
2;7;8;9;10;11;12;13;15;16;18;22;25;26;28;30;31;32;34;35;37;40 43
2;7;8;9;10;11;12;13;15;16;18;22;25;26;28;30;31;32;34;35;37;40 44
2;7;8;9;10;11;12;13;15;16;18;22;25;26;28;30;31;32;34;35;37;40 50;52
2;7;8;9;10;11;12;13;15;16;18;22;25;26;28;30;31;32;34;35;37;40 41;46;53;55
43 47
41;46;53;55 45
8 #edges, tree 16
0 2;7;8;9;10;11;12;13;15;16;18;22;25;26;28;30;31;32;34;35;37;40
0 1;3;4;5;6;14;17;19;20;21;23;24;27;29;33;36;38;39;42
2;7;8;9;10;11;12;13;15;16;18;22;25;26;28;30;31;32;34;35;37;40 43
2;7;8;9;10;11;12;13;15;16;18;22;25;26;28;30;31;32;34;35;37;40 44
2;7;8;9;10;11;12;13;15;16;18;22;25;26;28;30;31;32;34;35;37;40 50;52
2;7;8;9;10;11;12;13;15;16;18;22;25;26;28;30;31;32;34;35;37;40 41;46;53;55
43 45
43 47
8 #edges, tree 17
47 45
43 47
2;7;8;9;10;11;12;13;15;16;18;22;25;26;28;30;31;32;34;35;37;40 41;46;53;55
2;7;8;9;10;11;12;13;15;16;18;22;25;26;28;30;31;32;34;35;37;40 50;52
2;7;8;9;10;11;12;13;15;16;18;22;25;26;28;30;31;32;34;35;37;40 44
2;7;8;9;10;11;12;13;15;16;18;22;25;26;28;30;31;32;34;35;37;40 43
0 1;3;4;5;6;14;17;19;20;21;23;24;27;29;33;36;38;39;42
0 2;7;8;9;10;11;12;13;15;16;18;22;25;26;28;30;31;32;34;35;37;40
8 #edges, tree 18
44 45
43 47
2;7;8;9;10;11;12;13;15;16;18;22;25;26;28;30;31;32;34;35;37;40 41;46;53;55
2;7;8;9;10;11;12;13;15;16;18;22;25;26;28;30;31;32;34;35;37;40 50;52
2;7;8;9;10;11;12;13;15;16;18;22;25;26;28;30;31;32;34;35;37;40 44
2;7;8;9;10;11;12;13;15;16;18;22;25;26;28;30;31;32;34;35;37;40 43
0 1;3;4;5;6;14;17;19;20;21;23;24;27;29;33;36;38;39;42
0 2;7;8;9;10;11;12;13;15;16;18;22;25;26;28;30;31;32;34;35;37;40
8 #edges, tree 19
47 43
44 50;52
1;3;4;5;6;14;17;19;20;21;23;24;27;29;33;36;38;39;42 45
2;7;8;9;10;11;12;13;15;16;18;22;25;26;28;30;31;32;34;35;37;40 41;46;53;55
2;7;8;9;10;11;12;13;15;16;18;22;25;26;28;30;31;32;34;35;37;40 47
2;7;8;9;10;11;12;13;15;16;18;22;25;26;28;30;31;32;34;35;37;40 44
0 1;3;4;5;6;14;17;19;20;21;23;24;27;29;33;36;38;39;42
0 2;7;8;9;10;11;12;13;15;16;18;22;25;26;28;30;31;32;34;35;37;40
8 #edges, tree 20
47 43
44 50;52
2;7;8;9;10;11;12;13;15;16;18;22;25;26;28;30;31;32;34;35;37;40 41;46;53;55
2;7;8;9;10;11;12;13;15;16;18;22;25;26;28;30;31;32;34;35;37;40 47
2;7;8;9;10;11;12;13;15;16;18;22;25;26;28;30;31;32;34;35;37;40 45
2;7;8;9;10;11;12;13;15;16;18;22;25;26;28;30;31;32;34;35;37;40 44
0 1;3;4;5;6;14;17;19;20;21;23;24;27;29;33;36;38;39;42
0 2;7;8;9;10;11;12;13;15;16;18;22;25;26;28;30;31;32;34;35;37;40
8 #edges, tree 21
47 45
47 43
44 50;52
2;7;8;9;10;11;12;13;15;16;18;22;25;26;28;30;31;32;34;35;37;40 41;46;53;55
2;7;8;9;10;11;12;13;15;16;18;22;25;26;28;30;31;32;34;35;37;40 47
2;7;8;9;10;11;12;13;15;16;18;22;25;26;28;30;31;32;34;35;37;40 44
0 1;3;4;5;6;14;17;19;20;21;23;24;27;29;33;36;38;39;42
0 2;7;8;9;10;11;12;13;15;16;18;22;25;26;28;30;31;32;34;35;37;40
8 #edges, tree 22
47 43
44 50;52
44 45
2;7;8;9;10;11;12;13;15;16;18;22;25;26;28;30;31;32;34;35;37;40 41;46;53;55
2;7;8;9;10;11;12;13;15;16;18;22;25;26;28;30;31;32;34;35;37;40 47
2;7;8;9;10;11;12;13;15;16;18;22;25;26;28;30;31;32;34;35;37;40 44
0 1;3;4;5;6;14;17;19;20;21;23;24;27;29;33;36;38;39;42
0 2;7;8;9;10;11;12;13;15;16;18;22;25;26;28;30;31;32;34;35;37;40
8 #edges, tree 23
41;46;53;55 45
47 43
44 50;52
2;7;8;9;10;11;12;13;15;16;18;22;25;26;28;30;31;32;34;35;37;40 41;46;53;55
2;7;8;9;10;11;12;13;15;16;18;22;25;26;28;30;31;32;34;35;37;40 47
2;7;8;9;10;11;12;13;15;16;18;22;25;26;28;30;31;32;34;35;37;40 44
0 1;3;4;5;6;14;17;19;20;21;23;24;27;29;33;36;38;39;42
0 2;7;8;9;10;11;12;13;15;16;18;22;25;26;28;30;31;32;34;35;37;40
8 #edges, tree 24
50;52 45
47 43
44 50;52
2;7;8;9;10;11;12;13;15;16;18;22;25;26;28;30;31;32;34;35;37;40 41;46;53;55
2;7;8;9;10;11;12;13;15;16;18;22;25;26;28;30;31;32;34;35;37;40 47
2;7;8;9;10;11;12;13;15;16;18;22;25;26;28;30;31;32;34;35;37;40 44
0 1;3;4;5;6;14;17;19;20;21;23;24;27;29;33;36;38;39;42
0 2;7;8;9;10;11;12;13;15;16;18;22;25;26;28;30;31;32;34;35;37;40
8 #edges, tree 25
47 43
44 50;52
43 45
2;7;8;9;10;11;12;13;15;16;18;22;25;26;28;30;31;32;34;35;37;40 41;46;53;55
2;7;8;9;10;11;12;13;15;16;18;22;25;26;28;30;31;32;34;35;37;40 47
2;7;8;9;10;11;12;13;15;16;18;22;25;26;28;30;31;32;34;35;37;40 44
0 1;3;4;5;6;14;17;19;20;21;23;24;27;29;33;36;38;39;42
0 2;7;8;9;10;11;12;13;15;16;18;22;25;26;28;30;31;32;34;35;37;40
8 #edges, tree 26
44 50;52
43 47
43 45
2;7;8;9;10;11;12;13;15;16;18;22;25;26;28;30;31;32;34;35;37;40 41;46;53;55
2;7;8;9;10;11;12;13;15;16;18;22;25;26;28;30;31;32;34;35;37;40 44
2;7;8;9;10;11;12;13;15;16;18;22;25;26;28;30;31;32;34;35;37;40 43
0 1;3;4;5;6;14;17;19;20;21;23;24;27;29;33;36;38;39;42
0 2;7;8;9;10;11;12;13;15;16;18;22;25;26;28;30;31;32;34;35;37;40
8 #edges, tree 27
44 50;52
43 47
2;7;8;9;10;11;12;13;15;16;18;22;25;26;28;30;31;32;34;35;37;40 41;46;53;55
2;7;8;9;10;11;12;13;15;16;18;22;25;26;28;30;31;32;34;35;37;40 45
2;7;8;9;10;11;12;13;15;16;18;22;25;26;28;30;31;32;34;35;37;40 44
2;7;8;9;10;11;12;13;15;16;18;22;25;26;28;30;31;32;34;35;37;40 43
0 1;3;4;5;6;14;17;19;20;21;23;24;27;29;33;36;38;39;42
0 2;7;8;9;10;11;12;13;15;16;18;22;25;26;28;30;31;32;34;35;37;40
8 #edges, tree 28
41;46;53;55 45
44 50;52
43 47
2;7;8;9;10;11;12;13;15;16;18;22;25;26;28;30;31;32;34;35;37;40 41;46;53;55
2;7;8;9;10;11;12;13;15;16;18;22;25;26;28;30;31;32;34;35;37;40 44
2;7;8;9;10;11;12;13;15;16;18;22;25;26;28;30;31;32;34;35;37;40 43
0 1;3;4;5;6;14;17;19;20;21;23;24;27;29;33;36;38;39;42
0 2;7;8;9;10;11;12;13;15;16;18;22;25;26;28;30;31;32;34;35;37;40
8 #edges, tree 29
44 50;52
43 47
1;3;4;5;6;14;17;19;20;21;23;24;27;29;33;36;38;39;42 45
2;7;8;9;10;11;12;13;15;16;18;22;25;26;28;30;31;32;34;35;37;40 41;46;53;55
2;7;8;9;10;11;12;13;15;16;18;22;25;26;28;30;31;32;34;35;37;40 44
2;7;8;9;10;11;12;13;15;16;18;22;25;26;28;30;31;32;34;35;37;40 43
0 1;3;4;5;6;14;17;19;20;21;23;24;27;29;33;36;38;39;42
0 2;7;8;9;10;11;12;13;15;16;18;22;25;26;28;30;31;32;34;35;37;40
8 #edges, tree 30
47 45
44 50;52
43 47
2;7;8;9;10;11;12;13;15;16;18;22;25;26;28;30;31;32;34;35;37;40 41;46;53;55
2;7;8;9;10;11;12;13;15;16;18;22;25;26;28;30;31;32;34;35;37;40 44
2;7;8;9;10;11;12;13;15;16;18;22;25;26;28;30;31;32;34;35;37;40 43
0 1;3;4;5;6;14;17;19;20;21;23;24;27;29;33;36;38;39;42
0 2;7;8;9;10;11;12;13;15;16;18;22;25;26;28;30;31;32;34;35;37;40
8 #edges, tree 31
44 50;52
44 45
43 47
2;7;8;9;10;11;12;13;15;16;18;22;25;26;28;30;31;32;34;35;37;40 41;46;53;55
2;7;8;9;10;11;12;13;15;16;18;22;25;26;28;30;31;32;34;35;37;40 44
2;7;8;9;10;11;12;13;15;16;18;22;25;26;28;30;31;32;34;35;37;40 43
0 1;3;4;5;6;14;17;19;20;21;23;24;27;29;33;36;38;39;42
0 2;7;8;9;10;11;12;13;15;16;18;22;25;26;28;30;31;32;34;35;37;40
8 #edges, tree 32
50;52 45
44 50;52
43 47
2;7;8;9;10;11;12;13;15;16;18;22;25;26;28;30;31;32;34;35;37;40 41;46;53;55
2;7;8;9;10;11;12;13;15;16;18;22;25;26;28;30;31;32;34;35;37;40 44
2;7;8;9;10;11;12;13;15;16;18;22;25;26;28;30;31;32;34;35;37;40 43
0 1;3;4;5;6;14;17;19;20;21;23;24;27;29;33;36;38;39;42
0 2;7;8;9;10;11;12;13;15;16;18;22;25;26;28;30;31;32;34;35;37;40
