# 10 out of 10 mutations
9 #trees
9 #edges, tree 1
2;3;6;7;8;20;26;30;34;37;41;43 44
35 38
4;5;9;17 52
4;5;9;17 35
0 11;14;21;23;24;25;40;45;47;49
0 2;3;6;7;8;20;26;30;34;37;41;43
0 39
0 1;10;12;13;15;16;18;19;22
0 4;5;9;17
9 #edges, tree 2
0 4;5;9;17
0 1;10;12;13;15;16;18;19;22
0 39
0 2;3;6;7;8;20;26;30;34;37;41;43
0 11;14;21;23;24;25;40;45;47;49
4;5;9;17 35
35 38
38 52
2;3;6;7;8;20;26;30;34;37;41;43 44
9 #edges, tree 3
2;3;6;7;8;20;26;30;34;37;41;43 44
35 52
35 38
4;5;9;17 35
0 11;14;21;23;24;25;40;45;47;49
0 2;3;6;7;8;20;26;30;34;37;41;43
0 39
0 1;10;12;13;15;16;18;19;22
0 4;5;9;17
9 #edges, tree 4
2;3;6;7;8;20;26;30;34;37;41;43 44
35 39
35 38
4;5;9;17 52
4;5;9;17 35
0 11;14;21;23;24;25;40;45;47;49
0 2;3;6;7;8;20;26;30;34;37;41;43
0 1;10;12;13;15;16;18;19;22
0 4;5;9;17
9 #edges, tree 5
0 4;5;9;17
0 1;10;12;13;15;16;18;19;22
0 2;3;6;7;8;20;26;30;34;37;41;43
0 11;14;21;23;24;25;40;45;47;49
4;5;9;17 35
4;5;9;17 39
4;5;9;17 52
35 38
2;3;6;7;8;20;26;30;34;37;41;43 44
9 #edges, tree 6
0 4;5;9;17
0 1;10;12;13;15;16;18;19;22
0 2;3;6;7;8;20;26;30;34;37;41;43
0 11;14;21;23;24;25;40;45;47;49
4;5;9;17 35
4;5;9;17 39
35 38
38 52
2;3;6;7;8;20;26;30;34;37;41;43 44
9 #edges, tree 7
0 4;5;9;17
0 1;10;12;13;15;16;18;19;22
0 2;3;6;7;8;20;26;30;34;37;41;43
0 11;14;21;23;24;25;40;45;47;49
4;5;9;17 35
4;5;9;17 39
35 38
35 52
2;3;6;7;8;20;26;30;34;37;41;43 44
9 #edges, tree 8
0 4;5;9;17
0 1;10;12;13;15;16;18;19;22
0 2;3;6;7;8;20;26;30;34;37;41;43
0 11;14;21;23;24;25;40;45;47;49
4;5;9;17 35
35 38
35 39
35 52
2;3;6;7;8;20;26;30;34;37;41;43 44
9 #edges, tree 9
2;3;6;7;8;20;26;30;34;37;41;43 44
38 52
35 39
35 38
4;5;9;17 35
0 11;14;21;23;24;25;40;45;47;49
0 2;3;6;7;8;20;26;30;34;37;41;43
0 1;10;12;13;15;16;18;19;22
0 4;5;9;17
