# 9 out of 9 mutations
4 #trees
8 #edges, tree 1
12;17;23;25;28;29;31 37
1;2;3 7;11;14;24
1;2;3 6
0 43
0 8;10;15;16;18;26;27;33;38;39;40
0 12;17;23;25;28;29;31
0 9;13
0 1;2;3
8 #edges, tree 2
0 1;2;3
0 6
0 9;13
0 12;17;23;25;28;29;31
0 8;10;15;16;18;26;27;33;38;39;40
0 43
1;2;3 7;11;14;24
12;17;23;25;28;29;31 37
8 #edges, tree 3
8;10;15;16;18;26;27;33;38;39;40 43
12;17;23;25;28;29;31 37
1;2;3 7;11;14;24
0 8;10;15;16;18;26;27;33;38;39;40
0 12;17;23;25;28;29;31
0 9;13
0 6
0 1;2;3
8 #edges, tree 4
8;10;15;16;18;26;27;33;38;39;40 43
12;17;23;25;28;29;31 37
1;2;3 7;11;14;24
1;2;3 6
0 8;10;15;16;18;26;27;33;38;39;40
0 12;17;23;25;28;29;31
0 9;13
0 1;2;3
