# 10 out of 10 mutations
243 #trees
9 #edges, tree 1
9;19;29;32;35 37
16 22
2;3;4;5;6;7;8;10 14;15;17;18;28
2;3;4;5;6;7;8;10 16
2;3;4;5;6;7;8;10 11
0 9;19;29;32;35
0 34
0 12;13;31
0 2;3;4;5;6;7;8;10
9 #edges, tree 2
0 2;3;4;5;6;7;8;10
0 12;13;31
0 34
0 9;19;29;32;35
2;3;4;5;6;7;8;10 11
2;3;4;5;6;7;8;10 16
2;3;4;5;6;7;8;10 22
2;3;4;5;6;7;8;10 14;15;17;18;28
9;19;29;32;35 37
9 #edges, tree 3
9;19;29;32;35 37
11 22
2;3;4;5;6;7;8;10 14;15;17;18;28
2;3;4;5;6;7;8;10 16
2;3;4;5;6;7;8;10 11
0 9;19;29;32;35
0 34
0 12;13;31
0 2;3;4;5;6;7;8;10
9 #edges, tree 4
9;19;29;32;35 37
11 22
2;3;4;5;6;7;8;10 12;13;31
2;3;4;5;6;7;8;10 14;15;17;18;28
2;3;4;5;6;7;8;10 16
2;3;4;5;6;7;8;10 11
0 9;19;29;32;35
0 34
0 2;3;4;5;6;7;8;10
9 #edges, tree 5
0 2;3;4;5;6;7;8;10
0 34
0 9;19;29;32;35
2;3;4;5;6;7;8;10 11
2;3;4;5;6;7;8;10 16
2;3;4;5;6;7;8;10 14;15;17;18;28
2;3;4;5;6;7;8;10 12;13;31
16 22
9;19;29;32;35 37
9 #edges, tree 6
0 2;3;4;5;6;7;8;10
0 34
0 9;19;29;32;35
2;3;4;5;6;7;8;10 11
2;3;4;5;6;7;8;10 16
2;3;4;5;6;7;8;10 22
2;3;4;5;6;7;8;10 14;15;17;18;28
2;3;4;5;6;7;8;10 12;13;31
9;19;29;32;35 37
9 #edges, tree 7
0 2;3;4;5;6;7;8;10
0 34
0 9;19;29;32;35
2;3;4;5;6;7;8;10 11
2;3;4;5;6;7;8;10 16
2;3;4;5;6;7;8;10 14;15;17;18;28
11 22
11 12;13;31
9;19;29;32;35 37
9 #edges, tree 8
0 2;3;4;5;6;7;8;10
0 34
0 9;19;29;32;35
2;3;4;5;6;7;8;10 11
2;3;4;5;6;7;8;10 16
2;3;4;5;6;7;8;10 22
2;3;4;5;6;7;8;10 14;15;17;18;28
11 12;13;31
9;19;29;32;35 37
9 #edges, tree 9
9;19;29;32;35 37
16 22
11 12;13;31
2;3;4;5;6;7;8;10 14;15;17;18;28
2;3;4;5;6;7;8;10 16
2;3;4;5;6;7;8;10 11
0 9;19;29;32;35
0 34
0 2;3;4;5;6;7;8;10
9 #edges, tree 10
2;3;4;5;6;7;8;10 12;13;31
2;3;4;5;6;7;8;10 14;15;17;18;28
2;3;4;5;6;7;8;10 22
2;3;4;5;6;7;8;10 16
2;3;4;5;6;7;8;10 11
0 37
0 9;19;29;32;35
0 34
0 2;3;4;5;6;7;8;10
9 #edges, tree 11
16 22
2;3;4;5;6;7;8;10 12;13;31
2;3;4;5;6;7;8;10 14;15;17;18;28
2;3;4;5;6;7;8;10 16
2;3;4;5;6;7;8;10 11
0 37
0 9;19;29;32;35
0 34
0 2;3;4;5;6;7;8;10
9 #edges, tree 12
11 22
2;3;4;5;6;7;8;10 12;13;31
2;3;4;5;6;7;8;10 14;15;17;18;28
2;3;4;5;6;7;8;10 16
2;3;4;5;6;7;8;10 11
0 37
0 9;19;29;32;35
0 34
0 2;3;4;5;6;7;8;10
9 #edges, tree 13
2;3;4;5;6;7;8;10 14;15;17;18;28
2;3;4;5;6;7;8;10 22
2;3;4;5;6;7;8;10 16
2;3;4;5;6;7;8;10 11
0 37
0 9;19;29;32;35
0 34
0 12;13;31
0 2;3;4;5;6;7;8;10
9 #edges, tree 14
16 22
2;3;4;5;6;7;8;10 14;15;17;18;28
2;3;4;5;6;7;8;10 16
2;3;4;5;6;7;8;10 11
0 37
0 9;19;29;32;35
0 34
0 12;13;31
0 2;3;4;5;6;7;8;10
9 #edges, tree 15
11 22
2;3;4;5;6;7;8;10 14;15;17;18;28
2;3;4;5;6;7;8;10 16
2;3;4;5;6;7;8;10 11
0 37
0 9;19;29;32;35
0 34
0 12;13;31
0 2;3;4;5;6;7;8;10
9 #edges, tree 16
16 22
11 12;13;31
2;3;4;5;6;7;8;10 14;15;17;18;28
2;3;4;5;6;7;8;10 16
2;3;4;5;6;7;8;10 11
0 37
0 9;19;29;32;35
0 34
0 2;3;4;5;6;7;8;10
9 #edges, tree 17
0 2;3;4;5;6;7;8;10
0 34
0 9;19;29;32;35
0 37
2;3;4;5;6;7;8;10 11
2;3;4;5;6;7;8;10 16
2;3;4;5;6;7;8;10 22
2;3;4;5;6;7;8;10 14;15;17;18;28
11 12;13;31
9 #edges, tree 18
0 2;3;4;5;6;7;8;10
0 34
0 9;19;29;32;35
0 37
2;3;4;5;6;7;8;10 11
2;3;4;5;6;7;8;10 16
2;3;4;5;6;7;8;10 14;15;17;18;28
11 22
11 12;13;31
9 #edges, tree 19
0 2;3;4;5;6;7;8;10
0 12;13;31
0 34
0 37
2;3;4;5;6;7;8;10 11
2;3;4;5;6;7;8;10 16
2;3;4;5;6;7;8;10 14;15;17;18;28
16 22
37 9;19;29;32;35
9 #edges, tree 20
0 2;3;4;5;6;7;8;10
0 12;13;31
0 34
0 37
2;3;4;5;6;7;8;10 11
2;3;4;5;6;7;8;10 16
2;3;4;5;6;7;8;10 14;15;17;18;28
11 22
37 9;19;29;32;35
9 #edges, tree 21
0 2;3;4;5;6;7;8;10
0 12;13;31
0 34
0 37
2;3;4;5;6;7;8;10 11
2;3;4;5;6;7;8;10 16
2;3;4;5;6;7;8;10 22
2;3;4;5;6;7;8;10 14;15;17;18;28
37 9;19;29;32;35
9 #edges, tree 22
0 2;3;4;5;6;7;8;10
0 34
0 37
2;3;4;5;6;7;8;10 11
2;3;4;5;6;7;8;10 16
2;3;4;5;6;7;8;10 22
2;3;4;5;6;7;8;10 14;15;17;18;28
11 12;13;31
37 9;19;29;32;35
9 #edges, tree 23
0 2;3;4;5;6;7;8;10
0 34
0 37
2;3;4;5;6;7;8;10 11
2;3;4;5;6;7;8;10 16
2;3;4;5;6;7;8;10 22
2;3;4;5;6;7;8;10 14;15;17;18;28
2;3;4;5;6;7;8;10 12;13;31
37 9;19;29;32;35
9 #edges, tree 24
0 2;3;4;5;6;7;8;10
0 34
0 37
2;3;4;5;6;7;8;10 11
2;3;4;5;6;7;8;10 16
2;3;4;5;6;7;8;10 14;15;17;18;28
2;3;4;5;6;7;8;10 12;13;31
11 22
37 9;19;29;32;35
9 #edges, tree 25
0 2;3;4;5;6;7;8;10
0 34
0 37
2;3;4;5;6;7;8;10 11
2;3;4;5;6;7;8;10 16
2;3;4;5;6;7;8;10 14;15;17;18;28
11 22
11 12;13;31
37 9;19;29;32;35
9 #edges, tree 26
0 2;3;4;5;6;7;8;10
0 34
0 37
2;3;4;5;6;7;8;10 11
2;3;4;5;6;7;8;10 16
2;3;4;5;6;7;8;10 14;15;17;18;28
2;3;4;5;6;7;8;10 12;13;31
16 22
37 9;19;29;32;35
9 #edges, tree 27
0 2;3;4;5;6;7;8;10
0 34
0 37
2;3;4;5;6;7;8;10 11
2;3;4;5;6;7;8;10 16
2;3;4;5;6;7;8;10 14;15;17;18;28
11 12;13;31
16 22
37 9;19;29;32;35
9 #edges, tree 28
0 2;3;4;5;6;7;8;10
0 12;13;31
0 37
2;3;4;5;6;7;8;10 11
2;3;4;5;6;7;8;10 16
2;3;4;5;6;7;8;10 22
2;3;4;5;6;7;8;10 14;15;17;18;28
12;13;31 34
37 9;19;29;32;35
9 #edges, tree 29
0 2;3;4;5;6;7;8;10
0 12;13;31
0 9;19;29;32;35
0 37
2;3;4;5;6;7;8;10 11
2;3;4;5;6;7;8;10 16
2;3;4;5;6;7;8;10 22
2;3;4;5;6;7;8;10 14;15;17;18;28
12;13;31 34
9 #edges, tree 30
0 2;3;4;5;6;7;8;10
0 12;13;31
0 9;19;29;32;35
0 37
2;3;4;5;6;7;8;10 11
2;3;4;5;6;7;8;10 16
2;3;4;5;6;7;8;10 14;15;17;18;28
11 22
12;13;31 34
9 #edges, tree 31
0 2;3;4;5;6;7;8;10
0 12;13;31
0 37
2;3;4;5;6;7;8;10 11
2;3;4;5;6;7;8;10 16
2;3;4;5;6;7;8;10 14;15;17;18;28
11 22
12;13;31 34
37 9;19;29;32;35
9 #edges, tree 32
0 2;3;4;5;6;7;8;10
0 12;13;31
0 9;19;29;32;35
0 37
2;3;4;5;6;7;8;10 11
2;3;4;5;6;7;8;10 16
2;3;4;5;6;7;8;10 14;15;17;18;28
16 22
12;13;31 34
9 #edges, tree 33
37 9;19;29;32;35
12;13;31 34
16 22
2;3;4;5;6;7;8;10 14;15;17;18;28
2;3;4;5;6;7;8;10 16
2;3;4;5;6;7;8;10 11
0 37
0 12;13;31
0 2;3;4;5;6;7;8;10
9 #edges, tree 34
9;19;29;32;35 37
12;13;31 34
2;3;4;5;6;7;8;10 14;15;17;18;28
2;3;4;5;6;7;8;10 22
2;3;4;5;6;7;8;10 16
2;3;4;5;6;7;8;10 11
0 9;19;29;32;35
0 12;13;31
0 2;3;4;5;6;7;8;10
9 #edges, tree 35
9;19;29;32;35 37
12;13;31 34
16 22
2;3;4;5;6;7;8;10 14;15;17;18;28
2;3;4;5;6;7;8;10 16
2;3;4;5;6;7;8;10 11
0 9;19;29;32;35
0 12;13;31
0 2;3;4;5;6;7;8;10
9 #edges, tree 36
9;19;29;32;35 37
12;13;31 34
11 22
2;3;4;5;6;7;8;10 14;15;17;18;28
2;3;4;5;6;7;8;10 16
2;3;4;5;6;7;8;10 11
0 9;19;29;32;35
0 12;13;31
0 2;3;4;5;6;7;8;10
9 #edges, tree 37
37 9;19;29;32;35
16 22
2;3;4;5;6;7;8;10 34
2;3;4;5;6;7;8;10 14;15;17;18;28
2;3;4;5;6;7;8;10 16
2;3;4;5;6;7;8;10 11
0 37
0 12;13;31
0 2;3;4;5;6;7;8;10
9 #edges, tree 38
37 9;19;29;32;35
11 22
2;3;4;5;6;7;8;10 34
2;3;4;5;6;7;8;10 14;15;17;18;28
2;3;4;5;6;7;8;10 16
2;3;4;5;6;7;8;10 11
0 37
0 12;13;31
0 2;3;4;5;6;7;8;10
9 #edges, tree 39
37 9;19;29;32;35
2;3;4;5;6;7;8;10 34
2;3;4;5;6;7;8;10 14;15;17;18;28
2;3;4;5;6;7;8;10 22
2;3;4;5;6;7;8;10 16
2;3;4;5;6;7;8;10 11
0 37
0 12;13;31
0 2;3;4;5;6;7;8;10
9 #edges, tree 40
37 9;19;29;32;35
37 34
16 22
2;3;4;5;6;7;8;10 14;15;17;18;28
2;3;4;5;6;7;8;10 16
2;3;4;5;6;7;8;10 11
0 37
0 12;13;31
0 2;3;4;5;6;7;8;10
9 #edges, tree 41
37 9;19;29;32;35
37 34
2;3;4;5;6;7;8;10 14;15;17;18;28
2;3;4;5;6;7;8;10 22
2;3;4;5;6;7;8;10 16
2;3;4;5;6;7;8;10 11
0 37
0 12;13;31
0 2;3;4;5;6;7;8;10
9 #edges, tree 42
37 9;19;29;32;35
37 34
11 22
2;3;4;5;6;7;8;10 14;15;17;18;28
2;3;4;5;6;7;8;10 16
2;3;4;5;6;7;8;10 11
0 37
0 12;13;31
0 2;3;4;5;6;7;8;10
9 #edges, tree 43
37 9;19;29;32;35
14;15;17;18;28 34
2;3;4;5;6;7;8;10 14;15;17;18;28
2;3;4;5;6;7;8;10 22
2;3;4;5;6;7;8;10 16
2;3;4;5;6;7;8;10 11
0 37
0 12;13;31
0 2;3;4;5;6;7;8;10
9 #edges, tree 44
37 9;19;29;32;35
14;15;17;18;28 34
11 22
2;3;4;5;6;7;8;10 14;15;17;18;28
2;3;4;5;6;7;8;10 16
2;3;4;5;6;7;8;10 11
0 37
0 12;13;31
0 2;3;4;5;6;7;8;10
9 #edges, tree 45
37 9;19;29;32;35
14;15;17;18;28 34
16 22
2;3;4;5;6;7;8;10 14;15;17;18;28
2;3;4;5;6;7;8;10 16
2;3;4;5;6;7;8;10 11
0 37
0 12;13;31
0 2;3;4;5;6;7;8;10
9 #edges, tree 46
37 9;19;29;32;35
9;19;29;32;35 34
11 22
2;3;4;5;6;7;8;10 14;15;17;18;28
2;3;4;5;6;7;8;10 16
2;3;4;5;6;7;8;10 11
0 37
0 12;13;31
0 2;3;4;5;6;7;8;10
9 #edges, tree 47
37 9;19;29;32;35
9;19;29;32;35 34
2;3;4;5;6;7;8;10 14;15;17;18;28
2;3;4;5;6;7;8;10 22
2;3;4;5;6;7;8;10 16
2;3;4;5;6;7;8;10 11
0 37
0 12;13;31
0 2;3;4;5;6;7;8;10
9 #edges, tree 48
37 9;19;29;32;35
9;19;29;32;35 34
16 22
2;3;4;5;6;7;8;10 14;15;17;18;28
2;3;4;5;6;7;8;10 16
2;3;4;5;6;7;8;10 11
0 37
0 12;13;31
0 2;3;4;5;6;7;8;10
9 #edges, tree 49
37 9;19;29;32;35
16 34
16 22
2;3;4;5;6;7;8;10 14;15;17;18;28
2;3;4;5;6;7;8;10 16
2;3;4;5;6;7;8;10 11
0 37
0 12;13;31
0 2;3;4;5;6;7;8;10
9 #edges, tree 50
37 9;19;29;32;35
22 34
16 22
2;3;4;5;6;7;8;10 14;15;17;18;28
2;3;4;5;6;7;8;10 16
2;3;4;5;6;7;8;10 11
0 37
0 12;13;31
0 2;3;4;5;6;7;8;10
9 #edges, tree 51
37 9;19;29;32;35
16 22
11 34
2;3;4;5;6;7;8;10 14;15;17;18;28
2;3;4;5;6;7;8;10 16
2;3;4;5;6;7;8;10 11
0 37
0 12;13;31
0 2;3;4;5;6;7;8;10
9 #edges, tree 52
37 9;19;29;32;35
16 34
2;3;4;5;6;7;8;10 14;15;17;18;28
2;3;4;5;6;7;8;10 22
2;3;4;5;6;7;8;10 16
2;3;4;5;6;7;8;10 11
0 37
0 12;13;31
0 2;3;4;5;6;7;8;10
9 #edges, tree 53
37 9;19;29;32;35
11 34
2;3;4;5;6;7;8;10 14;15;17;18;28
2;3;4;5;6;7;8;10 22
2;3;4;5;6;7;8;10 16
2;3;4;5;6;7;8;10 11
0 37
0 12;13;31
0 2;3;4;5;6;7;8;10
9 #edges, tree 54
37 9;19;29;32;35
22 34
2;3;4;5;6;7;8;10 14;15;17;18;28
2;3;4;5;6;7;8;10 22
2;3;4;5;6;7;8;10 16
2;3;4;5;6;7;8;10 11
0 37
0 12;13;31
0 2;3;4;5;6;7;8;10
9 #edges, tree 55
37 9;19;29;32;35
22 34
11 22
2;3;4;5;6;7;8;10 14;15;17;18;28
2;3;4;5;6;7;8;10 16
2;3;4;5;6;7;8;10 11
0 37
0 12;13;31
0 2;3;4;5;6;7;8;10
9 #edges, tree 56
37 9;19;29;32;35
11 34
11 22
2;3;4;5;6;7;8;10 14;15;17;18;28
2;3;4;5;6;7;8;10 16
2;3;4;5;6;7;8;10 11
0 37
0 12;13;31
0 2;3;4;5;6;7;8;10
9 #edges, tree 57
37 9;19;29;32;35
16 34
11 22
2;3;4;5;6;7;8;10 14;15;17;18;28
2;3;4;5;6;7;8;10 16
2;3;4;5;6;7;8;10 11
0 37
0 12;13;31
0 2;3;4;5;6;7;8;10
9 #edges, tree 58
37 34
16 22
2;3;4;5;6;7;8;10 14;15;17;18;28
2;3;4;5;6;7;8;10 16
2;3;4;5;6;7;8;10 11
0 37
0 9;19;29;32;35
0 12;13;31
0 2;3;4;5;6;7;8;10
9 #edges, tree 59
37 34
11 22
2;3;4;5;6;7;8;10 14;15;17;18;28
2;3;4;5;6;7;8;10 16
2;3;4;5;6;7;8;10 11
0 37
0 9;19;29;32;35
0 12;13;31
0 2;3;4;5;6;7;8;10
9 #edges, tree 60
37 34
2;3;4;5;6;7;8;10 14;15;17;18;28
2;3;4;5;6;7;8;10 22
2;3;4;5;6;7;8;10 16
2;3;4;5;6;7;8;10 11
0 37
0 9;19;29;32;35
0 12;13;31
0 2;3;4;5;6;7;8;10
9 #edges, tree 61
2;3;4;5;6;7;8;10 34
2;3;4;5;6;7;8;10 14;15;17;18;28
2;3;4;5;6;7;8;10 22
2;3;4;5;6;7;8;10 16
2;3;4;5;6;7;8;10 11
0 37
0 9;19;29;32;35
0 12;13;31
0 2;3;4;5;6;7;8;10
9 #edges, tree 62
11 22
2;3;4;5;6;7;8;10 34
2;3;4;5;6;7;8;10 14;15;17;18;28
2;3;4;5;6;7;8;10 16
2;3;4;5;6;7;8;10 11
0 37
0 9;19;29;32;35
0 12;13;31
0 2;3;4;5;6;7;8;10
9 #edges, tree 63
16 22
2;3;4;5;6;7;8;10 34
2;3;4;5;6;7;8;10 14;15;17;18;28
2;3;4;5;6;7;8;10 16
2;3;4;5;6;7;8;10 11
0 37
0 9;19;29;32;35
0 12;13;31
0 2;3;4;5;6;7;8;10
9 #edges, tree 64
14;15;17;18;28 34
2;3;4;5;6;7;8;10 14;15;17;18;28
2;3;4;5;6;7;8;10 22
2;3;4;5;6;7;8;10 16
2;3;4;5;6;7;8;10 11
0 37
0 9;19;29;32;35
0 12;13;31
0 2;3;4;5;6;7;8;10
9 #edges, tree 65
0 2;3;4;5;6;7;8;10
0 12;13;31
0 9;19;29;32;35
0 37
2;3;4;5;6;7;8;10 11
2;3;4;5;6;7;8;10 16
2;3;4;5;6;7;8;10 22
2;3;4;5;6;7;8;10 14;15;17;18;28
22 34
9 #edges, tree 66
0 2;3;4;5;6;7;8;10
0 12;13;31
0 9;19;29;32;35
0 37
2;3;4;5;6;7;8;10 11
2;3;4;5;6;7;8;10 16
2;3;4;5;6;7;8;10 22
2;3;4;5;6;7;8;10 14;15;17;18;28
16 34
9 #edges, tree 67
0 2;3;4;5;6;7;8;10
0 12;13;31
0 9;19;29;32;35
0 37
2;3;4;5;6;7;8;10 11
2;3;4;5;6;7;8;10 16
2;3;4;5;6;7;8;10 22
2;3;4;5;6;7;8;10 14;15;17;18;28
9;19;29;32;35 34
9 #edges, tree 68
0 2;3;4;5;6;7;8;10
0 12;13;31
0 9;19;29;32;35
0 37
2;3;4;5;6;7;8;10 11
2;3;4;5;6;7;8;10 16
2;3;4;5;6;7;8;10 22
2;3;4;5;6;7;8;10 14;15;17;18;28
11 34
9 #edges, tree 69
0 2;3;4;5;6;7;8;10
0 12;13;31
0 9;19;29;32;35
0 37
2;3;4;5;6;7;8;10 11
2;3;4;5;6;7;8;10 16
2;3;4;5;6;7;8;10 14;15;17;18;28
11 22
11 34
9 #edges, tree 70
0 2;3;4;5;6;7;8;10
0 12;13;31
0 9;19;29;32;35
0 37
2;3;4;5;6;7;8;10 11
2;3;4;5;6;7;8;10 16
2;3;4;5;6;7;8;10 14;15;17;18;28
11 22
22 34
9 #edges, tree 71
0 2;3;4;5;6;7;8;10
0 12;13;31
0 9;19;29;32;35
0 37
2;3;4;5;6;7;8;10 11
2;3;4;5;6;7;8;10 16
2;3;4;5;6;7;8;10 14;15;17;18;28
11 22
9;19;29;32;35 34
9 #edges, tree 72
0 2;3;4;5;6;7;8;10
0 12;13;31
0 9;19;29;32;35
0 37
2;3;4;5;6;7;8;10 11
2;3;4;5;6;7;8;10 16
2;3;4;5;6;7;8;10 14;15;17;18;28
11 22
14;15;17;18;28 34
9 #edges, tree 73
0 2;3;4;5;6;7;8;10
0 12;13;31
0 9;19;29;32;35
0 37
2;3;4;5;6;7;8;10 11
2;3;4;5;6;7;8;10 16
2;3;4;5;6;7;8;10 14;15;17;18;28
11 22
16 34
9 #edges, tree 74
0 2;3;4;5;6;7;8;10
0 12;13;31
0 9;19;29;32;35
0 37
2;3;4;5;6;7;8;10 11
2;3;4;5;6;7;8;10 16
2;3;4;5;6;7;8;10 14;15;17;18;28
16 22
14;15;17;18;28 34
9 #edges, tree 75
0 2;3;4;5;6;7;8;10
0 12;13;31
0 9;19;29;32;35
0 37
2;3;4;5;6;7;8;10 11
2;3;4;5;6;7;8;10 16
2;3;4;5;6;7;8;10 14;15;17;18;28
16 22
16 34
9 #edges, tree 76
0 2;3;4;5;6;7;8;10
0 12;13;31
0 9;19;29;32;35
0 37
2;3;4;5;6;7;8;10 11
2;3;4;5;6;7;8;10 16
2;3;4;5;6;7;8;10 14;15;17;18;28
16 22
9;19;29;32;35 34
9 #edges, tree 77
0 2;3;4;5;6;7;8;10
0 12;13;31
0 9;19;29;32;35
0 37
2;3;4;5;6;7;8;10 11
2;3;4;5;6;7;8;10 16
2;3;4;5;6;7;8;10 14;15;17;18;28
11 34
16 22
9 #edges, tree 78
0 2;3;4;5;6;7;8;10
0 12;13;31
0 9;19;29;32;35
0 37
2;3;4;5;6;7;8;10 11
2;3;4;5;6;7;8;10 16
2;3;4;5;6;7;8;10 14;15;17;18;28
16 22
22 34
9 #edges, tree 79
0 2;3;4;5;6;7;8;10
0 12;13;31
0 9;19;29;32;35
2;3;4;5;6;7;8;10 11
2;3;4;5;6;7;8;10 16
2;3;4;5;6;7;8;10 22
2;3;4;5;6;7;8;10 14;15;17;18;28
2;3;4;5;6;7;8;10 34
9;19;29;32;35 37
9 #edges, tree 80
0 2;3;4;5;6;7;8;10
0 12;13;31
0 9;19;29;32;35
2;3;4;5;6;7;8;10 11
2;3;4;5;6;7;8;10 16
2;3;4;5;6;7;8;10 14;15;17;18;28
2;3;4;5;6;7;8;10 34
11 22
9;19;29;32;35 37
9 #edges, tree 81
0 2;3;4;5;6;7;8;10
0 12;13;31
0 9;19;29;32;35
2;3;4;5;6;7;8;10 11
2;3;4;5;6;7;8;10 16
2;3;4;5;6;7;8;10 14;15;17;18;28
2;3;4;5;6;7;8;10 34
16 22
9;19;29;32;35 37
9 #edges, tree 82
0 2;3;4;5;6;7;8;10
0 12;13;31
0 9;19;29;32;35
2;3;4;5;6;7;8;10 11
2;3;4;5;6;7;8;10 16
2;3;4;5;6;7;8;10 22
2;3;4;5;6;7;8;10 14;15;17;18;28
9;19;29;32;35 37
37 34
9 #edges, tree 83
0 2;3;4;5;6;7;8;10
0 12;13;31
0 9;19;29;32;35
2;3;4;5;6;7;8;10 11
2;3;4;5;6;7;8;10 16
2;3;4;5;6;7;8;10 14;15;17;18;28
11 22
9;19;29;32;35 37
37 34
9 #edges, tree 84
0 2;3;4;5;6;7;8;10
0 12;13;31
0 9;19;29;32;35
2;3;4;5;6;7;8;10 11
2;3;4;5;6;7;8;10 16
2;3;4;5;6;7;8;10 14;15;17;18;28
16 22
9;19;29;32;35 37
37 34
9 #edges, tree 85
0 2;3;4;5;6;7;8;10
0 12;13;31
0 9;19;29;32;35
2;3;4;5;6;7;8;10 11
2;3;4;5;6;7;8;10 16
2;3;4;5;6;7;8;10 14;15;17;18;28
16 22
16 34
9;19;29;32;35 37
9 #edges, tree 86
0 2;3;4;5;6;7;8;10
0 12;13;31
0 9;19;29;32;35
2;3;4;5;6;7;8;10 11
2;3;4;5;6;7;8;10 16
2;3;4;5;6;7;8;10 14;15;17;18;28
11 22
16 34
9;19;29;32;35 37
9 #edges, tree 87
0 2;3;4;5;6;7;8;10
0 12;13;31
0 9;19;29;32;35
2;3;4;5;6;7;8;10 11
2;3;4;5;6;7;8;10 16
2;3;4;5;6;7;8;10 22
2;3;4;5;6;7;8;10 14;15;17;18;28
16 34
9;19;29;32;35 37
9 #edges, tree 88
0 2;3;4;5;6;7;8;10
0 12;13;31
0 9;19;29;32;35
2;3;4;5;6;7;8;10 11
2;3;4;5;6;7;8;10 16
2;3;4;5;6;7;8;10 14;15;17;18;28
11 22
11 34
9;19;29;32;35 37
9 #edges, tree 89
0 2;3;4;5;6;7;8;10
0 12;13;31
0 9;19;29;32;35
2;3;4;5;6;7;8;10 11
2;3;4;5;6;7;8;10 16
2;3;4;5;6;7;8;10 22
2;3;4;5;6;7;8;10 14;15;17;18;28
11 34
9;19;29;32;35 37
9 #edges, tree 90
0 2;3;4;5;6;7;8;10
0 12;13;31
0 9;19;29;32;35
2;3;4;5;6;7;8;10 11
2;3;4;5;6;7;8;10 16
2;3;4;5;6;7;8;10 14;15;17;18;28
11 34
16 22
9;19;29;32;35 37
9 #edges, tree 91
0 2;3;4;5;6;7;8;10
0 12;13;31
0 9;19;29;32;35
2;3;4;5;6;7;8;10 11
2;3;4;5;6;7;8;10 16
2;3;4;5;6;7;8;10 14;15;17;18;28
11 22
22 34
9;19;29;32;35 37
9 #edges, tree 92
0 2;3;4;5;6;7;8;10
0 12;13;31
0 9;19;29;32;35
2;3;4;5;6;7;8;10 11
2;3;4;5;6;7;8;10 16
2;3;4;5;6;7;8;10 14;15;17;18;28
11 22
14;15;17;18;28 34
9;19;29;32;35 37
9 #edges, tree 93
0 2;3;4;5;6;7;8;10
0 12;13;31
0 9;19;29;32;35
2;3;4;5;6;7;8;10 11
2;3;4;5;6;7;8;10 16
2;3;4;5;6;7;8;10 14;15;17;18;28
11 22
9;19;29;32;35 34
9;19;29;32;35 37
9 #edges, tree 94
0 2;3;4;5;6;7;8;10
0 12;13;31
0 9;19;29;32;35
2;3;4;5;6;7;8;10 11
2;3;4;5;6;7;8;10 16
2;3;4;5;6;7;8;10 14;15;17;18;28
16 22
22 34
9;19;29;32;35 37
9 #edges, tree 95
0 2;3;4;5;6;7;8;10
0 12;13;31
0 9;19;29;32;35
2;3;4;5;6;7;8;10 11
2;3;4;5;6;7;8;10 16
2;3;4;5;6;7;8;10 14;15;17;18;28
16 22
14;15;17;18;28 34
9;19;29;32;35 37
9 #edges, tree 96
0 2;3;4;5;6;7;8;10
0 12;13;31
0 9;19;29;32;35
2;3;4;5;6;7;8;10 11
2;3;4;5;6;7;8;10 16
2;3;4;5;6;7;8;10 14;15;17;18;28
16 22
9;19;29;32;35 34
9;19;29;32;35 37
9 #edges, tree 97
0 2;3;4;5;6;7;8;10
0 12;13;31
0 9;19;29;32;35
2;3;4;5;6;7;8;10 11
2;3;4;5;6;7;8;10 16
2;3;4;5;6;7;8;10 22
2;3;4;5;6;7;8;10 14;15;17;18;28
9;19;29;32;35 34
9;19;29;32;35 37
9 #edges, tree 98
0 2;3;4;5;6;7;8;10
0 12;13;31
0 9;19;29;32;35
2;3;4;5;6;7;8;10 11
2;3;4;5;6;7;8;10 16
2;3;4;5;6;7;8;10 22
2;3;4;5;6;7;8;10 14;15;17;18;28
22 34
9;19;29;32;35 37
9 #edges, tree 99
0 2;3;4;5;6;7;8;10
0 12;13;31
0 9;19;29;32;35
2;3;4;5;6;7;8;10 11
2;3;4;5;6;7;8;10 16
2;3;4;5;6;7;8;10 22
2;3;4;5;6;7;8;10 14;15;17;18;28
14;15;17;18;28 34
9;19;29;32;35 37
9 #edges, tree 100
0 2;3;4;5;6;7;8;10
0 9;19;29;32;35
0 37
2;3;4;5;6;7;8;10 11
2;3;4;5;6;7;8;10 16
2;3;4;5;6;7;8;10 22
2;3;4;5;6;7;8;10 14;15;17;18;28
2;3;4;5;6;7;8;10 12;13;31
37 34
9 #edges, tree 101
0 2;3;4;5;6;7;8;10
0 9;19;29;32;35
0 37
2;3;4;5;6;7;8;10 11
2;3;4;5;6;7;8;10 16
2;3;4;5;6;7;8;10 22
2;3;4;5;6;7;8;10 14;15;17;18;28
11 12;13;31
37 34
9 #edges, tree 102
0 2;3;4;5;6;7;8;10
0 9;19;29;32;35
0 37
2;3;4;5;6;7;8;10 11
2;3;4;5;6;7;8;10 16
2;3;4;5;6;7;8;10 14;15;17;18;28
2;3;4;5;6;7;8;10 12;13;31
16 22
37 34
9 #edges, tree 103
0 2;3;4;5;6;7;8;10
0 9;19;29;32;35
0 37
2;3;4;5;6;7;8;10 11
2;3;4;5;6;7;8;10 16
2;3;4;5;6;7;8;10 14;15;17;18;28
2;3;4;5;6;7;8;10 12;13;31
11 22
37 34
9 #edges, tree 104
0 2;3;4;5;6;7;8;10
0 9;19;29;32;35
0 37
2;3;4;5;6;7;8;10 11
2;3;4;5;6;7;8;10 16
2;3;4;5;6;7;8;10 14;15;17;18;28
11 12;13;31
16 22
37 34
9 #edges, tree 105
0 2;3;4;5;6;7;8;10
0 9;19;29;32;35
0 37
2;3;4;5;6;7;8;10 11
2;3;4;5;6;7;8;10 16
2;3;4;5;6;7;8;10 14;15;17;18;28
11 22
11 12;13;31
37 34
9 #edges, tree 106
0 2;3;4;5;6;7;8;10
0 9;19;29;32;35
0 37
2;3;4;5;6;7;8;10 11
2;3;4;5;6;7;8;10 16
2;3;4;5;6;7;8;10 22
2;3;4;5;6;7;8;10 14;15;17;18;28
2;3;4;5;6;7;8;10 12;13;31
9;19;29;32;35 34
9 #edges, tree 107
0 2;3;4;5;6;7;8;10
0 9;19;29;32;35
0 37
2;3;4;5;6;7;8;10 11
2;3;4;5;6;7;8;10 16
2;3;4;5;6;7;8;10 22
2;3;4;5;6;7;8;10 14;15;17;18;28
11 12;13;31
9;19;29;32;35 34
9 #edges, tree 108
0 2;3;4;5;6;7;8;10
0 9;19;29;32;35
0 37
2;3;4;5;6;7;8;10 11
2;3;4;5;6;7;8;10 16
2;3;4;5;6;7;8;10 14;15;17;18;28
2;3;4;5;6;7;8;10 12;13;31
16 22
9;19;29;32;35 34
9 #edges, tree 109
0 2;3;4;5;6;7;8;10
0 9;19;29;32;35
0 37
2;3;4;5;6;7;8;10 11
2;3;4;5;6;7;8;10 16
2;3;4;5;6;7;8;10 14;15;17;18;28
11 12;13;31
16 22
9;19;29;32;35 34
9 #edges, tree 110
0 2;3;4;5;6;7;8;10
0 9;19;29;32;35
0 37
2;3;4;5;6;7;8;10 11
2;3;4;5;6;7;8;10 16
2;3;4;5;6;7;8;10 14;15;17;18;28
2;3;4;5;6;7;8;10 12;13;31
11 22
9;19;29;32;35 34
9 #edges, tree 111
0 2;3;4;5;6;7;8;10
0 9;19;29;32;35
0 37
2;3;4;5;6;7;8;10 11
2;3;4;5;6;7;8;10 16
2;3;4;5;6;7;8;10 14;15;17;18;28
11 22
11 12;13;31
9;19;29;32;35 34
9 #edges, tree 112
0 2;3;4;5;6;7;8;10
0 9;19;29;32;35
0 37
2;3;4;5;6;7;8;10 11
2;3;4;5;6;7;8;10 16
2;3;4;5;6;7;8;10 22
2;3;4;5;6;7;8;10 14;15;17;18;28
2;3;4;5;6;7;8;10 12;13;31
2;3;4;5;6;7;8;10 34
9 #edges, tree 113
0 2;3;4;5;6;7;8;10
0 9;19;29;32;35
0 37
2;3;4;5;6;7;8;10 11
2;3;4;5;6;7;8;10 16
2;3;4;5;6;7;8;10 22
2;3;4;5;6;7;8;10 14;15;17;18;28
2;3;4;5;6;7;8;10 34
11 12;13;31
9 #edges, tree 114
0 2;3;4;5;6;7;8;10
0 9;19;29;32;35
0 37
2;3;4;5;6;7;8;10 11
2;3;4;5;6;7;8;10 16
2;3;4;5;6;7;8;10 22
2;3;4;5;6;7;8;10 14;15;17;18;28
2;3;4;5;6;7;8;10 12;13;31
14;15;17;18;28 34
9 #edges, tree 115
0 2;3;4;5;6;7;8;10
0 9;19;29;32;35
0 37
2;3;4;5;6;7;8;10 11
2;3;4;5;6;7;8;10 16
2;3;4;5;6;7;8;10 22
2;3;4;5;6;7;8;10 14;15;17;18;28
11 12;13;31
14;15;17;18;28 34
9 #edges, tree 116
0 2;3;4;5;6;7;8;10
0 9;19;29;32;35
0 37
2;3;4;5;6;7;8;10 11
2;3;4;5;6;7;8;10 16
2;3;4;5;6;7;8;10 22
2;3;4;5;6;7;8;10 14;15;17;18;28
2;3;4;5;6;7;8;10 12;13;31
22 34
9 #edges, tree 117
0 2;3;4;5;6;7;8;10
0 9;19;29;32;35
0 37
2;3;4;5;6;7;8;10 11
2;3;4;5;6;7;8;10 16
2;3;4;5;6;7;8;10 22
2;3;4;5;6;7;8;10 14;15;17;18;28
11 12;13;31
22 34
9 #edges, tree 118
0 2;3;4;5;6;7;8;10
0 9;19;29;32;35
0 37
2;3;4;5;6;7;8;10 11
2;3;4;5;6;7;8;10 16
2;3;4;5;6;7;8;10 22
2;3;4;5;6;7;8;10 14;15;17;18;28
2;3;4;5;6;7;8;10 12;13;31
12;13;31 34
9 #edges, tree 119
0 2;3;4;5;6;7;8;10
0 9;19;29;32;35
0 37
2;3;4;5;6;7;8;10 11
2;3;4;5;6;7;8;10 16
2;3;4;5;6;7;8;10 22
2;3;4;5;6;7;8;10 14;15;17;18;28
2;3;4;5;6;7;8;10 12;13;31
16 34
9 #edges, tree 120
0 2;3;4;5;6;7;8;10
0 9;19;29;32;35
0 37
2;3;4;5;6;7;8;10 11
2;3;4;5;6;7;8;10 16
2;3;4;5;6;7;8;10 22
2;3;4;5;6;7;8;10 14;15;17;18;28
2;3;4;5;6;7;8;10 12;13;31
11 34
9 #edges, tree 121
0 2;3;4;5;6;7;8;10
0 9;19;29;32;35
0 37
2;3;4;5;6;7;8;10 11
2;3;4;5;6;7;8;10 16
2;3;4;5;6;7;8;10 22
2;3;4;5;6;7;8;10 14;15;17;18;28
11 12;13;31
16 34
9 #edges, tree 122
0 2;3;4;5;6;7;8;10
0 9;19;29;32;35
0 37
2;3;4;5;6;7;8;10 11
2;3;4;5;6;7;8;10 16
2;3;4;5;6;7;8;10 22
2;3;4;5;6;7;8;10 14;15;17;18;28
11 12;13;31
11 34
9 #edges, tree 123
0 2;3;4;5;6;7;8;10
0 9;19;29;32;35
0 37
2;3;4;5;6;7;8;10 11
2;3;4;5;6;7;8;10 16
2;3;4;5;6;7;8;10 22
2;3;4;5;6;7;8;10 14;15;17;18;28
11 12;13;31
12;13;31 34
9 #edges, tree 124
0 2;3;4;5;6;7;8;10
0 9;19;29;32;35
0 37
2;3;4;5;6;7;8;10 11
2;3;4;5;6;7;8;10 16
2;3;4;5;6;7;8;10 14;15;17;18;28
2;3;4;5;6;7;8;10 12;13;31
11 22
16 34
9 #edges, tree 125
0 2;3;4;5;6;7;8;10
0 9;19;29;32;35
0 37
2;3;4;5;6;7;8;10 11
2;3;4;5;6;7;8;10 16
2;3;4;5;6;7;8;10 14;15;17;18;28
11 22
11 12;13;31
16 34
9 #edges, tree 126
0 2;3;4;5;6;7;8;10
0 9;19;29;32;35
0 37
2;3;4;5;6;7;8;10 11
2;3;4;5;6;7;8;10 16
2;3;4;5;6;7;8;10 14;15;17;18;28
11 22
11 12;13;31
14;15;17;18;28 34
9 #edges, tree 127
0 2;3;4;5;6;7;8;10
0 9;19;29;32;35
0 37
2;3;4;5;6;7;8;10 11
2;3;4;5;6;7;8;10 16
2;3;4;5;6;7;8;10 14;15;17;18;28
11 22
11 12;13;31
22 34
9 #edges, tree 128
0 2;3;4;5;6;7;8;10
0 9;19;29;32;35
0 37
2;3;4;5;6;7;8;10 11
2;3;4;5;6;7;8;10 16
2;3;4;5;6;7;8;10 14;15;17;18;28
11 22
11 12;13;31
12;13;31 34
9 #edges, tree 129
11 12;13;31
11 22
2;3;4;5;6;7;8;10 34
2;3;4;5;6;7;8;10 14;15;17;18;28
2;3;4;5;6;7;8;10 16
2;3;4;5;6;7;8;10 11
0 37
0 9;19;29;32;35
0 2;3;4;5;6;7;8;10
9 #edges, tree 130
11 34
11 12;13;31
11 22
2;3;4;5;6;7;8;10 14;15;17;18;28
2;3;4;5;6;7;8;10 16
2;3;4;5;6;7;8;10 11
0 37
0 9;19;29;32;35
0 2;3;4;5;6;7;8;10
9 #edges, tree 131
11 34
11 22
2;3;4;5;6;7;8;10 12;13;31
2;3;4;5;6;7;8;10 14;15;17;18;28
2;3;4;5;6;7;8;10 16
2;3;4;5;6;7;8;10 11
0 37
0 9;19;29;32;35
0 2;3;4;5;6;7;8;10
9 #edges, tree 132
22 34
11 22
2;3;4;5;6;7;8;10 12;13;31
2;3;4;5;6;7;8;10 14;15;17;18;28
2;3;4;5;6;7;8;10 16
2;3;4;5;6;7;8;10 11
0 37
0 9;19;29;32;35
0 2;3;4;5;6;7;8;10
9 #edges, tree 133
14;15;17;18;28 34
11 22
2;3;4;5;6;7;8;10 12;13;31
2;3;4;5;6;7;8;10 14;15;17;18;28
2;3;4;5;6;7;8;10 16
2;3;4;5;6;7;8;10 11
0 37
0 9;19;29;32;35
0 2;3;4;5;6;7;8;10
9 #edges, tree 134
11 22
2;3;4;5;6;7;8;10 34
2;3;4;5;6;7;8;10 12;13;31
2;3;4;5;6;7;8;10 14;15;17;18;28
2;3;4;5;6;7;8;10 16
2;3;4;5;6;7;8;10 11
0 37
0 9;19;29;32;35
0 2;3;4;5;6;7;8;10
9 #edges, tree 135
12;13;31 34
11 22
2;3;4;5;6;7;8;10 12;13;31
2;3;4;5;6;7;8;10 14;15;17;18;28
2;3;4;5;6;7;8;10 16
2;3;4;5;6;7;8;10 11
0 37
0 9;19;29;32;35
0 2;3;4;5;6;7;8;10
9 #edges, tree 136
16 22
11 12;13;31
2;3;4;5;6;7;8;10 34
2;3;4;5;6;7;8;10 14;15;17;18;28
2;3;4;5;6;7;8;10 16
2;3;4;5;6;7;8;10 11
0 37
0 9;19;29;32;35
0 2;3;4;5;6;7;8;10
9 #edges, tree 137
16 22
2;3;4;5;6;7;8;10 34
2;3;4;5;6;7;8;10 12;13;31
2;3;4;5;6;7;8;10 14;15;17;18;28
2;3;4;5;6;7;8;10 16
2;3;4;5;6;7;8;10 11
0 37
0 9;19;29;32;35
0 2;3;4;5;6;7;8;10
9 #edges, tree 138
16 22
11 34
11 12;13;31
2;3;4;5;6;7;8;10 14;15;17;18;28
2;3;4;5;6;7;8;10 16
2;3;4;5;6;7;8;10 11
0 37
0 9;19;29;32;35
0 2;3;4;5;6;7;8;10
9 #edges, tree 139
16 22
11 34
2;3;4;5;6;7;8;10 12;13;31
2;3;4;5;6;7;8;10 14;15;17;18;28
2;3;4;5;6;7;8;10 16
2;3;4;5;6;7;8;10 11
0 37
0 9;19;29;32;35
0 2;3;4;5;6;7;8;10
9 #edges, tree 140
14;15;17;18;28 34
16 22
11 12;13;31
2;3;4;5;6;7;8;10 14;15;17;18;28
2;3;4;5;6;7;8;10 16
2;3;4;5;6;7;8;10 11
0 37
0 9;19;29;32;35
0 2;3;4;5;6;7;8;10
9 #edges, tree 141
14;15;17;18;28 34
16 22
2;3;4;5;6;7;8;10 12;13;31
2;3;4;5;6;7;8;10 14;15;17;18;28
2;3;4;5;6;7;8;10 16
2;3;4;5;6;7;8;10 11
0 37
0 9;19;29;32;35
0 2;3;4;5;6;7;8;10
9 #edges, tree 142
12;13;31 34
16 22
2;3;4;5;6;7;8;10 12;13;31
2;3;4;5;6;7;8;10 14;15;17;18;28
2;3;4;5;6;7;8;10 16
2;3;4;5;6;7;8;10 11
0 37
0 9;19;29;32;35
0 2;3;4;5;6;7;8;10
9 #edges, tree 143
22 34
16 22
2;3;4;5;6;7;8;10 12;13;31
2;3;4;5;6;7;8;10 14;15;17;18;28
2;3;4;5;6;7;8;10 16
2;3;4;5;6;7;8;10 11
0 37
0 9;19;29;32;35
0 2;3;4;5;6;7;8;10
9 #edges, tree 144
16 34
16 22
2;3;4;5;6;7;8;10 12;13;31
2;3;4;5;6;7;8;10 14;15;17;18;28
2;3;4;5;6;7;8;10 16
2;3;4;5;6;7;8;10 11
0 37
0 9;19;29;32;35
0 2;3;4;5;6;7;8;10
9 #edges, tree 145
22 34
16 22
11 12;13;31
2;3;4;5;6;7;8;10 14;15;17;18;28
2;3;4;5;6;7;8;10 16
2;3;4;5;6;7;8;10 11
0 37
0 9;19;29;32;35
0 2;3;4;5;6;7;8;10
9 #edges, tree 146
16 34
16 22
11 12;13;31
2;3;4;5;6;7;8;10 14;15;17;18;28
2;3;4;5;6;7;8;10 16
2;3;4;5;6;7;8;10 11
0 37
0 9;19;29;32;35
0 2;3;4;5;6;7;8;10
9 #edges, tree 147
12;13;31 34
16 22
11 12;13;31
2;3;4;5;6;7;8;10 14;15;17;18;28
2;3;4;5;6;7;8;10 16
2;3;4;5;6;7;8;10 11
0 37
0 9;19;29;32;35
0 2;3;4;5;6;7;8;10
9 #edges, tree 148
37 9;19;29;32;35
12;13;31 34
2;3;4;5;6;7;8;10 12;13;31
2;3;4;5;6;7;8;10 14;15;17;18;28
2;3;4;5;6;7;8;10 22
2;3;4;5;6;7;8;10 16
2;3;4;5;6;7;8;10 11
0 37
0 2;3;4;5;6;7;8;10
9 #edges, tree 149
37 9;19;29;32;35
12;13;31 34
11 22
2;3;4;5;6;7;8;10 12;13;31
2;3;4;5;6;7;8;10 14;15;17;18;28
2;3;4;5;6;7;8;10 16
2;3;4;5;6;7;8;10 11
0 37
0 2;3;4;5;6;7;8;10
9 #edges, tree 150
37 9;19;29;32;35
12;13;31 34
16 22
2;3;4;5;6;7;8;10 12;13;31
2;3;4;5;6;7;8;10 14;15;17;18;28
2;3;4;5;6;7;8;10 16
2;3;4;5;6;7;8;10 11
0 37
0 2;3;4;5;6;7;8;10
9 #edges, tree 151
37 9;19;29;32;35
22 34
16 22
2;3;4;5;6;7;8;10 12;13;31
2;3;4;5;6;7;8;10 14;15;17;18;28
2;3;4;5;6;7;8;10 16
2;3;4;5;6;7;8;10 11
0 37
0 2;3;4;5;6;7;8;10
9 #edges, tree 152
37 9;19;29;32;35
9;19;29;32;35 34
16 22
2;3;4;5;6;7;8;10 12;13;31
2;3;4;5;6;7;8;10 14;15;17;18;28
2;3;4;5;6;7;8;10 16
2;3;4;5;6;7;8;10 11
0 37
0 2;3;4;5;6;7;8;10
9 #edges, tree 153
37 9;19;29;32;35
37 34
16 22
2;3;4;5;6;7;8;10 12;13;31
2;3;4;5;6;7;8;10 14;15;17;18;28
2;3;4;5;6;7;8;10 16
2;3;4;5;6;7;8;10 11
0 37
0 2;3;4;5;6;7;8;10
9 #edges, tree 154
37 9;19;29;32;35
16 22
2;3;4;5;6;7;8;10 34
2;3;4;5;6;7;8;10 12;13;31
2;3;4;5;6;7;8;10 14;15;17;18;28
2;3;4;5;6;7;8;10 16
2;3;4;5;6;7;8;10 11
0 37
0 2;3;4;5;6;7;8;10
9 #edges, tree 155
37 9;19;29;32;35
16 22
11 34
2;3;4;5;6;7;8;10 12;13;31
2;3;4;5;6;7;8;10 14;15;17;18;28
2;3;4;5;6;7;8;10 16
2;3;4;5;6;7;8;10 11
0 37
0 2;3;4;5;6;7;8;10
9 #edges, tree 156
37 9;19;29;32;35
14;15;17;18;28 34
16 22
2;3;4;5;6;7;8;10 12;13;31
2;3;4;5;6;7;8;10 14;15;17;18;28
2;3;4;5;6;7;8;10 16
2;3;4;5;6;7;8;10 11
0 37
0 2;3;4;5;6;7;8;10
9 #edges, tree 157
37 9;19;29;32;35
16 34
16 22
2;3;4;5;6;7;8;10 12;13;31
2;3;4;5;6;7;8;10 14;15;17;18;28
2;3;4;5;6;7;8;10 16
2;3;4;5;6;7;8;10 11
0 37
0 2;3;4;5;6;7;8;10
9 #edges, tree 158
37 9;19;29;32;35
37 34
11 22
2;3;4;5;6;7;8;10 12;13;31
2;3;4;5;6;7;8;10 14;15;17;18;28
2;3;4;5;6;7;8;10 16
2;3;4;5;6;7;8;10 11
0 37
0 2;3;4;5;6;7;8;10
9 #edges, tree 159
37 9;19;29;32;35
37 34
2;3;4;5;6;7;8;10 12;13;31
2;3;4;5;6;7;8;10 14;15;17;18;28
2;3;4;5;6;7;8;10 22
2;3;4;5;6;7;8;10 16
2;3;4;5;6;7;8;10 11
0 37
0 2;3;4;5;6;7;8;10
9 #edges, tree 160
37 9;19;29;32;35
9;19;29;32;35 34
2;3;4;5;6;7;8;10 12;13;31
2;3;4;5;6;7;8;10 14;15;17;18;28
2;3;4;5;6;7;8;10 22
2;3;4;5;6;7;8;10 16
2;3;4;5;6;7;8;10 11
0 37
0 2;3;4;5;6;7;8;10
9 #edges, tree 161
37 9;19;29;32;35
9;19;29;32;35 34
11 22
2;3;4;5;6;7;8;10 12;13;31
2;3;4;5;6;7;8;10 14;15;17;18;28
2;3;4;5;6;7;8;10 16
2;3;4;5;6;7;8;10 11
0 37
0 2;3;4;5;6;7;8;10
9 #edges, tree 162
37 9;19;29;32;35
11 34
2;3;4;5;6;7;8;10 12;13;31
2;3;4;5;6;7;8;10 14;15;17;18;28
2;3;4;5;6;7;8;10 22
2;3;4;5;6;7;8;10 16
2;3;4;5;6;7;8;10 11
0 37
0 2;3;4;5;6;7;8;10
9 #edges, tree 163
37 9;19;29;32;35
11 34
11 22
2;3;4;5;6;7;8;10 12;13;31
2;3;4;5;6;7;8;10 14;15;17;18;28
2;3;4;5;6;7;8;10 16
2;3;4;5;6;7;8;10 11
0 37
0 2;3;4;5;6;7;8;10
9 #edges, tree 164
37 9;19;29;32;35
22 34
2;3;4;5;6;7;8;10 12;13;31
2;3;4;5;6;7;8;10 14;15;17;18;28
2;3;4;5;6;7;8;10 22
2;3;4;5;6;7;8;10 16
2;3;4;5;6;7;8;10 11
0 37
0 2;3;4;5;6;7;8;10
9 #edges, tree 165
37 9;19;29;32;35
14;15;17;18;28 34
2;3;4;5;6;7;8;10 12;13;31
2;3;4;5;6;7;8;10 14;15;17;18;28
2;3;4;5;6;7;8;10 22
2;3;4;5;6;7;8;10 16
2;3;4;5;6;7;8;10 11
0 37
0 2;3;4;5;6;7;8;10
9 #edges, tree 166
37 9;19;29;32;35
2;3;4;5;6;7;8;10 34
2;3;4;5;6;7;8;10 12;13;31
2;3;4;5;6;7;8;10 14;15;17;18;28
2;3;4;5;6;7;8;10 22
2;3;4;5;6;7;8;10 16
2;3;4;5;6;7;8;10 11
0 37
0 2;3;4;5;6;7;8;10
9 #edges, tree 167
37 9;19;29;32;35
16 34
2;3;4;5;6;7;8;10 12;13;31
2;3;4;5;6;7;8;10 14;15;17;18;28
2;3;4;5;6;7;8;10 22
2;3;4;5;6;7;8;10 16
2;3;4;5;6;7;8;10 11
0 37
0 2;3;4;5;6;7;8;10
9 #edges, tree 168
37 9;19;29;32;35
14;15;17;18;28 34
11 22
2;3;4;5;6;7;8;10 12;13;31
2;3;4;5;6;7;8;10 14;15;17;18;28
2;3;4;5;6;7;8;10 16
2;3;4;5;6;7;8;10 11
0 37
0 2;3;4;5;6;7;8;10
9 #edges, tree 169
37 9;19;29;32;35
11 22
2;3;4;5;6;7;8;10 34
2;3;4;5;6;7;8;10 12;13;31
2;3;4;5;6;7;8;10 14;15;17;18;28
2;3;4;5;6;7;8;10 16
2;3;4;5;6;7;8;10 11
0 37
0 2;3;4;5;6;7;8;10
9 #edges, tree 170
37 9;19;29;32;35
16 34
11 22
2;3;4;5;6;7;8;10 12;13;31
2;3;4;5;6;7;8;10 14;15;17;18;28
2;3;4;5;6;7;8;10 16
2;3;4;5;6;7;8;10 11
0 37
0 2;3;4;5;6;7;8;10
9 #edges, tree 171
37 9;19;29;32;35
22 34
11 22
2;3;4;5;6;7;8;10 12;13;31
2;3;4;5;6;7;8;10 14;15;17;18;28
2;3;4;5;6;7;8;10 16
2;3;4;5;6;7;8;10 11
0 37
0 2;3;4;5;6;7;8;10
9 #edges, tree 172
37 9;19;29;32;35
22 34
11 12;13;31
2;3;4;5;6;7;8;10 14;15;17;18;28
2;3;4;5;6;7;8;10 22
2;3;4;5;6;7;8;10 16
2;3;4;5;6;7;8;10 11
0 37
0 2;3;4;5;6;7;8;10
9 #edges, tree 173
37 9;19;29;32;35
9;19;29;32;35 34
11 12;13;31
2;3;4;5;6;7;8;10 14;15;17;18;28
2;3;4;5;6;7;8;10 22
2;3;4;5;6;7;8;10 16
2;3;4;5;6;7;8;10 11
0 37
0 2;3;4;5;6;7;8;10
9 #edges, tree 174
37 9;19;29;32;35
11 12;13;31
2;3;4;5;6;7;8;10 34
2;3;4;5;6;7;8;10 14;15;17;18;28
2;3;4;5;6;7;8;10 22
2;3;4;5;6;7;8;10 16
2;3;4;5;6;7;8;10 11
0 37
0 2;3;4;5;6;7;8;10
9 #edges, tree 175
37 9;19;29;32;35
37 34
11 12;13;31
2;3;4;5;6;7;8;10 14;15;17;18;28
2;3;4;5;6;7;8;10 22
2;3;4;5;6;7;8;10 16
2;3;4;5;6;7;8;10 11
0 37
0 2;3;4;5;6;7;8;10
9 #edges, tree 176
37 9;19;29;32;35
11 34
11 12;13;31
2;3;4;5;6;7;8;10 14;15;17;18;28
2;3;4;5;6;7;8;10 22
2;3;4;5;6;7;8;10 16
2;3;4;5;6;7;8;10 11
0 37
0 2;3;4;5;6;7;8;10
9 #edges, tree 177
37 9;19;29;32;35
14;15;17;18;28 34
11 12;13;31
2;3;4;5;6;7;8;10 14;15;17;18;28
2;3;4;5;6;7;8;10 22
2;3;4;5;6;7;8;10 16
2;3;4;5;6;7;8;10 11
0 37
0 2;3;4;5;6;7;8;10
9 #edges, tree 178
37 9;19;29;32;35
12;13;31 34
11 12;13;31
2;3;4;5;6;7;8;10 14;15;17;18;28
2;3;4;5;6;7;8;10 22
2;3;4;5;6;7;8;10 16
2;3;4;5;6;7;8;10 11
0 37
0 2;3;4;5;6;7;8;10
9 #edges, tree 179
37 9;19;29;32;35
16 34
11 12;13;31
2;3;4;5;6;7;8;10 14;15;17;18;28
2;3;4;5;6;7;8;10 22
2;3;4;5;6;7;8;10 16
2;3;4;5;6;7;8;10 11
0 37
0 2;3;4;5;6;7;8;10
9 #edges, tree 180
37 9;19;29;32;35
37 34
16 22
11 12;13;31
2;3;4;5;6;7;8;10 14;15;17;18;28
2;3;4;5;6;7;8;10 16
2;3;4;5;6;7;8;10 11
0 37
0 2;3;4;5;6;7;8;10
9 #edges, tree 181
37 9;19;29;32;35
37 34
11 12;13;31
11 22
2;3;4;5;6;7;8;10 14;15;17;18;28
2;3;4;5;6;7;8;10 16
2;3;4;5;6;7;8;10 11
0 37
0 2;3;4;5;6;7;8;10
9 #edges, tree 182
37 9;19;29;32;35
14;15;17;18;28 34
11 12;13;31
11 22
2;3;4;5;6;7;8;10 14;15;17;18;28
2;3;4;5;6;7;8;10 16
2;3;4;5;6;7;8;10 11
0 37
0 2;3;4;5;6;7;8;10
9 #edges, tree 183
37 9;19;29;32;35
14;15;17;18;28 34
16 22
11 12;13;31
2;3;4;5;6;7;8;10 14;15;17;18;28
2;3;4;5;6;7;8;10 16
2;3;4;5;6;7;8;10 11
0 37
0 2;3;4;5;6;7;8;10
9 #edges, tree 184
37 9;19;29;32;35
9;19;29;32;35 34
11 12;13;31
11 22
2;3;4;5;6;7;8;10 14;15;17;18;28
2;3;4;5;6;7;8;10 16
2;3;4;5;6;7;8;10 11
0 37
0 2;3;4;5;6;7;8;10
9 #edges, tree 185
37 9;19;29;32;35
9;19;29;32;35 34
16 22
11 12;13;31
2;3;4;5;6;7;8;10 14;15;17;18;28
2;3;4;5;6;7;8;10 16
2;3;4;5;6;7;8;10 11
0 37
0 2;3;4;5;6;7;8;10
9 #edges, tree 186
37 9;19;29;32;35
16 34
16 22
11 12;13;31
2;3;4;5;6;7;8;10 14;15;17;18;28
2;3;4;5;6;7;8;10 16
2;3;4;5;6;7;8;10 11
0 37
0 2;3;4;5;6;7;8;10
9 #edges, tree 187
37 9;19;29;32;35
22 34
16 22
11 12;13;31
2;3;4;5;6;7;8;10 14;15;17;18;28
2;3;4;5;6;7;8;10 16
2;3;4;5;6;7;8;10 11
0 37
0 2;3;4;5;6;7;8;10
9 #edges, tree 188
37 9;19;29;32;35
16 22
11 12;13;31
2;3;4;5;6;7;8;10 34
2;3;4;5;6;7;8;10 14;15;17;18;28
2;3;4;5;6;7;8;10 16
2;3;4;5;6;7;8;10 11
0 37
0 2;3;4;5;6;7;8;10
9 #edges, tree 189
37 9;19;29;32;35
16 22
11 34
11 12;13;31
2;3;4;5;6;7;8;10 14;15;17;18;28
2;3;4;5;6;7;8;10 16
2;3;4;5;6;7;8;10 11
0 37
0 2;3;4;5;6;7;8;10
9 #edges, tree 190
37 9;19;29;32;35
12;13;31 34
16 22
11 12;13;31
2;3;4;5;6;7;8;10 14;15;17;18;28
2;3;4;5;6;7;8;10 16
2;3;4;5;6;7;8;10 11
0 37
0 2;3;4;5;6;7;8;10
9 #edges, tree 191
37 9;19;29;32;35
12;13;31 34
11 12;13;31
11 22
2;3;4;5;6;7;8;10 14;15;17;18;28
2;3;4;5;6;7;8;10 16
2;3;4;5;6;7;8;10 11
0 37
0 2;3;4;5;6;7;8;10
9 #edges, tree 192
37 9;19;29;32;35
11 12;13;31
11 22
2;3;4;5;6;7;8;10 34
2;3;4;5;6;7;8;10 14;15;17;18;28
2;3;4;5;6;7;8;10 16
2;3;4;5;6;7;8;10 11
0 37
0 2;3;4;5;6;7;8;10
9 #edges, tree 193
37 9;19;29;32;35
11 34
11 12;13;31
11 22
2;3;4;5;6;7;8;10 14;15;17;18;28
2;3;4;5;6;7;8;10 16
2;3;4;5;6;7;8;10 11
0 37
0 2;3;4;5;6;7;8;10
9 #edges, tree 194
37 9;19;29;32;35
16 34
11 12;13;31
11 22
2;3;4;5;6;7;8;10 14;15;17;18;28
2;3;4;5;6;7;8;10 16
2;3;4;5;6;7;8;10 11
0 37
0 2;3;4;5;6;7;8;10
9 #edges, tree 195
37 9;19;29;32;35
22 34
11 12;13;31
11 22
2;3;4;5;6;7;8;10 14;15;17;18;28
2;3;4;5;6;7;8;10 16
2;3;4;5;6;7;8;10 11
0 37
0 2;3;4;5;6;7;8;10
9 #edges, tree 196
37 34
9;19;29;32;35 37
11 22
2;3;4;5;6;7;8;10 12;13;31
2;3;4;5;6;7;8;10 14;15;17;18;28
2;3;4;5;6;7;8;10 16
2;3;4;5;6;7;8;10 11
0 9;19;29;32;35
0 2;3;4;5;6;7;8;10
9 #edges, tree 197
37 34
9;19;29;32;35 37
16 22
2;3;4;5;6;7;8;10 12;13;31
2;3;4;5;6;7;8;10 14;15;17;18;28
2;3;4;5;6;7;8;10 16
2;3;4;5;6;7;8;10 11
0 9;19;29;32;35
0 2;3;4;5;6;7;8;10
9 #edges, tree 198
37 34
9;19;29;32;35 37
2;3;4;5;6;7;8;10 12;13;31
2;3;4;5;6;7;8;10 14;15;17;18;28
2;3;4;5;6;7;8;10 22
2;3;4;5;6;7;8;10 16
2;3;4;5;6;7;8;10 11
0 9;19;29;32;35
0 2;3;4;5;6;7;8;10
9 #edges, tree 199
37 34
9;19;29;32;35 37
11 12;13;31
11 22
2;3;4;5;6;7;8;10 14;15;17;18;28
2;3;4;5;6;7;8;10 16
2;3;4;5;6;7;8;10 11
0 9;19;29;32;35
0 2;3;4;5;6;7;8;10
9 #edges, tree 200
37 34
9;19;29;32;35 37
11 12;13;31
2;3;4;5;6;7;8;10 14;15;17;18;28
2;3;4;5;6;7;8;10 22
2;3;4;5;6;7;8;10 16
2;3;4;5;6;7;8;10 11
0 9;19;29;32;35
0 2;3;4;5;6;7;8;10
9 #edges, tree 201
37 34
9;19;29;32;35 37
16 22
11 12;13;31
2;3;4;5;6;7;8;10 14;15;17;18;28
2;3;4;5;6;7;8;10 16
2;3;4;5;6;7;8;10 11
0 9;19;29;32;35
0 2;3;4;5;6;7;8;10
9 #edges, tree 202
9;19;29;32;35 37
9;19;29;32;35 34
2;3;4;5;6;7;8;10 12;13;31
2;3;4;5;6;7;8;10 14;15;17;18;28
2;3;4;5;6;7;8;10 22
2;3;4;5;6;7;8;10 16
2;3;4;5;6;7;8;10 11
0 9;19;29;32;35
0 2;3;4;5;6;7;8;10
9 #edges, tree 203
9;19;29;32;35 37
9;19;29;32;35 34
11 12;13;31
2;3;4;5;6;7;8;10 14;15;17;18;28
2;3;4;5;6;7;8;10 22
2;3;4;5;6;7;8;10 16
2;3;4;5;6;7;8;10 11
0 9;19;29;32;35
0 2;3;4;5;6;7;8;10
9 #edges, tree 204
9;19;29;32;35 37
9;19;29;32;35 34
11 22
2;3;4;5;6;7;8;10 12;13;31
2;3;4;5;6;7;8;10 14;15;17;18;28
2;3;4;5;6;7;8;10 16
2;3;4;5;6;7;8;10 11
0 9;19;29;32;35
0 2;3;4;5;6;7;8;10
9 #edges, tree 205
9;19;29;32;35 37
9;19;29;32;35 34
16 22
2;3;4;5;6;7;8;10 12;13;31
2;3;4;5;6;7;8;10 14;15;17;18;28
2;3;4;5;6;7;8;10 16
2;3;4;5;6;7;8;10 11
0 9;19;29;32;35
0 2;3;4;5;6;7;8;10
9 #edges, tree 206
9;19;29;32;35 37
9;19;29;32;35 34
16 22
11 12;13;31
2;3;4;5;6;7;8;10 14;15;17;18;28
2;3;4;5;6;7;8;10 16
2;3;4;5;6;7;8;10 11
0 9;19;29;32;35
0 2;3;4;5;6;7;8;10
9 #edges, tree 207
9;19;29;32;35 37
9;19;29;32;35 34
11 12;13;31
11 22
2;3;4;5;6;7;8;10 14;15;17;18;28
2;3;4;5;6;7;8;10 16
2;3;4;5;6;7;8;10 11
0 9;19;29;32;35
0 2;3;4;5;6;7;8;10
9 #edges, tree 208
9;19;29;32;35 37
16 34
2;3;4;5;6;7;8;10 12;13;31
2;3;4;5;6;7;8;10 14;15;17;18;28
2;3;4;5;6;7;8;10 22
2;3;4;5;6;7;8;10 16
2;3;4;5;6;7;8;10 11
0 9;19;29;32;35
0 2;3;4;5;6;7;8;10
9 #edges, tree 209
9;19;29;32;35 37
16 34
16 22
2;3;4;5;6;7;8;10 12;13;31
2;3;4;5;6;7;8;10 14;15;17;18;28
2;3;4;5;6;7;8;10 16
2;3;4;5;6;7;8;10 11
0 9;19;29;32;35
0 2;3;4;5;6;7;8;10
9 #edges, tree 210
9;19;29;32;35 37
16 34
11 22
2;3;4;5;6;7;8;10 12;13;31
2;3;4;5;6;7;8;10 14;15;17;18;28
2;3;4;5;6;7;8;10 16
2;3;4;5;6;7;8;10 11
0 9;19;29;32;35
0 2;3;4;5;6;7;8;10
9 #edges, tree 211
9;19;29;32;35 37
16 34
11 12;13;31
2;3;4;5;6;7;8;10 14;15;17;18;28
2;3;4;5;6;7;8;10 22
2;3;4;5;6;7;8;10 16
2;3;4;5;6;7;8;10 11
0 9;19;29;32;35
0 2;3;4;5;6;7;8;10
9 #edges, tree 212
9;19;29;32;35 37
16 34
16 22
11 12;13;31
2;3;4;5;6;7;8;10 14;15;17;18;28
2;3;4;5;6;7;8;10 16
2;3;4;5;6;7;8;10 11
0 9;19;29;32;35
0 2;3;4;5;6;7;8;10
9 #edges, tree 213
9;19;29;32;35 37
16 34
11 12;13;31
11 22
2;3;4;5;6;7;8;10 14;15;17;18;28
2;3;4;5;6;7;8;10 16
2;3;4;5;6;7;8;10 11
0 9;19;29;32;35
0 2;3;4;5;6;7;8;10
9 #edges, tree 214
9;19;29;32;35 37
14;15;17;18;28 34
16 22
2;3;4;5;6;7;8;10 12;13;31
2;3;4;5;6;7;8;10 14;15;17;18;28
2;3;4;5;6;7;8;10 16
2;3;4;5;6;7;8;10 11
0 9;19;29;32;35
0 2;3;4;5;6;7;8;10
9 #edges, tree 215
9;19;29;32;35 37
12;13;31 34
16 22
2;3;4;5;6;7;8;10 12;13;31
2;3;4;5;6;7;8;10 14;15;17;18;28
2;3;4;5;6;7;8;10 16
2;3;4;5;6;7;8;10 11
0 9;19;29;32;35
0 2;3;4;5;6;7;8;10
9 #edges, tree 216
9;19;29;32;35 37
22 34
16 22
2;3;4;5;6;7;8;10 12;13;31
2;3;4;5;6;7;8;10 14;15;17;18;28
2;3;4;5;6;7;8;10 16
2;3;4;5;6;7;8;10 11
0 9;19;29;32;35
0 2;3;4;5;6;7;8;10
9 #edges, tree 217
9;19;29;32;35 37
16 22
2;3;4;5;6;7;8;10 34
2;3;4;5;6;7;8;10 12;13;31
2;3;4;5;6;7;8;10 14;15;17;18;28
2;3;4;5;6;7;8;10 16
2;3;4;5;6;7;8;10 11
0 9;19;29;32;35
0 2;3;4;5;6;7;8;10
9 #edges, tree 218
9;19;29;32;35 37
16 22
11 34
2;3;4;5;6;7;8;10 12;13;31
2;3;4;5;6;7;8;10 14;15;17;18;28
2;3;4;5;6;7;8;10 16
2;3;4;5;6;7;8;10 11
0 9;19;29;32;35
0 2;3;4;5;6;7;8;10
9 #edges, tree 219
9;19;29;32;35 37
2;3;4;5;6;7;8;10 34
2;3;4;5;6;7;8;10 12;13;31
2;3;4;5;6;7;8;10 14;15;17;18;28
2;3;4;5;6;7;8;10 22
2;3;4;5;6;7;8;10 16
2;3;4;5;6;7;8;10 11
0 9;19;29;32;35
0 2;3;4;5;6;7;8;10
9 #edges, tree 220
9;19;29;32;35 37
11 22
2;3;4;5;6;7;8;10 34
2;3;4;5;6;7;8;10 12;13;31
2;3;4;5;6;7;8;10 14;15;17;18;28
2;3;4;5;6;7;8;10 16
2;3;4;5;6;7;8;10 11
0 9;19;29;32;35
0 2;3;4;5;6;7;8;10
9 #edges, tree 221
9;19;29;32;35 37
12;13;31 34
11 22
2;3;4;5;6;7;8;10 12;13;31
2;3;4;5;6;7;8;10 14;15;17;18;28
2;3;4;5;6;7;8;10 16
2;3;4;5;6;7;8;10 11
0 9;19;29;32;35
0 2;3;4;5;6;7;8;10
9 #edges, tree 222
9;19;29;32;35 37
12;13;31 34
2;3;4;5;6;7;8;10 12;13;31
2;3;4;5;6;7;8;10 14;15;17;18;28
2;3;4;5;6;7;8;10 22
2;3;4;5;6;7;8;10 16
2;3;4;5;6;7;8;10 11
0 9;19;29;32;35
0 2;3;4;5;6;7;8;10
9 #edges, tree 223
9;19;29;32;35 37
11 34
11 22
2;3;4;5;6;7;8;10 12;13;31
2;3;4;5;6;7;8;10 14;15;17;18;28
2;3;4;5;6;7;8;10 16
2;3;4;5;6;7;8;10 11
0 9;19;29;32;35
0 2;3;4;5;6;7;8;10
9 #edges, tree 224
9;19;29;32;35 37
11 34
2;3;4;5;6;7;8;10 12;13;31
2;3;4;5;6;7;8;10 14;15;17;18;28
2;3;4;5;6;7;8;10 22
2;3;4;5;6;7;8;10 16
2;3;4;5;6;7;8;10 11
0 9;19;29;32;35
0 2;3;4;5;6;7;8;10
9 #edges, tree 225
9;19;29;32;35 37
22 34
11 22
2;3;4;5;6;7;8;10 12;13;31
2;3;4;5;6;7;8;10 14;15;17;18;28
2;3;4;5;6;7;8;10 16
2;3;4;5;6;7;8;10 11
0 9;19;29;32;35
0 2;3;4;5;6;7;8;10
9 #edges, tree 226
9;19;29;32;35 37
14;15;17;18;28 34
11 22
2;3;4;5;6;7;8;10 12;13;31
2;3;4;5;6;7;8;10 14;15;17;18;28
2;3;4;5;6;7;8;10 16
2;3;4;5;6;7;8;10 11
0 9;19;29;32;35
0 2;3;4;5;6;7;8;10
9 #edges, tree 227
9;19;29;32;35 37
14;15;17;18;28 34
2;3;4;5;6;7;8;10 12;13;31
2;3;4;5;6;7;8;10 14;15;17;18;28
2;3;4;5;6;7;8;10 22
2;3;4;5;6;7;8;10 16
2;3;4;5;6;7;8;10 11
0 9;19;29;32;35
0 2;3;4;5;6;7;8;10
9 #edges, tree 228
9;19;29;32;35 37
22 34
2;3;4;5;6;7;8;10 12;13;31
2;3;4;5;6;7;8;10 14;15;17;18;28
2;3;4;5;6;7;8;10 22
2;3;4;5;6;7;8;10 16
2;3;4;5;6;7;8;10 11
0 9;19;29;32;35
0 2;3;4;5;6;7;8;10
9 #edges, tree 229
9;19;29;32;35 37
14;15;17;18;28 34
11 12;13;31
2;3;4;5;6;7;8;10 14;15;17;18;28
2;3;4;5;6;7;8;10 22
2;3;4;5;6;7;8;10 16
2;3;4;5;6;7;8;10 11
0 9;19;29;32;35
0 2;3;4;5;6;7;8;10
9 #edges, tree 230
9;19;29;32;35 37
14;15;17;18;28 34
16 22
11 12;13;31
2;3;4;5;6;7;8;10 14;15;17;18;28
2;3;4;5;6;7;8;10 16
2;3;4;5;6;7;8;10 11
0 9;19;29;32;35
0 2;3;4;5;6;7;8;10
9 #edges, tree 231
9;19;29;32;35 37
14;15;17;18;28 34
11 12;13;31
11 22
2;3;4;5;6;7;8;10 14;15;17;18;28
2;3;4;5;6;7;8;10 16
2;3;4;5;6;7;8;10 11
0 9;19;29;32;35
0 2;3;4;5;6;7;8;10
9 #edges, tree 232
9;19;29;32;35 37
11 12;13;31
2;3;4;5;6;7;8;10 34
2;3;4;5;6;7;8;10 14;15;17;18;28
2;3;4;5;6;7;8;10 22
2;3;4;5;6;7;8;10 16
2;3;4;5;6;7;8;10 11
0 9;19;29;32;35
0 2;3;4;5;6;7;8;10
9 #edges, tree 233
9;19;29;32;35 37
22 34
11 12;13;31
2;3;4;5;6;7;8;10 14;15;17;18;28
2;3;4;5;6;7;8;10 22
2;3;4;5;6;7;8;10 16
2;3;4;5;6;7;8;10 11
0 9;19;29;32;35
0 2;3;4;5;6;7;8;10
9 #edges, tree 234
9;19;29;32;35 37
11 34
11 12;13;31
2;3;4;5;6;7;8;10 14;15;17;18;28
2;3;4;5;6;7;8;10 22
2;3;4;5;6;7;8;10 16
2;3;4;5;6;7;8;10 11
0 9;19;29;32;35
0 2;3;4;5;6;7;8;10
9 #edges, tree 235
9;19;29;32;35 37
12;13;31 34
11 12;13;31
2;3;4;5;6;7;8;10 14;15;17;18;28
2;3;4;5;6;7;8;10 22
2;3;4;5;6;7;8;10 16
2;3;4;5;6;7;8;10 11
0 9;19;29;32;35
0 2;3;4;5;6;7;8;10
9 #edges, tree 236
9;19;29;32;35 37
22 34
16 22
11 12;13;31
2;3;4;5;6;7;8;10 14;15;17;18;28
2;3;4;5;6;7;8;10 16
2;3;4;5;6;7;8;10 11
0 9;19;29;32;35
0 2;3;4;5;6;7;8;10
9 #edges, tree 237
9;19;29;32;35 37
16 22
11 12;13;31
2;3;4;5;6;7;8;10 34
2;3;4;5;6;7;8;10 14;15;17;18;28
2;3;4;5;6;7;8;10 16
2;3;4;5;6;7;8;10 11
0 9;19;29;32;35
0 2;3;4;5;6;7;8;10
9 #edges, tree 238
9;19;29;32;35 37
16 22
11 34
11 12;13;31
2;3;4;5;6;7;8;10 14;15;17;18;28
2;3;4;5;6;7;8;10 16
2;3;4;5;6;7;8;10 11
0 9;19;29;32;35
0 2;3;4;5;6;7;8;10
9 #edges, tree 239
9;19;29;32;35 37
12;13;31 34
16 22
11 12;13;31
2;3;4;5;6;7;8;10 14;15;17;18;28
2;3;4;5;6;7;8;10 16
2;3;4;5;6;7;8;10 11
0 9;19;29;32;35
0 2;3;4;5;6;7;8;10
9 #edges, tree 240
9;19;29;32;35 37
11 34
11 12;13;31
11 22
2;3;4;5;6;7;8;10 14;15;17;18;28
2;3;4;5;6;7;8;10 16
2;3;4;5;6;7;8;10 11
0 9;19;29;32;35
0 2;3;4;5;6;7;8;10
9 #edges, tree 241
9;19;29;32;35 37
11 12;13;31
11 22
2;3;4;5;6;7;8;10 34
2;3;4;5;6;7;8;10 14;15;17;18;28
2;3;4;5;6;7;8;10 16
2;3;4;5;6;7;8;10 11
0 9;19;29;32;35
0 2;3;4;5;6;7;8;10
9 #edges, tree 242
9;19;29;32;35 37
12;13;31 34
11 12;13;31
11 22
2;3;4;5;6;7;8;10 14;15;17;18;28
2;3;4;5;6;7;8;10 16
2;3;4;5;6;7;8;10 11
0 9;19;29;32;35
0 2;3;4;5;6;7;8;10
9 #edges, tree 243
9;19;29;32;35 37
22 34
11 12;13;31
11 22
2;3;4;5;6;7;8;10 14;15;17;18;28
2;3;4;5;6;7;8;10 16
2;3;4;5;6;7;8;10 11
0 9;19;29;32;35
0 2;3;4;5;6;7;8;10
