# 10 out of 10 mutations
625 #trees
9 #edges, tree 1
4 14;19
2 30
2 21;23;25
2 9;20
0 1;10;12;27;29;31;32;33;35
0 8;26;28
0 7;11
0 4
0 2
9 #edges, tree 2
0 2
0 4
0 7;11
0 8;26;28
0 1;10;12;27;29;31;32;33;35
2 9;20
2 30
4 14;19
9;20 21;23;25
9 #edges, tree 3
4 14;19
2 30
2 9;20
0 1;10;12;27;29;31;32;33;35
0 8;26;28
0 21;23;25
0 7;11
0 4
0 2
9 #edges, tree 4
7;11 14;19
2 30
2 9;20
0 1;10;12;27;29;31;32;33;35
0 8;26;28
0 21;23;25
0 7;11
0 4
0 2
9 #edges, tree 5
0 2
0 4
0 7;11
0 21;23;25
0 8;26;28
0 1;10;12;27;29;31;32;33;35
2 14;19
2 9;20
2 30
9 #edges, tree 6
0 2
0 4
0 7;11
0 21;23;25
0 8;26;28
0 1;10;12;27;29;31;32;33;35
2 9;20
2 30
30 14;19
9 #edges, tree 7
0 2
0 4
0 7;11
0 14;19
0 21;23;25
0 8;26;28
0 1;10;12;27;29;31;32;33;35
2 9;20
2 30
9 #edges, tree 8
0 2
0 4
0 7;11
0 21;23;25
0 8;26;28
0 1;10;12;27;29;31;32;33;35
2 9;20
2 30
21;23;25 14;19
9 #edges, tree 9
9;20 21;23;25
2 30
2 9;20
0 1;10;12;27;29;31;32;33;35
0 8;26;28
0 14;19
0 7;11
0 4
0 2
9 #edges, tree 10
9;20 21;23;25
2 30
2 9;20
2 14;19
0 1;10;12;27;29;31;32;33;35
0 8;26;28
0 7;11
0 4
0 2
9 #edges, tree 11
30 14;19
9;20 21;23;25
2 30
2 9;20
0 1;10;12;27;29;31;32;33;35
0 8;26;28
0 7;11
0 4
0 2
9 #edges, tree 12
9;20 21;23;25
7;11 14;19
2 30
2 9;20
0 1;10;12;27;29;31;32;33;35
0 8;26;28
0 7;11
0 4
0 2
9 #edges, tree 13
21;23;25 14;19
2 30
2 21;23;25
2 9;20
0 1;10;12;27;29;31;32;33;35
0 8;26;28
0 7;11
0 4
0 2
9 #edges, tree 14
7;11 14;19
2 30
2 21;23;25
2 9;20
0 1;10;12;27;29;31;32;33;35
0 8;26;28
0 7;11
0 4
0 2
9 #edges, tree 15
2 30
2 21;23;25
2 9;20
2 14;19
0 1;10;12;27;29;31;32;33;35
0 8;26;28
0 7;11
0 4
0 2
9 #edges, tree 16
2 30
2 21;23;25
2 9;20
0 1;10;12;27;29;31;32;33;35
0 8;26;28
0 14;19
0 7;11
0 4
0 2
9 #edges, tree 17
0 2
0 4
0 7;11
0 8;26;28
0 1;10;12;27;29;31;32;33;35
2 9;20
2 21;23;25
2 30
30 14;19
9 #edges, tree 18
0 2
0 4
0 7;11
0 8;26;28
0 1;10;12;27;29;31;32;33;35
2 14;19
2 9;20
2 21;23;25
8;26;28 30
9 #edges, tree 19
0 2
0 4
0 7;11
0 8;26;28
0 1;10;12;27;29;31;32;33;35
2 14;19
2 9;20
2 21;23;25
4 30
9 #edges, tree 20
0 2
0 4
0 7;11
0 8;26;28
0 30
0 1;10;12;27;29;31;32;33;35
2 14;19
2 9;20
2 21;23;25
9 #edges, tree 21
0 2
0 4
0 7;11
0 21;23;25
0 8;26;28
0 30
0 1;10;12;27;29;31;32;33;35
2 14;19
2 9;20
9 #edges, tree 22
0 2
0 4
0 7;11
0 8;26;28
0 30
0 1;10;12;27;29;31;32;33;35
2 14;19
2 9;20
9;20 21;23;25
9 #edges, tree 23
0 2
0 4
0 7;11
0 21;23;25
0 8;26;28
0 1;10;12;27;29;31;32;33;35
2 14;19
2 9;20
8;26;28 30
9 #edges, tree 24
0 2
0 4
0 7;11
0 8;26;28
0 1;10;12;27;29;31;32;33;35
2 14;19
2 9;20
9;20 21;23;25
8;26;28 30
9 #edges, tree 25
0 2
0 4
0 7;11
0 8;26;28
0 1;10;12;27;29;31;32;33;35
2 14;19
2 9;20
4 30
9;20 21;23;25
9 #edges, tree 26
0 2
0 4
0 7;11
0 21;23;25
0 8;26;28
0 1;10;12;27;29;31;32;33;35
2 14;19
2 9;20
4 30
9 #edges, tree 27
0 2
0 4
0 7;11
0 21;23;25
0 8;26;28
0 1;10;12;27;29;31;32;33;35
2 9;20
4 14;19
4 30
9 #edges, tree 28
0 2
0 4
0 7;11
0 21;23;25
0 8;26;28
0 30
0 1;10;12;27;29;31;32;33;35
2 9;20
4 14;19
9 #edges, tree 29
0 2
0 4
0 7;11
0 21;23;25
0 8;26;28
0 1;10;12;27;29;31;32;33;35
2 9;20
4 14;19
8;26;28 30
9 #edges, tree 30
0 2
0 4
0 7;11
0 8;26;28
0 30
0 1;10;12;27;29;31;32;33;35
2 9;20
2 21;23;25
4 14;19
9 #edges, tree 31
0 2
0 4
0 7;11
0 8;26;28
0 1;10;12;27;29;31;32;33;35
2 9;20
2 21;23;25
4 14;19
4 30
9 #edges, tree 32
0 2
0 4
0 7;11
0 8;26;28
0 1;10;12;27;29;31;32;33;35
2 9;20
2 21;23;25
4 14;19
8;26;28 30
9 #edges, tree 33
9;20 21;23;25
4 14;19
2 9;20
0 1;10;12;27;29;31;32;33;35
0 30
0 8;26;28
0 7;11
0 4
0 2
9 #edges, tree 34
8;26;28 30
9;20 21;23;25
4 14;19
2 9;20
0 1;10;12;27;29;31;32;33;35
0 8;26;28
0 7;11
0 4
0 2
9 #edges, tree 35
9;20 21;23;25
4 30
4 14;19
2 9;20
0 1;10;12;27;29;31;32;33;35
0 8;26;28
0 7;11
0 4
0 2
9 #edges, tree 36
2 21;23;25
2 9;20
0 1;10;12;27;29;31;32;33;35
0 30
0 8;26;28
0 14;19
0 7;11
0 4
0 2
9 #edges, tree 37
2 9;20
0 1;10;12;27;29;31;32;33;35
0 30
0 8;26;28
0 21;23;25
0 14;19
0 7;11
0 4
0 2
9 #edges, tree 38
9;20 21;23;25
2 9;20
0 1;10;12;27;29;31;32;33;35
0 30
0 8;26;28
0 14;19
0 7;11
0 4
0 2
9 #edges, tree 39
21;23;25 14;19
2 9;20
0 1;10;12;27;29;31;32;33;35
0 30
0 8;26;28
0 21;23;25
0 7;11
0 4
0 2
9 #edges, tree 40
30 14;19
2 9;20
0 1;10;12;27;29;31;32;33;35
0 30
0 8;26;28
0 21;23;25
0 7;11
0 4
0 2
9 #edges, tree 41
7;11 14;19
2 9;20
0 1;10;12;27;29;31;32;33;35
0 30
0 8;26;28
0 21;23;25
0 7;11
0 4
0 2
9 #edges, tree 42
30 14;19
2 21;23;25
2 9;20
0 1;10;12;27;29;31;32;33;35
0 30
0 8;26;28
0 7;11
0 4
0 2
9 #edges, tree 43
7;11 14;19
2 21;23;25
2 9;20
0 1;10;12;27;29;31;32;33;35
0 30
0 8;26;28
0 7;11
0 4
0 2
9 #edges, tree 44
21;23;25 14;19
2 21;23;25
2 9;20
0 1;10;12;27;29;31;32;33;35
0 30
0 8;26;28
0 7;11
0 4
0 2
9 #edges, tree 45
30 14;19
9;20 21;23;25
2 9;20
0 1;10;12;27;29;31;32;33;35
0 30
0 8;26;28
0 7;11
0 4
0 2
9 #edges, tree 46
9;20 21;23;25
7;11 14;19
2 9;20
0 1;10;12;27;29;31;32;33;35
0 30
0 8;26;28
0 7;11
0 4
0 2
9 #edges, tree 47
4 30
2 9;20
0 1;10;12;27;29;31;32;33;35
0 8;26;28
0 21;23;25
0 14;19
0 7;11
0 4
0 2
9 #edges, tree 48
8;26;28 30
2 9;20
0 1;10;12;27;29;31;32;33;35
0 8;26;28
0 21;23;25
0 14;19
0 7;11
0 4
0 2
9 #edges, tree 49
30 14;19
4 30
2 9;20
0 1;10;12;27;29;31;32;33;35
0 8;26;28
0 21;23;25
0 7;11
0 4
0 2
9 #edges, tree 50
21;23;25 14;19
4 30
2 9;20
0 1;10;12;27;29;31;32;33;35
0 8;26;28
0 21;23;25
0 7;11
0 4
0 2
9 #edges, tree 51
7;11 14;19
4 30
2 9;20
0 1;10;12;27;29;31;32;33;35
0 8;26;28
0 21;23;25
0 7;11
0 4
0 2
9 #edges, tree 52
8;26;28 30
21;23;25 14;19
2 9;20
0 1;10;12;27;29;31;32;33;35
0 8;26;28
0 21;23;25
0 7;11
0 4
0 2
9 #edges, tree 53
8;26;28 30
7;11 14;19
2 9;20
0 1;10;12;27;29;31;32;33;35
0 8;26;28
0 21;23;25
0 7;11
0 4
0 2
9 #edges, tree 54
9;20 21;23;25
4 30
2 9;20
0 1;10;12;27;29;31;32;33;35
0 8;26;28
0 14;19
0 7;11
0 4
0 2
9 #edges, tree 55
4 30
2 21;23;25
2 9;20
0 1;10;12;27;29;31;32;33;35
0 8;26;28
0 14;19
0 7;11
0 4
0 2
9 #edges, tree 56
8;26;28 30
9;20 21;23;25
2 9;20
0 1;10;12;27;29;31;32;33;35
0 8;26;28
0 14;19
0 7;11
0 4
0 2
9 #edges, tree 57
8;26;28 30
2 21;23;25
2 9;20
0 1;10;12;27;29;31;32;33;35
0 8;26;28
0 14;19
0 7;11
0 4
0 2
9 #edges, tree 58
9;20 21;23;25
7;11 14;19
4 30
2 9;20
0 1;10;12;27;29;31;32;33;35
0 8;26;28
0 7;11
0 4
0 2
9 #edges, tree 59
30 14;19
9;20 21;23;25
4 30
2 9;20
0 1;10;12;27;29;31;32;33;35
0 8;26;28
0 7;11
0 4
0 2
9 #edges, tree 60
8;26;28 30
9;20 21;23;25
7;11 14;19
2 9;20
0 1;10;12;27;29;31;32;33;35
0 8;26;28
0 7;11
0 4
0 2
9 #edges, tree 61
30 14;19
4 30
2 21;23;25
2 9;20
0 1;10;12;27;29;31;32;33;35
0 8;26;28
0 7;11
0 4
0 2
9 #edges, tree 62
7;11 14;19
4 30
2 21;23;25
2 9;20
0 1;10;12;27;29;31;32;33;35
0 8;26;28
0 7;11
0 4
0 2
9 #edges, tree 63
21;23;25 14;19
4 30
2 21;23;25
2 9;20
0 1;10;12;27;29;31;32;33;35
0 8;26;28
0 7;11
0 4
0 2
9 #edges, tree 64
8;26;28 30
21;23;25 14;19
2 21;23;25
2 9;20
0 1;10;12;27;29;31;32;33;35
0 8;26;28
0 7;11
0 4
0 2
9 #edges, tree 65
0 2
0 4
0 7;11
0 8;26;28
0 1;10;12;27;29;31;32;33;35
2 9;20
2 21;23;25
7;11 14;19
8;26;28 30
9 #edges, tree 66
0 4
0 7;11
0 14;19
0 9;20
0 21;23;25
0 8;26;28
0 1;10;12;27;29;31;32;33;35
4 30
9;20 2
9 #edges, tree 67
0 4
0 7;11
0 14;19
0 9;20
0 8;26;28
0 1;10;12;27;29;31;32;33;35
4 30
9;20 2
9;20 21;23;25
9 #edges, tree 68
0 4
0 7;11
0 14;19
0 9;20
0 8;26;28
0 1;10;12;27;29;31;32;33;35
2 21;23;25
4 30
9;20 2
9 #edges, tree 69
0 4
0 7;11
0 14;19
0 9;20
0 21;23;25
0 8;26;28
0 30
0 1;10;12;27;29;31;32;33;35
9;20 2
9 #edges, tree 70
0 4
0 7;11
0 14;19
0 9;20
0 21;23;25
0 8;26;28
0 1;10;12;27;29;31;32;33;35
9;20 2
8;26;28 30
9 #edges, tree 71
0 4
0 7;11
0 14;19
0 9;20
0 8;26;28
0 30
0 1;10;12;27;29;31;32;33;35
9;20 2
9;20 21;23;25
9 #edges, tree 72
0 4
0 7;11
0 14;19
0 9;20
0 8;26;28
0 1;10;12;27;29;31;32;33;35
9;20 2
9;20 21;23;25
8;26;28 30
9 #edges, tree 73
0 4
0 7;11
0 14;19
0 9;20
0 8;26;28
0 1;10;12;27;29;31;32;33;35
2 21;23;25
9;20 2
8;26;28 30
9 #edges, tree 74
0 4
0 7;11
0 14;19
0 9;20
0 8;26;28
0 30
0 1;10;12;27;29;31;32;33;35
2 21;23;25
9;20 2
9 #edges, tree 75
0 4
0 7;11
0 9;20
0 8;26;28
0 1;10;12;27;29;31;32;33;35
2 21;23;25
4 14;19
4 30
9;20 2
9 #edges, tree 76
0 4
0 7;11
0 9;20
0 21;23;25
0 8;26;28
0 1;10;12;27;29;31;32;33;35
4 14;19
4 30
9;20 2
9 #edges, tree 77
0 4
0 7;11
0 9;20
0 8;26;28
0 1;10;12;27;29;31;32;33;35
4 14;19
4 30
9;20 2
9;20 21;23;25
9 #edges, tree 78
0 4
0 7;11
0 9;20
0 8;26;28
0 1;10;12;27;29;31;32;33;35
2 21;23;25
4 30
7;11 14;19
9;20 2
9 #edges, tree 79
0 4
0 7;11
0 9;20
0 8;26;28
0 1;10;12;27;29;31;32;33;35
4 30
7;11 14;19
9;20 2
9;20 21;23;25
9 #edges, tree 80
0 4
0 7;11
0 9;20
0 21;23;25
0 8;26;28
0 1;10;12;27;29;31;32;33;35
4 30
7;11 14;19
9;20 2
9 #edges, tree 81
0 4
0 7;11
0 9;20
0 21;23;25
0 8;26;28
0 1;10;12;27;29;31;32;33;35
4 30
9;20 2
21;23;25 14;19
9 #edges, tree 82
0 4
0 7;11
0 9;20
0 21;23;25
0 8;26;28
0 1;10;12;27;29;31;32;33;35
4 30
9;20 2
30 14;19
9 #edges, tree 83
0 4
0 7;11
0 9;20
0 8;26;28
0 1;10;12;27;29;31;32;33;35
2 21;23;25
4 30
9;20 2
30 14;19
9 #edges, tree 84
0 4
0 7;11
0 9;20
0 8;26;28
0 1;10;12;27;29;31;32;33;35
4 30
9;20 2
9;20 21;23;25
30 14;19
9 #edges, tree 85
0 4
0 7;11
0 9;20
0 8;26;28
0 1;10;12;27;29;31;32;33;35
2 21;23;25
4 14;19
9;20 2
8;26;28 30
9 #edges, tree 86
0 4
0 7;11
0 9;20
0 8;26;28
0 1;10;12;27;29;31;32;33;35
4 14;19
9;20 2
9;20 21;23;25
8;26;28 30
9 #edges, tree 87
0 4
0 7;11
0 9;20
0 21;23;25
0 8;26;28
0 1;10;12;27;29;31;32;33;35
4 14;19
9;20 2
8;26;28 30
9 #edges, tree 88
0 4
0 7;11
0 9;20
0 21;23;25
0 8;26;28
0 30
0 1;10;12;27;29;31;32;33;35
4 14;19
9;20 2
9 #edges, tree 89
0 4
0 7;11
0 9;20
0 8;26;28
0 30
0 1;10;12;27;29;31;32;33;35
2 21;23;25
4 14;19
9;20 2
9 #edges, tree 90
0 4
0 7;11
0 9;20
0 8;26;28
0 30
0 1;10;12;27;29;31;32;33;35
4 14;19
9;20 2
9;20 21;23;25
9 #edges, tree 91
0 4
0 7;11
0 9;20
0 8;26;28
0 30
0 1;10;12;27;29;31;32;33;35
7;11 14;19
9;20 2
9;20 21;23;25
9 #edges, tree 92
0 4
0 7;11
0 9;20
0 21;23;25
0 8;26;28
0 30
0 1;10;12;27;29;31;32;33;35
7;11 14;19
9;20 2
9 #edges, tree 93
0 4
0 7;11
0 9;20
0 8;26;28
0 30
0 1;10;12;27;29;31;32;33;35
2 21;23;25
7;11 14;19
9;20 2
9 #edges, tree 94
0 4
0 7;11
0 9;20
0 8;26;28
0 30
0 1;10;12;27;29;31;32;33;35
2 21;23;25
9;20 2
30 14;19
9 #edges, tree 95
0 4
0 7;11
0 9;20
0 21;23;25
0 8;26;28
0 30
0 1;10;12;27;29;31;32;33;35
9;20 2
21;23;25 14;19
9 #edges, tree 96
0 4
0 7;11
0 9;20
0 21;23;25
0 8;26;28
0 30
0 1;10;12;27;29;31;32;33;35
9;20 2
30 14;19
9 #edges, tree 97
0 4
0 7;11
0 9;20
0 8;26;28
0 30
0 1;10;12;27;29;31;32;33;35
9;20 2
9;20 21;23;25
30 14;19
9 #edges, tree 98
0 4
0 7;11
0 9;20
0 8;26;28
0 1;10;12;27;29;31;32;33;35
7;11 14;19
9;20 2
9;20 21;23;25
8;26;28 30
9 #edges, tree 99
0 4
0 7;11
0 9;20
0 21;23;25
0 8;26;28
0 1;10;12;27;29;31;32;33;35
9;20 2
21;23;25 14;19
8;26;28 30
9 #edges, tree 100
0 4
0 7;11
0 9;20
0 21;23;25
0 8;26;28
0 1;10;12;27;29;31;32;33;35
7;11 14;19
9;20 2
8;26;28 30
9 #edges, tree 101
0 4
0 7;11
0 9;20
0 8;26;28
0 1;10;12;27;29;31;32;33;35
2 21;23;25
7;11 14;19
9;20 2
8;26;28 30
9 #edges, tree 102
0 7;11
0 14;19
0 9;20
0 21;23;25
0 8;26;28
0 30
0 1;10;12;27;29;31;32;33;35
9;20 2
9;20 4
9 #edges, tree 103
0 7;11
0 14;19
0 9;20
0 21;23;25
0 8;26;28
0 30
0 1;10;12;27;29;31;32;33;35
9;20 2
21;23;25 4
9 #edges, tree 104
0 7;11
0 14;19
0 9;20
0 21;23;25
0 8;26;28
0 30
0 1;10;12;27;29;31;32;33;35
7;11 4
9;20 2
9 #edges, tree 105
0 7;11
0 14;19
0 9;20
0 21;23;25
0 8;26;28
0 30
0 1;10;12;27;29;31;32;33;35
9;20 2
8;26;28 4
9 #edges, tree 106
0 7;11
0 14;19
0 9;20
0 21;23;25
0 8;26;28
0 30
0 1;10;12;27;29;31;32;33;35
14;19 4
9;20 2
9 #edges, tree 107
0 7;11
0 14;19
0 9;20
0 21;23;25
0 8;26;28
0 30
0 1;10;12;27;29;31;32;33;35
2 4
9;20 2
9 #edges, tree 108
0 7;11
0 14;19
0 9;20
0 21;23;25
0 8;26;28
0 30
0 1;10;12;27;29;31;32;33;35
9;20 2
30 4
9 #edges, tree 109
0 7;11
0 14;19
0 9;20
0 21;23;25
0 8;26;28
0 30
0 1;10;12;27;29;31;32;33;35
9;20 2
1;10;12;27;29;31;32;33;35 4
9 #edges, tree 110
0 2
0 7;11
0 14;19
0 21;23;25
0 8;26;28
0 30
0 1;10;12;27;29;31;32;33;35
2 9;20
21;23;25 4
9 #edges, tree 111
0 2
0 7;11
0 14;19
0 21;23;25
0 8;26;28
0 30
0 1;10;12;27;29;31;32;33;35
2 9;20
30 4
9 #edges, tree 112
0 2
0 7;11
0 14;19
0 21;23;25
0 8;26;28
0 30
0 1;10;12;27;29;31;32;33;35
2 9;20
8;26;28 4
9 #edges, tree 113
0 2
0 7;11
0 14;19
0 21;23;25
0 8;26;28
0 30
0 1;10;12;27;29;31;32;33;35
2 9;20
14;19 4
9 #edges, tree 114
0 2
0 7;11
0 14;19
0 21;23;25
0 8;26;28
0 30
0 1;10;12;27;29;31;32;33;35
2 4
2 9;20
9 #edges, tree 115
0 2
0 7;11
0 14;19
0 21;23;25
0 8;26;28
0 30
0 1;10;12;27;29;31;32;33;35
2 9;20
7;11 4
9 #edges, tree 116
0 2
0 7;11
0 14;19
0 21;23;25
0 8;26;28
0 30
0 1;10;12;27;29;31;32;33;35
2 9;20
9;20 4
9 #edges, tree 117
0 2
0 7;11
0 14;19
0 21;23;25
0 8;26;28
0 30
0 1;10;12;27;29;31;32;33;35
2 9;20
1;10;12;27;29;31;32;33;35 4
9 #edges, tree 118
0 2
0 7;11
0 14;19
0 21;23;25
0 8;26;28
0 1;10;12;27;29;31;32;33;35
2 9;20
2 30
14;19 4
9 #edges, tree 119
0 2
0 7;11
0 14;19
0 21;23;25
0 8;26;28
0 1;10;12;27;29;31;32;33;35
2 9;20
14;19 4
8;26;28 30
9 #edges, tree 120
0 2
0 7;11
0 14;19
0 21;23;25
0 8;26;28
0 1;10;12;27;29;31;32;33;35
2 9;20
2 30
9;20 4
9 #edges, tree 121
0 2
0 7;11
0 14;19
0 21;23;25
0 8;26;28
0 1;10;12;27;29;31;32;33;35
2 9;20
2 30
21;23;25 4
9 #edges, tree 122
0 2
0 7;11
0 14;19
0 21;23;25
0 8;26;28
0 1;10;12;27;29;31;32;33;35
2 4
2 9;20
2 30
9 #edges, tree 123
0 2
0 7;11
0 14;19
0 21;23;25
0 8;26;28
0 1;10;12;27;29;31;32;33;35
2 9;20
2 30
8;26;28 4
9 #edges, tree 124
0 2
0 7;11
0 14;19
0 21;23;25
0 8;26;28
0 1;10;12;27;29;31;32;33;35
2 9;20
2 30
30 4
9 #edges, tree 125
0 2
0 7;11
0 14;19
0 21;23;25
0 8;26;28
0 1;10;12;27;29;31;32;33;35
2 9;20
2 30
1;10;12;27;29;31;32;33;35 4
9 #edges, tree 126
0 2
0 7;11
0 14;19
0 21;23;25
0 8;26;28
0 1;10;12;27;29;31;32;33;35
2 9;20
2 30
7;11 4
9 #edges, tree 127
0 2
0 7;11
0 14;19
0 21;23;25
0 8;26;28
0 1;10;12;27;29;31;32;33;35
2 9;20
7;11 4
8;26;28 30
9 #edges, tree 128
0 2
0 7;11
0 14;19
0 21;23;25
0 8;26;28
0 1;10;12;27;29;31;32;33;35
2 9;20
21;23;25 4
8;26;28 30
9 #edges, tree 129
8;26;28 30
2 9;20
2 4
0 1;10;12;27;29;31;32;33;35
0 8;26;28
0 21;23;25
0 14;19
0 7;11
0 2
9 #edges, tree 130
4 30
2 9;20
2 4
0 1;10;12;27;29;31;32;33;35
0 8;26;28
0 21;23;25
0 14;19
0 7;11
0 2
9 #edges, tree 131
1;10;12;27;29;31;32;33;35 4
8;26;28 30
2 9;20
0 1;10;12;27;29;31;32;33;35
0 8;26;28
0 21;23;25
0 14;19
0 7;11
0 2
9 #edges, tree 132
8;26;28 30
8;26;28 4
2 9;20
0 1;10;12;27;29;31;32;33;35
0 8;26;28
0 21;23;25
0 14;19
0 7;11
0 2
9 #edges, tree 133
8;26;28 30
9;20 4
2 9;20
0 1;10;12;27;29;31;32;33;35
0 8;26;28
0 21;23;25
0 14;19
0 7;11
0 2
9 #edges, tree 134
30 4
8;26;28 30
2 9;20
0 1;10;12;27;29;31;32;33;35
0 8;26;28
0 21;23;25
0 14;19
0 7;11
0 2
9 #edges, tree 135
8;26;28 4
4 30
2 9;20
0 1;10;12;27;29;31;32;33;35
0 8;26;28
0 21;23;25
0 14;19
0 7;11
0 2
9 #edges, tree 136
8;26;28 30
9;20 2
7;11 4
0 1;10;12;27;29;31;32;33;35
0 8;26;28
0 21;23;25
0 9;20
0 14;19
0 7;11
9 #edges, tree 137
8;26;28 30
9;20 2
14;19 4
0 1;10;12;27;29;31;32;33;35
0 8;26;28
0 21;23;25
0 9;20
0 14;19
0 7;11
9 #edges, tree 138
8;26;28 30
9;20 4
9;20 2
0 1;10;12;27;29;31;32;33;35
0 8;26;28
0 21;23;25
0 9;20
0 14;19
0 7;11
9 #edges, tree 139
8;26;28 30
8;26;28 4
9;20 2
0 1;10;12;27;29;31;32;33;35
0 8;26;28
0 21;23;25
0 9;20
0 14;19
0 7;11
9 #edges, tree 140
8;26;28 4
9;20 2
4 30
0 1;10;12;27;29;31;32;33;35
0 8;26;28
0 21;23;25
0 9;20
0 14;19
0 7;11
9 #edges, tree 141
8;26;28 30
21;23;25 4
9;20 2
0 1;10;12;27;29;31;32;33;35
0 8;26;28
0 21;23;25
0 9;20
0 14;19
0 7;11
9 #edges, tree 142
30 4
8;26;28 30
9;20 2
0 1;10;12;27;29;31;32;33;35
0 8;26;28
0 21;23;25
0 9;20
0 14;19
0 7;11
9 #edges, tree 143
1;10;12;27;29;31;32;33;35 4
8;26;28 30
9;20 2
0 1;10;12;27;29;31;32;33;35
0 8;26;28
0 21;23;25
0 9;20
0 14;19
0 7;11
9 #edges, tree 144
8;26;28 30
9;20 2
2 4
0 1;10;12;27;29;31;32;33;35
0 8;26;28
0 21;23;25
0 9;20
0 14;19
0 7;11
9 #edges, tree 145
8;26;28 4
9;20 21;23;25
4 30
2 9;20
0 1;10;12;27;29;31;32;33;35
0 8;26;28
0 14;19
0 7;11
0 2
9 #edges, tree 146
8;26;28 4
4 30
2 21;23;25
2 9;20
0 1;10;12;27;29;31;32;33;35
0 8;26;28
0 14;19
0 7;11
0 2
9 #edges, tree 147
8;26;28 4
9;20 21;23;25
9;20 2
4 30
0 1;10;12;27;29;31;32;33;35
0 8;26;28
0 9;20
0 14;19
0 7;11
9 #edges, tree 148
8;26;28 4
9;20 2
4 30
2 21;23;25
0 1;10;12;27;29;31;32;33;35
0 8;26;28
0 9;20
0 14;19
0 7;11
9 #edges, tree 149
8;26;28 30
8;26;28 4
2 21;23;25
2 9;20
0 1;10;12;27;29;31;32;33;35
0 8;26;28
0 14;19
0 7;11
0 2
9 #edges, tree 150
8;26;28 30
8;26;28 4
9;20 21;23;25
2 9;20
0 1;10;12;27;29;31;32;33;35
0 8;26;28
0 14;19
0 7;11
0 2
9 #edges, tree 151
8;26;28 4
2 21;23;25
2 9;20
0 1;10;12;27;29;31;32;33;35
0 30
0 8;26;28
0 14;19
0 7;11
0 2
9 #edges, tree 152
8;26;28 4
9;20 21;23;25
2 9;20
0 1;10;12;27;29;31;32;33;35
0 30
0 8;26;28
0 14;19
0 7;11
0 2
9 #edges, tree 153
8;26;28 4
2 30
2 21;23;25
2 9;20
0 1;10;12;27;29;31;32;33;35
0 8;26;28
0 14;19
0 7;11
0 2
9 #edges, tree 154
8;26;28 4
9;20 21;23;25
2 30
2 9;20
0 1;10;12;27;29;31;32;33;35
0 8;26;28
0 14;19
0 7;11
0 2
9 #edges, tree 155
8;26;28 4
9;20 21;23;25
9;20 2
0 1;10;12;27;29;31;32;33;35
0 30
0 8;26;28
0 9;20
0 14;19
0 7;11
9 #edges, tree 156
8;26;28 4
9;20 2
2 21;23;25
0 1;10;12;27;29;31;32;33;35
0 30
0 8;26;28
0 9;20
0 14;19
0 7;11
9 #edges, tree 157
8;26;28 30
8;26;28 4
9;20 2
2 21;23;25
0 1;10;12;27;29;31;32;33;35
0 8;26;28
0 9;20
0 14;19
0 7;11
9 #edges, tree 158
8;26;28 30
8;26;28 4
9;20 21;23;25
9;20 2
0 1;10;12;27;29;31;32;33;35
0 8;26;28
0 9;20
0 14;19
0 7;11
9 #edges, tree 159
9;20 21;23;25
14;19 4
2 30
2 9;20
0 1;10;12;27;29;31;32;33;35
0 8;26;28
0 14;19
0 7;11
0 2
9 #edges, tree 160
14;19 4
2 30
2 21;23;25
2 9;20
0 1;10;12;27;29;31;32;33;35
0 8;26;28
0 14;19
0 7;11
0 2
9 #edges, tree 161
14;19 4
2 21;23;25
2 9;20
0 1;10;12;27;29;31;32;33;35
0 30
0 8;26;28
0 14;19
0 7;11
0 2
9 #edges, tree 162
9;20 21;23;25
14;19 4
2 9;20
0 1;10;12;27;29;31;32;33;35
0 30
0 8;26;28
0 14;19
0 7;11
0 2
9 #edges, tree 163
8;26;28 30
14;19 4
2 21;23;25
2 9;20
0 1;10;12;27;29;31;32;33;35
0 8;26;28
0 14;19
0 7;11
0 2
9 #edges, tree 164
8;26;28 30
9;20 21;23;25
14;19 4
2 9;20
0 1;10;12;27;29;31;32;33;35
0 8;26;28
0 14;19
0 7;11
0 2
9 #edges, tree 165
9;20 21;23;25
9;20 2
14;19 4
0 1;10;12;27;29;31;32;33;35
0 30
0 8;26;28
0 9;20
0 14;19
0 7;11
9 #edges, tree 166
9;20 2
14;19 4
2 21;23;25
0 1;10;12;27;29;31;32;33;35
0 30
0 8;26;28
0 9;20
0 14;19
0 7;11
9 #edges, tree 167
8;26;28 30
9;20 21;23;25
9;20 2
14;19 4
0 1;10;12;27;29;31;32;33;35
0 8;26;28
0 9;20
0 14;19
0 7;11
9 #edges, tree 168
8;26;28 30
9;20 2
14;19 4
2 21;23;25
0 1;10;12;27;29;31;32;33;35
0 8;26;28
0 9;20
0 14;19
0 7;11
9 #edges, tree 169
8;26;28 30
21;23;25 4
9;20 21;23;25
9;20 2
0 1;10;12;27;29;31;32;33;35
0 8;26;28
0 9;20
0 14;19
0 7;11
9 #edges, tree 170
21;23;25 4
9;20 21;23;25
9;20 2
0 1;10;12;27;29;31;32;33;35
0 30
0 8;26;28
0 9;20
0 14;19
0 7;11
9 #edges, tree 171
1;10;12;27;29;31;32;33;35 4
8;26;28 30
9;20 21;23;25
9;20 2
0 1;10;12;27;29;31;32;33;35
0 8;26;28
0 9;20
0 14;19
0 7;11
9 #edges, tree 172
1;10;12;27;29;31;32;33;35 4
9;20 21;23;25
9;20 2
0 1;10;12;27;29;31;32;33;35
0 30
0 8;26;28
0 9;20
0 14;19
0 7;11
9 #edges, tree 173
9;20 21;23;25
9;20 2
7;11 4
0 1;10;12;27;29;31;32;33;35
0 30
0 8;26;28
0 9;20
0 14;19
0 7;11
9 #edges, tree 174
8;26;28 30
9;20 21;23;25
9;20 2
7;11 4
0 1;10;12;27;29;31;32;33;35
0 8;26;28
0 9;20
0 14;19
0 7;11
9 #edges, tree 175
9;20 21;23;25
9;20 4
9;20 2
0 1;10;12;27;29;31;32;33;35
0 30
0 8;26;28
0 9;20
0 14;19
0 7;11
9 #edges, tree 176
8;26;28 30
9;20 21;23;25
9;20 4
9;20 2
0 1;10;12;27;29;31;32;33;35
0 8;26;28
0 9;20
0 14;19
0 7;11
9 #edges, tree 177
8;26;28 30
9;20 21;23;25
9;20 2
2 4
0 1;10;12;27;29;31;32;33;35
0 8;26;28
0 9;20
0 14;19
0 7;11
9 #edges, tree 178
30 4
8;26;28 30
9;20 21;23;25
9;20 2
0 1;10;12;27;29;31;32;33;35
0 8;26;28
0 9;20
0 14;19
0 7;11
9 #edges, tree 179
30 4
9;20 21;23;25
9;20 2
0 1;10;12;27;29;31;32;33;35
0 30
0 8;26;28
0 9;20
0 14;19
0 7;11
9 #edges, tree 180
9;20 21;23;25
9;20 2
2 4
0 1;10;12;27;29;31;32;33;35
0 30
0 8;26;28
0 9;20
0 14;19
0 7;11
9 #edges, tree 181
9;20 4
9;20 2
2 21;23;25
0 1;10;12;27;29;31;32;33;35
0 30
0 8;26;28
0 9;20
0 14;19
0 7;11
9 #edges, tree 182
30 4
9;20 2
2 21;23;25
0 1;10;12;27;29;31;32;33;35
0 30
0 8;26;28
0 9;20
0 14;19
0 7;11
9 #edges, tree 183
9;20 2
7;11 4
2 21;23;25
0 1;10;12;27;29;31;32;33;35
0 30
0 8;26;28
0 9;20
0 14;19
0 7;11
9 #edges, tree 184
21;23;25 4
9;20 2
2 21;23;25
0 1;10;12;27;29;31;32;33;35
0 30
0 8;26;28
0 9;20
0 14;19
0 7;11
9 #edges, tree 185
9;20 2
2 21;23;25
2 4
0 1;10;12;27;29;31;32;33;35
0 30
0 8;26;28
0 9;20
0 14;19
0 7;11
9 #edges, tree 186
1;10;12;27;29;31;32;33;35 4
9;20 2
2 21;23;25
0 1;10;12;27;29;31;32;33;35
0 30
0 8;26;28
0 9;20
0 14;19
0 7;11
9 #edges, tree 187
8;26;28 30
9;20 2
7;11 4
2 21;23;25
0 1;10;12;27;29;31;32;33;35
0 8;26;28
0 9;20
0 14;19
0 7;11
9 #edges, tree 188
8;26;28 30
9;20 2
2 21;23;25
2 4
0 1;10;12;27;29;31;32;33;35
0 8;26;28
0 9;20
0 14;19
0 7;11
9 #edges, tree 189
30 4
8;26;28 30
9;20 2
2 21;23;25
0 1;10;12;27;29;31;32;33;35
0 8;26;28
0 9;20
0 14;19
0 7;11
9 #edges, tree 190
1;10;12;27;29;31;32;33;35 4
8;26;28 30
9;20 2
2 21;23;25
0 1;10;12;27;29;31;32;33;35
0 8;26;28
0 9;20
0 14;19
0 7;11
9 #edges, tree 191
8;26;28 30
9;20 4
9;20 2
2 21;23;25
0 1;10;12;27;29;31;32;33;35
0 8;26;28
0 9;20
0 14;19
0 7;11
9 #edges, tree 192
8;26;28 30
21;23;25 4
9;20 2
2 21;23;25
0 1;10;12;27;29;31;32;33;35
0 8;26;28
0 9;20
0 14;19
0 7;11
9 #edges, tree 193
30 4
2 21;23;25
2 9;20
0 1;10;12;27;29;31;32;33;35
0 30
0 8;26;28
0 14;19
0 7;11
0 2
9 #edges, tree 194
30 4
9;20 21;23;25
2 9;20
0 1;10;12;27;29;31;32;33;35
0 30
0 8;26;28
0 14;19
0 7;11
0 2
9 #edges, tree 195
1;10;12;27;29;31;32;33;35 4
9;20 21;23;25
2 9;20
0 1;10;12;27;29;31;32;33;35
0 30
0 8;26;28
0 14;19
0 7;11
0 2
9 #edges, tree 196
1;10;12;27;29;31;32;33;35 4
2 21;23;25
2 9;20
0 1;10;12;27;29;31;32;33;35
0 30
0 8;26;28
0 14;19
0 7;11
0 2
9 #edges, tree 197
7;11 4
2 21;23;25
2 9;20
0 1;10;12;27;29;31;32;33;35
0 30
0 8;26;28
0 14;19
0 7;11
0 2
9 #edges, tree 198
9;20 21;23;25
7;11 4
2 9;20
0 1;10;12;27;29;31;32;33;35
0 30
0 8;26;28
0 14;19
0 7;11
0 2
9 #edges, tree 199
9;20 21;23;25
2 9;20
2 4
0 1;10;12;27;29;31;32;33;35
0 30
0 8;26;28
0 14;19
0 7;11
0 2
9 #edges, tree 200
2 21;23;25
2 9;20
2 4
0 1;10;12;27;29;31;32;33;35
0 30
0 8;26;28
0 14;19
0 7;11
0 2
9 #edges, tree 201
21;23;25 4
2 21;23;25
2 9;20
0 1;10;12;27;29;31;32;33;35
0 30
0 8;26;28
0 14;19
0 7;11
0 2
9 #edges, tree 202
9;20 4
2 21;23;25
2 9;20
0 1;10;12;27;29;31;32;33;35
0 30
0 8;26;28
0 14;19
0 7;11
0 2
9 #edges, tree 203
9;20 21;23;25
9;20 4
2 9;20
0 1;10;12;27;29;31;32;33;35
0 30
0 8;26;28
0 14;19
0 7;11
0 2
9 #edges, tree 204
21;23;25 4
9;20 21;23;25
2 9;20
0 1;10;12;27;29;31;32;33;35
0 30
0 8;26;28
0 14;19
0 7;11
0 2
9 #edges, tree 205
8;26;28 30
9;20 21;23;25
7;11 4
2 9;20
0 1;10;12;27;29;31;32;33;35
0 8;26;28
0 14;19
0 7;11
0 2
9 #edges, tree 206
8;26;28 30
7;11 4
2 21;23;25
2 9;20
0 1;10;12;27;29;31;32;33;35
0 8;26;28
0 14;19
0 7;11
0 2
9 #edges, tree 207
8;26;28 30
2 21;23;25
2 9;20
2 4
0 1;10;12;27;29;31;32;33;35
0 8;26;28
0 14;19
0 7;11
0 2
9 #edges, tree 208
8;26;28 30
9;20 21;23;25
2 9;20
2 4
0 1;10;12;27;29;31;32;33;35
0 8;26;28
0 14;19
0 7;11
0 2
9 #edges, tree 209
30 4
8;26;28 30
9;20 21;23;25
2 9;20
0 1;10;12;27;29;31;32;33;35
0 8;26;28
0 14;19
0 7;11
0 2
9 #edges, tree 210
8;26;28 30
9;20 21;23;25
9;20 4
2 9;20
0 1;10;12;27;29;31;32;33;35
0 8;26;28
0 14;19
0 7;11
0 2
9 #edges, tree 211
1;10;12;27;29;31;32;33;35 4
8;26;28 30
9;20 21;23;25
2 9;20
0 1;10;12;27;29;31;32;33;35
0 8;26;28
0 14;19
0 7;11
0 2
9 #edges, tree 212
8;26;28 30
21;23;25 4
9;20 21;23;25
2 9;20
0 1;10;12;27;29;31;32;33;35
0 8;26;28
0 14;19
0 7;11
0 2
9 #edges, tree 213
8;26;28 30
9;20 4
2 21;23;25
2 9;20
0 1;10;12;27;29;31;32;33;35
0 8;26;28
0 14;19
0 7;11
0 2
9 #edges, tree 214
30 4
8;26;28 30
2 21;23;25
2 9;20
0 1;10;12;27;29;31;32;33;35
0 8;26;28
0 14;19
0 7;11
0 2
9 #edges, tree 215
1;10;12;27;29;31;32;33;35 4
8;26;28 30
2 21;23;25
2 9;20
0 1;10;12;27;29;31;32;33;35
0 8;26;28
0 14;19
0 7;11
0 2
9 #edges, tree 216
8;26;28 30
21;23;25 4
2 21;23;25
2 9;20
0 1;10;12;27;29;31;32;33;35
0 8;26;28
0 14;19
0 7;11
0 2
9 #edges, tree 217
1;10;12;27;29;31;32;33;35 4
2 30
2 21;23;25
2 9;20
0 1;10;12;27;29;31;32;33;35
0 8;26;28
0 14;19
0 7;11
0 2
9 #edges, tree 218
1;10;12;27;29;31;32;33;35 4
9;20 21;23;25
2 30
2 9;20
0 1;10;12;27;29;31;32;33;35
0 8;26;28
0 14;19
0 7;11
0 2
9 #edges, tree 219
7;11 4
2 30
2 21;23;25
2 9;20
0 1;10;12;27;29;31;32;33;35
0 8;26;28
0 14;19
0 7;11
0 2
9 #edges, tree 220
9;20 21;23;25
7;11 4
2 30
2 9;20
0 1;10;12;27;29;31;32;33;35
0 8;26;28
0 14;19
0 7;11
0 2
9 #edges, tree 221
21;23;25 4
2 30
2 21;23;25
2 9;20
0 1;10;12;27;29;31;32;33;35
0 8;26;28
0 14;19
0 7;11
0 2
9 #edges, tree 222
9;20 4
2 30
2 21;23;25
2 9;20
0 1;10;12;27;29;31;32;33;35
0 8;26;28
0 14;19
0 7;11
0 2
9 #edges, tree 223
30 4
2 30
2 21;23;25
2 9;20
0 1;10;12;27;29;31;32;33;35
0 8;26;28
0 14;19
0 7;11
0 2
9 #edges, tree 224
2 30
2 21;23;25
2 9;20
2 4
0 1;10;12;27;29;31;32;33;35
0 8;26;28
0 14;19
0 7;11
0 2
9 #edges, tree 225
4 30
2 21;23;25
2 9;20
2 4
0 1;10;12;27;29;31;32;33;35
0 8;26;28
0 14;19
0 7;11
0 2
9 #edges, tree 226
30 4
9;20 21;23;25
2 30
2 9;20
0 1;10;12;27;29;31;32;33;35
0 8;26;28
0 14;19
0 7;11
0 2
9 #edges, tree 227
9;20 21;23;25
9;20 4
2 30
2 9;20
0 1;10;12;27;29;31;32;33;35
0 8;26;28
0 14;19
0 7;11
0 2
9 #edges, tree 228
9;20 21;23;25
2 30
2 9;20
2 4
0 1;10;12;27;29;31;32;33;35
0 8;26;28
0 14;19
0 7;11
0 2
9 #edges, tree 229
21;23;25 4
9;20 21;23;25
2 30
2 9;20
0 1;10;12;27;29;31;32;33;35
0 8;26;28
0 14;19
0 7;11
0 2
9 #edges, tree 230
9;20 21;23;25
4 30
2 9;20
2 4
0 1;10;12;27;29;31;32;33;35
0 8;26;28
0 14;19
0 7;11
0 2
9 #edges, tree 231
9;20 4
2 21;23;25
2 9;20
2 14;19
0 1;10;12;27;29;31;32;33;35
0 30
0 8;26;28
0 7;11
0 2
9 #edges, tree 232
9;20 4
2 9;20
2 14;19
0 1;10;12;27;29;31;32;33;35
0 30
0 8;26;28
0 21;23;25
0 7;11
0 2
9 #edges, tree 233
9;20 21;23;25
9;20 4
2 9;20
2 14;19
0 1;10;12;27;29;31;32;33;35
0 30
0 8;26;28
0 7;11
0 2
9 #edges, tree 234
21;23;25 4
2 21;23;25
2 9;20
2 14;19
0 1;10;12;27;29;31;32;33;35
0 30
0 8;26;28
0 7;11
0 2
9 #edges, tree 235
8;26;28 4
2 21;23;25
2 9;20
2 14;19
0 1;10;12;27;29;31;32;33;35
0 30
0 8;26;28
0 7;11
0 2
9 #edges, tree 236
30 4
2 21;23;25
2 9;20
2 14;19
0 1;10;12;27;29;31;32;33;35
0 30
0 8;26;28
0 7;11
0 2
9 #edges, tree 237
7;11 4
2 21;23;25
2 9;20
2 14;19
0 1;10;12;27;29;31;32;33;35
0 30
0 8;26;28
0 7;11
0 2
9 #edges, tree 238
2 21;23;25
2 9;20
2 14;19
2 4
0 1;10;12;27;29;31;32;33;35
0 30
0 8;26;28
0 7;11
0 2
9 #edges, tree 239
14;19 4
2 21;23;25
2 9;20
2 14;19
0 1;10;12;27;29;31;32;33;35
0 30
0 8;26;28
0 7;11
0 2
9 #edges, tree 240
1;10;12;27;29;31;32;33;35 4
2 21;23;25
2 9;20
2 14;19
0 1;10;12;27;29;31;32;33;35
0 30
0 8;26;28
0 7;11
0 2
9 #edges, tree 241
9;20 21;23;25
7;11 4
2 9;20
2 14;19
0 1;10;12;27;29;31;32;33;35
0 30
0 8;26;28
0 7;11
0 2
9 #edges, tree 242
7;11 4
2 9;20
2 14;19
0 1;10;12;27;29;31;32;33;35
0 30
0 8;26;28
0 21;23;25
0 7;11
0 2
9 #edges, tree 243
14;19 4
2 9;20
2 14;19
0 1;10;12;27;29;31;32;33;35
0 30
0 8;26;28
0 21;23;25
0 7;11
0 2
9 #edges, tree 244
9;20 21;23;25
14;19 4
2 9;20
2 14;19
0 1;10;12;27;29;31;32;33;35
0 30
0 8;26;28
0 7;11
0 2
9 #edges, tree 245
8;26;28 4
9;20 21;23;25
2 9;20
2 14;19
0 1;10;12;27;29;31;32;33;35
0 30
0 8;26;28
0 7;11
0 2
9 #edges, tree 246
8;26;28 4
2 9;20
2 14;19
0 1;10;12;27;29;31;32;33;35
0 30
0 8;26;28
0 21;23;25
0 7;11
0 2
9 #edges, tree 247
21;23;25 4
2 9;20
2 14;19
0 1;10;12;27;29;31;32;33;35
0 30
0 8;26;28
0 21;23;25
0 7;11
0 2
9 #edges, tree 248
1;10;12;27;29;31;32;33;35 4
2 9;20
2 14;19
0 1;10;12;27;29;31;32;33;35
0 30
0 8;26;28
0 21;23;25
0 7;11
0 2
9 #edges, tree 249
2 9;20
2 14;19
2 4
0 1;10;12;27;29;31;32;33;35
0 30
0 8;26;28
0 21;23;25
0 7;11
0 2
9 #edges, tree 250
30 4
2 9;20
2 14;19
0 1;10;12;27;29;31;32;33;35
0 30
0 8;26;28
0 21;23;25
0 7;11
0 2
9 #edges, tree 251
1;10;12;27;29;31;32;33;35 4
9;20 21;23;25
2 9;20
2 14;19
0 1;10;12;27;29;31;32;33;35
0 30
0 8;26;28
0 7;11
0 2
9 #edges, tree 252
30 4
9;20 21;23;25
2 9;20
2 14;19
0 1;10;12;27;29;31;32;33;35
0 30
0 8;26;28
0 7;11
0 2
9 #edges, tree 253
9;20 21;23;25
2 9;20
2 14;19
2 4
0 1;10;12;27;29;31;32;33;35
0 30
0 8;26;28
0 7;11
0 2
9 #edges, tree 254
21;23;25 4
9;20 21;23;25
2 9;20
2 14;19
0 1;10;12;27;29;31;32;33;35
0 30
0 8;26;28
0 7;11
0 2
9 #edges, tree 255
30 4
7;11 14;19
2 21;23;25
2 9;20
0 1;10;12;27;29;31;32;33;35
0 30
0 8;26;28
0 7;11
0 2
9 #edges, tree 256
30 4
7;11 14;19
2 9;20
0 1;10;12;27;29;31;32;33;35
0 30
0 8;26;28
0 21;23;25
0 7;11
0 2
9 #edges, tree 257
0 2
0 7;11
0 8;26;28
0 30
0 1;10;12;27;29;31;32;33;35
2 9;20
7;11 14;19
9;20 21;23;25
30 4
9 #edges, tree 258
0 2
0 7;11
0 21;23;25
0 8;26;28
0 30
0 1;10;12;27;29;31;32;33;35
2 9;20
4 14;19
30 4
9 #edges, tree 259
0 2
0 7;11
0 8;26;28
0 30
0 1;10;12;27;29;31;32;33;35
2 9;20
2 21;23;25
4 14;19
30 4
9 #edges, tree 260
0 2
0 7;11
0 8;26;28
0 30
0 1;10;12;27;29;31;32;33;35
2 9;20
4 14;19
9;20 21;23;25
30 4
9 #edges, tree 261
0 2
0 7;11
0 8;26;28
0 30
0 1;10;12;27;29;31;32;33;35
2 9;20
2 21;23;25
21;23;25 14;19
30 4
9 #edges, tree 262
0 2
0 7;11
0 8;26;28
0 30
0 1;10;12;27;29;31;32;33;35
2 9;20
2 21;23;25
30 4
30 14;19
9 #edges, tree 263
0 2
0 7;11
0 8;26;28
0 30
0 1;10;12;27;29;31;32;33;35
2 9;20
9;20 21;23;25
30 4
30 14;19
9 #edges, tree 264
0 2
0 7;11
0 21;23;25
0 8;26;28
0 30
0 1;10;12;27;29;31;32;33;35
2 9;20
30 4
30 14;19
9 #edges, tree 265
0 2
0 7;11
0 21;23;25
0 8;26;28
0 30
0 1;10;12;27;29;31;32;33;35
2 9;20
21;23;25 14;19
30 4
9 #edges, tree 266
0 2
0 7;11
0 21;23;25
0 8;26;28
0 30
0 1;10;12;27;29;31;32;33;35
2 9;20
8;26;28 4
30 14;19
9 #edges, tree 267
0 2
0 7;11
0 21;23;25
0 8;26;28
0 30
0 1;10;12;27;29;31;32;33;35
2 9;20
21;23;25 14;19
8;26;28 4
9 #edges, tree 268
0 2
0 7;11
0 21;23;25
0 8;26;28
0 30
0 1;10;12;27;29;31;32;33;35
2 9;20
7;11 14;19
8;26;28 4
9 #edges, tree 269
0 2
0 7;11
0 8;26;28
0 30
0 1;10;12;27;29;31;32;33;35
2 9;20
2 21;23;25
8;26;28 4
30 14;19
9 #edges, tree 270
0 2
0 7;11
0 8;26;28
0 30
0 1;10;12;27;29;31;32;33;35
2 9;20
9;20 21;23;25
8;26;28 4
30 14;19
9 #edges, tree 271
0 2
0 7;11
0 8;26;28
0 30
0 1;10;12;27;29;31;32;33;35
2 9;20
2 21;23;25
7;11 14;19
8;26;28 4
9 #edges, tree 272
0 2
0 7;11
0 8;26;28
0 30
0 1;10;12;27;29;31;32;33;35
2 9;20
2 21;23;25
21;23;25 14;19
8;26;28 4
9 #edges, tree 273
0 2
0 7;11
0 8;26;28
0 30
0 1;10;12;27;29;31;32;33;35
2 9;20
7;11 14;19
9;20 21;23;25
8;26;28 4
9 #edges, tree 274
0 2
0 7;11
0 8;26;28
0 30
0 1;10;12;27;29;31;32;33;35
2 9;20
2 21;23;25
7;11 14;19
1;10;12;27;29;31;32;33;35 4
9 #edges, tree 275
0 2
0 7;11
0 21;23;25
0 8;26;28
0 30
0 1;10;12;27;29;31;32;33;35
2 9;20
7;11 14;19
1;10;12;27;29;31;32;33;35 4
9 #edges, tree 276
0 2
0 7;11
0 8;26;28
0 30
0 1;10;12;27;29;31;32;33;35
2 9;20
7;11 14;19
9;20 21;23;25
1;10;12;27;29;31;32;33;35 4
9 #edges, tree 277
0 2
0 7;11
0 8;26;28
0 30
0 1;10;12;27;29;31;32;33;35
2 9;20
2 21;23;25
30 14;19
1;10;12;27;29;31;32;33;35 4
9 #edges, tree 278
0 2
0 7;11
0 8;26;28
0 30
0 1;10;12;27;29;31;32;33;35
2 9;20
2 21;23;25
21;23;25 14;19
1;10;12;27;29;31;32;33;35 4
9 #edges, tree 279
0 2
0 7;11
0 21;23;25
0 8;26;28
0 30
0 1;10;12;27;29;31;32;33;35
2 9;20
30 14;19
1;10;12;27;29;31;32;33;35 4
9 #edges, tree 280
0 2
0 7;11
0 21;23;25
0 8;26;28
0 30
0 1;10;12;27;29;31;32;33;35
2 9;20
21;23;25 14;19
1;10;12;27;29;31;32;33;35 4
9 #edges, tree 281
0 2
0 7;11
0 8;26;28
0 30
0 1;10;12;27;29;31;32;33;35
2 9;20
9;20 21;23;25
30 14;19
1;10;12;27;29;31;32;33;35 4
9 #edges, tree 282
0 2
0 7;11
0 8;26;28
0 30
0 1;10;12;27;29;31;32;33;35
2 9;20
2 21;23;25
7;11 14;19
21;23;25 4
9 #edges, tree 283
0 2
0 7;11
0 8;26;28
0 30
0 1;10;12;27;29;31;32;33;35
2 9;20
2 21;23;25
4 14;19
21;23;25 4
9 #edges, tree 284
0 2
0 7;11
0 8;26;28
0 30
0 1;10;12;27;29;31;32;33;35
2 9;20
2 21;23;25
21;23;25 4
30 14;19
9 #edges, tree 285
0 2
0 7;11
0 8;26;28
0 30
0 1;10;12;27;29;31;32;33;35
2 9;20
2 21;23;25
21;23;25 4
21;23;25 14;19
9 #edges, tree 286
0 2
0 7;11
0 8;26;28
0 30
0 1;10;12;27;29;31;32;33;35
2 9;20
2 21;23;25
7;11 14;19
14;19 4
9 #edges, tree 287
0 2
0 7;11
0 8;26;28
0 30
0 1;10;12;27;29;31;32;33;35
2 9;20
2 21;23;25
7;11 14;19
9;20 4
9 #edges, tree 288
0 2
0 7;11
0 8;26;28
0 30
0 1;10;12;27;29;31;32;33;35
2 4
2 9;20
2 21;23;25
7;11 14;19
9 #edges, tree 289
0 2
0 7;11
0 8;26;28
0 30
0 1;10;12;27;29;31;32;33;35
2 9;20
2 21;23;25
7;11 4
7;11 14;19
9 #edges, tree 290
0 2
0 7;11
0 8;26;28
0 30
0 1;10;12;27;29;31;32;33;35
2 9;20
2 21;23;25
9;20 4
21;23;25 14;19
9 #edges, tree 291
0 2
0 7;11
0 8;26;28
0 30
0 1;10;12;27;29;31;32;33;35
2 9;20
2 21;23;25
9;20 4
30 14;19
9 #edges, tree 292
0 2
0 7;11
0 8;26;28
0 30
0 1;10;12;27;29;31;32;33;35
2 9;20
2 21;23;25
7;11 4
30 14;19
9 #edges, tree 293
0 2
0 7;11
0 8;26;28
0 30
0 1;10;12;27;29;31;32;33;35
2 9;20
2 21;23;25
7;11 4
21;23;25 14;19
9 #edges, tree 294
0 2
0 7;11
0 8;26;28
0 30
0 1;10;12;27;29;31;32;33;35
2 9;20
2 21;23;25
4 14;19
7;11 4
9 #edges, tree 295
0 2
0 7;11
0 8;26;28
0 30
0 1;10;12;27;29;31;32;33;35
2 4
2 9;20
2 21;23;25
21;23;25 14;19
9 #edges, tree 296
0 2
0 7;11
0 8;26;28
0 30
0 1;10;12;27;29;31;32;33;35
2 9;20
2 21;23;25
14;19 4
21;23;25 14;19
9 #edges, tree 297
0 2
0 7;11
0 8;26;28
0 30
0 1;10;12;27;29;31;32;33;35
2 9;20
2 21;23;25
14;19 4
30 14;19
9 #edges, tree 298
0 2
0 7;11
0 8;26;28
0 30
0 1;10;12;27;29;31;32;33;35
2 4
2 9;20
2 21;23;25
30 14;19
9 #edges, tree 299
0 2
0 7;11
0 8;26;28
0 30
0 1;10;12;27;29;31;32;33;35
2 4
2 9;20
2 21;23;25
4 14;19
9 #edges, tree 300
0 2
0 7;11
0 21;23;25
0 8;26;28
0 30
0 1;10;12;27;29;31;32;33;35
2 9;20
9;20 4
30 14;19
9 #edges, tree 301
0 2
0 7;11
0 21;23;25
0 8;26;28
0 30
0 1;10;12;27;29;31;32;33;35
2 9;20
7;11 4
30 14;19
9 #edges, tree 302
0 2
0 7;11
0 21;23;25
0 8;26;28
0 30
0 1;10;12;27;29;31;32;33;35
2 9;20
21;23;25 4
30 14;19
9 #edges, tree 303
0 2
0 7;11
0 21;23;25
0 8;26;28
0 30
0 1;10;12;27;29;31;32;33;35
2 4
2 9;20
30 14;19
9 #edges, tree 304
0 2
0 7;11
0 21;23;25
0 8;26;28
0 30
0 1;10;12;27;29;31;32;33;35
2 9;20
14;19 4
30 14;19
9 #edges, tree 305
0 2
0 7;11
0 21;23;25
0 8;26;28
0 30
0 1;10;12;27;29;31;32;33;35
2 9;20
21;23;25 4
21;23;25 14;19
9 #edges, tree 306
0 2
0 7;11
0 21;23;25
0 8;26;28
0 30
0 1;10;12;27;29;31;32;33;35
2 9;20
4 14;19
21;23;25 4
9 #edges, tree 307
0 2
0 7;11
0 21;23;25
0 8;26;28
0 30
0 1;10;12;27;29;31;32;33;35
2 9;20
7;11 14;19
21;23;25 4
9 #edges, tree 308
0 2
0 7;11
0 21;23;25
0 8;26;28
0 30
0 1;10;12;27;29;31;32;33;35
2 4
2 9;20
4 14;19
9 #edges, tree 309
0 2
0 7;11
0 21;23;25
0 8;26;28
0 30
0 1;10;12;27;29;31;32;33;35
2 4
2 9;20
7;11 14;19
9 #edges, tree 310
0 2
0 7;11
0 21;23;25
0 8;26;28
0 30
0 1;10;12;27;29;31;32;33;35
2 4
2 9;20
21;23;25 14;19
9 #edges, tree 311
0 2
0 7;11
0 21;23;25
0 8;26;28
0 30
0 1;10;12;27;29;31;32;33;35
2 9;20
7;11 14;19
14;19 4
9 #edges, tree 312
0 2
0 7;11
0 21;23;25
0 8;26;28
0 30
0 1;10;12;27;29;31;32;33;35
2 9;20
7;11 14;19
9;20 4
9 #edges, tree 313
0 2
0 7;11
0 21;23;25
0 8;26;28
0 30
0 1;10;12;27;29;31;32;33;35
2 9;20
7;11 4
7;11 14;19
9 #edges, tree 314
0 2
0 7;11
0 21;23;25
0 8;26;28
0 30
0 1;10;12;27;29;31;32;33;35
2 9;20
4 14;19
7;11 4
9 #edges, tree 315
0 2
0 7;11
0 21;23;25
0 8;26;28
0 30
0 1;10;12;27;29;31;32;33;35
2 9;20
7;11 4
21;23;25 14;19
9 #edges, tree 316
0 2
0 7;11
0 21;23;25
0 8;26;28
0 30
0 1;10;12;27;29;31;32;33;35
2 9;20
9;20 4
21;23;25 14;19
9 #edges, tree 317
0 2
0 7;11
0 21;23;25
0 8;26;28
0 30
0 1;10;12;27;29;31;32;33;35
2 9;20
14;19 4
21;23;25 14;19
9 #edges, tree 318
0 2
0 7;11
0 8;26;28
0 30
0 1;10;12;27;29;31;32;33;35
2 4
2 9;20
7;11 14;19
9;20 21;23;25
9 #edges, tree 319
0 2
0 7;11
0 8;26;28
0 30
0 1;10;12;27;29;31;32;33;35
2 9;20
7;11 14;19
14;19 4
9;20 21;23;25
9 #edges, tree 320
0 2
0 7;11
0 8;26;28
0 30
0 1;10;12;27;29;31;32;33;35
2 9;20
7;11 4
7;11 14;19
9;20 21;23;25
9 #edges, tree 321
0 2
0 7;11
0 8;26;28
0 30
0 1;10;12;27;29;31;32;33;35
2 9;20
7;11 14;19
9;20 4
9;20 21;23;25
9 #edges, tree 322
0 2
0 7;11
0 8;26;28
0 30
0 1;10;12;27;29;31;32;33;35
2 9;20
7;11 14;19
9;20 21;23;25
21;23;25 4
9 #edges, tree 323
0 2
0 7;11
0 8;26;28
0 30
0 1;10;12;27;29;31;32;33;35
2 9;20
14;19 4
9;20 21;23;25
30 14;19
9 #edges, tree 324
0 2
0 7;11
0 8;26;28
0 30
0 1;10;12;27;29;31;32;33;35
2 9;20
9;20 4
9;20 21;23;25
30 14;19
9 #edges, tree 325
0 2
0 7;11
0 8;26;28
0 30
0 1;10;12;27;29;31;32;33;35
2 4
2 9;20
9;20 21;23;25
30 14;19
9 #edges, tree 326
0 2
0 7;11
0 8;26;28
0 30
0 1;10;12;27;29;31;32;33;35
2 9;20
9;20 21;23;25
21;23;25 4
30 14;19
9 #edges, tree 327
0 2
0 7;11
0 8;26;28
0 30
0 1;10;12;27;29;31;32;33;35
2 9;20
7;11 4
9;20 21;23;25
30 14;19
9 #edges, tree 328
0 2
0 7;11
0 8;26;28
0 30
0 1;10;12;27;29;31;32;33;35
2 9;20
4 14;19
7;11 4
9;20 21;23;25
9 #edges, tree 329
0 2
0 7;11
0 8;26;28
0 30
0 1;10;12;27;29;31;32;33;35
2 4
2 9;20
4 14;19
9;20 21;23;25
9 #edges, tree 330
0 7;11
0 9;20
0 8;26;28
0 30
0 1;10;12;27;29;31;32;33;35
9;20 2
9;20 4
9;20 21;23;25
30 14;19
9 #edges, tree 331
0 7;11
0 9;20
0 8;26;28
0 30
0 1;10;12;27;29;31;32;33;35
7;11 14;19
9;20 2
9;20 4
9;20 21;23;25
9 #edges, tree 332
0 7;11
0 9;20
0 21;23;25
0 8;26;28
0 30
0 1;10;12;27;29;31;32;33;35
9;20 2
9;20 4
21;23;25 14;19
9 #edges, tree 333
0 7;11
0 9;20
0 21;23;25
0 8;26;28
0 30
0 1;10;12;27;29;31;32;33;35
9;20 2
9;20 4
30 14;19
9 #edges, tree 334
0 7;11
0 9;20
0 21;23;25
0 8;26;28
0 30
0 1;10;12;27;29;31;32;33;35
7;11 14;19
9;20 2
9;20 4
9 #edges, tree 335
0 7;11
0 9;20
0 8;26;28
0 30
0 1;10;12;27;29;31;32;33;35
2 21;23;25
7;11 14;19
9;20 2
9;20 4
9 #edges, tree 336
0 7;11
0 9;20
0 8;26;28
0 30
0 1;10;12;27;29;31;32;33;35
2 21;23;25
9;20 2
9;20 4
30 14;19
9 #edges, tree 337
0 7;11
0 9;20
0 8;26;28
0 30
0 1;10;12;27;29;31;32;33;35
2 21;23;25
4 14;19
9;20 2
30 4
9 #edges, tree 338
0 7;11
0 9;20
0 21;23;25
0 8;26;28
0 30
0 1;10;12;27;29;31;32;33;35
4 14;19
9;20 2
30 4
9 #edges, tree 339
0 7;11
0 9;20
0 8;26;28
0 30
0 1;10;12;27;29;31;32;33;35
4 14;19
9;20 2
9;20 21;23;25
30 4
9 #edges, tree 340
0 7;11
0 9;20
0 21;23;25
0 8;26;28
0 30
0 1;10;12;27;29;31;32;33;35
9;20 2
21;23;25 14;19
30 4
9 #edges, tree 341
0 7;11
0 9;20
0 21;23;25
0 8;26;28
0 30
0 1;10;12;27;29;31;32;33;35
9;20 2
30 4
30 14;19
9 #edges, tree 342
0 7;11
0 9;20
0 21;23;25
0 8;26;28
0 30
0 1;10;12;27;29;31;32;33;35
7;11 14;19
9;20 2
30 4
9 #edges, tree 343
0 7;11
0 9;20
0 8;26;28
0 30
0 1;10;12;27;29;31;32;33;35
2 21;23;25
9;20 2
30 4
30 14;19
9 #edges, tree 344
0 7;11
0 9;20
0 8;26;28
0 30
0 1;10;12;27;29;31;32;33;35
2 21;23;25
7;11 14;19
9;20 2
30 4
9 #edges, tree 345
0 7;11
0 9;20
0 8;26;28
0 30
0 1;10;12;27;29;31;32;33;35
9;20 2
9;20 21;23;25
30 4
30 14;19
9 #edges, tree 346
0 7;11
0 9;20
0 8;26;28
0 30
0 1;10;12;27;29;31;32;33;35
7;11 14;19
9;20 2
9;20 21;23;25
30 4
9 #edges, tree 347
0 7;11
0 9;20
0 8;26;28
0 30
0 1;10;12;27;29;31;32;33;35
2 4
2 21;23;25
7;11 14;19
9;20 2
9 #edges, tree 348
0 7;11
0 9;20
0 8;26;28
0 30
0 1;10;12;27;29;31;32;33;35
2 4
2 21;23;25
9;20 2
30 14;19
9 #edges, tree 349
0 7;11
0 9;20
0 21;23;25
0 8;26;28
0 30
0 1;10;12;27;29;31;32;33;35
2 4
7;11 14;19
9;20 2
9 #edges, tree 350
0 7;11
0 9;20
0 8;26;28
0 30
0 1;10;12;27;29;31;32;33;35
2 4
7;11 14;19
9;20 2
9;20 21;23;25
9 #edges, tree 351
0 7;11
0 9;20
0 8;26;28
0 30
0 1;10;12;27;29;31;32;33;35
2 4
9;20 2
9;20 21;23;25
30 14;19
9 #edges, tree 352
0 7;11
0 9;20
0 21;23;25
0 8;26;28
0 30
0 1;10;12;27;29;31;32;33;35
2 4
9;20 2
30 14;19
9 #edges, tree 353
0 7;11
0 9;20
0 21;23;25
0 8;26;28
0 30
0 1;10;12;27;29;31;32;33;35
2 4
9;20 2
21;23;25 14;19
9 #edges, tree 354
0 7;11
0 9;20
0 21;23;25
0 8;26;28
0 30
0 1;10;12;27;29;31;32;33;35
9;20 2
21;23;25 14;19
1;10;12;27;29;31;32;33;35 4
9 #edges, tree 355
0 7;11
0 9;20
0 21;23;25
0 8;26;28
0 30
0 1;10;12;27;29;31;32;33;35
9;20 2
21;23;25 4
21;23;25 14;19
9 #edges, tree 356
0 7;11
0 9;20
0 21;23;25
0 8;26;28
0 30
0 1;10;12;27;29;31;32;33;35
14;19 4
9;20 2
21;23;25 14;19
9 #edges, tree 357
0 7;11
0 9;20
0 21;23;25
0 8;26;28
0 30
0 1;10;12;27;29;31;32;33;35
7;11 4
9;20 2
21;23;25 14;19
9 #edges, tree 358
0 7;11
0 9;20
0 21;23;25
0 8;26;28
0 30
0 1;10;12;27;29;31;32;33;35
9;20 2
21;23;25 14;19
8;26;28 4
9 #edges, tree 359
0 7;11
0 9;20
0 21;23;25
0 8;26;28
0 30
0 1;10;12;27;29;31;32;33;35
9;20 2
30 14;19
1;10;12;27;29;31;32;33;35 4
9 #edges, tree 360
0 7;11
0 9;20
0 21;23;25
0 8;26;28
0 30
0 1;10;12;27;29;31;32;33;35
7;11 14;19
9;20 2
1;10;12;27;29;31;32;33;35 4
9 #edges, tree 361
0 7;11
0 9;20
0 21;23;25
0 8;26;28
0 30
0 1;10;12;27;29;31;32;33;35
9;20 2
21;23;25 4
30 14;19
9 #edges, tree 362
0 7;11
0 9;20
0 21;23;25
0 8;26;28
0 30
0 1;10;12;27;29;31;32;33;35
7;11 14;19
9;20 2
21;23;25 4
9 #edges, tree 363
0 7;11
0 9;20
0 21;23;25
0 8;26;28
0 30
0 1;10;12;27;29;31;32;33;35
4 14;19
9;20 2
21;23;25 4
9 #edges, tree 364
0 7;11
0 9;20
0 21;23;25
0 8;26;28
0 30
0 1;10;12;27;29;31;32;33;35
7;11 14;19
9;20 2
8;26;28 4
9 #edges, tree 365
0 7;11
0 9;20
0 21;23;25
0 8;26;28
0 30
0 1;10;12;27;29;31;32;33;35
9;20 2
8;26;28 4
30 14;19
9 #edges, tree 366
0 7;11
0 9;20
0 21;23;25
0 8;26;28
0 30
0 1;10;12;27;29;31;32;33;35
4 14;19
7;11 4
9;20 2
9 #edges, tree 367
0 7;11
0 9;20
0 21;23;25
0 8;26;28
0 30
0 1;10;12;27;29;31;32;33;35
7;11 4
7;11 14;19
9;20 2
9 #edges, tree 368
0 7;11
0 9;20
0 21;23;25
0 8;26;28
0 30
0 1;10;12;27;29;31;32;33;35
7;11 4
9;20 2
30 14;19
9 #edges, tree 369
0 7;11
0 9;20
0 21;23;25
0 8;26;28
0 30
0 1;10;12;27;29;31;32;33;35
7;11 14;19
14;19 4
9;20 2
9 #edges, tree 370
0 7;11
0 9;20
0 21;23;25
0 8;26;28
0 30
0 1;10;12;27;29;31;32;33;35
14;19 4
9;20 2
30 14;19
9 #edges, tree 371
0 7;11
0 9;20
0 8;26;28
0 30
0 1;10;12;27;29;31;32;33;35
2 21;23;25
9;20 2
21;23;25 4
30 14;19
9 #edges, tree 372
0 7;11
0 9;20
0 8;26;28
0 30
0 1;10;12;27;29;31;32;33;35
2 21;23;25
7;11 14;19
9;20 2
21;23;25 4
9 #edges, tree 373
0 7;11
0 9;20
0 8;26;28
0 30
0 1;10;12;27;29;31;32;33;35
2 21;23;25
14;19 4
9;20 2
30 14;19
9 #edges, tree 374
0 7;11
0 9;20
0 8;26;28
0 30
0 1;10;12;27;29;31;32;33;35
2 21;23;25
7;11 4
9;20 2
30 14;19
9 #edges, tree 375
0 7;11
0 9;20
0 8;26;28
0 30
0 1;10;12;27;29;31;32;33;35
2 21;23;25
9;20 2
8;26;28 4
30 14;19
9 #edges, tree 376
0 7;11
0 9;20
0 8;26;28
0 30
0 1;10;12;27;29;31;32;33;35
2 21;23;25
9;20 2
30 14;19
1;10;12;27;29;31;32;33;35 4
9 #edges, tree 377
0 7;11
0 9;20
0 8;26;28
0 30
0 1;10;12;27;29;31;32;33;35
2 21;23;25
7;11 14;19
9;20 2
1;10;12;27;29;31;32;33;35 4
9 #edges, tree 378
0 7;11
0 9;20
0 8;26;28
0 30
0 1;10;12;27;29;31;32;33;35
2 21;23;25
7;11 4
7;11 14;19
9;20 2
9 #edges, tree 379
0 7;11
0 9;20
0 8;26;28
0 30
0 1;10;12;27;29;31;32;33;35
2 21;23;25
4 14;19
7;11 4
9;20 2
9 #edges, tree 380
0 7;11
0 9;20
0 8;26;28
0 30
0 1;10;12;27;29;31;32;33;35
2 21;23;25
7;11 14;19
9;20 2
8;26;28 4
9 #edges, tree 381
0 7;11
0 9;20
0 8;26;28
0 30
0 1;10;12;27;29;31;32;33;35
2 21;23;25
7;11 14;19
14;19 4
9;20 2
9 #edges, tree 382
0 7;11
0 9;20
0 8;26;28
0 30
0 1;10;12;27;29;31;32;33;35
7;11 14;19
9;20 2
9;20 21;23;25
8;26;28 4
9 #edges, tree 383
0 7;11
0 9;20
0 8;26;28
0 30
0 1;10;12;27;29;31;32;33;35
9;20 2
9;20 21;23;25
8;26;28 4
30 14;19
9 #edges, tree 384
0 7;11
0 9;20
0 8;26;28
0 30
0 1;10;12;27;29;31;32;33;35
9;20 2
9;20 21;23;25
30 14;19
1;10;12;27;29;31;32;33;35 4
9 #edges, tree 385
0 7;11
0 9;20
0 8;26;28
0 30
0 1;10;12;27;29;31;32;33;35
14;19 4
9;20 2
9;20 21;23;25
30 14;19
9 #edges, tree 386
0 7;11
0 9;20
0 8;26;28
0 30
0 1;10;12;27;29;31;32;33;35
9;20 2
9;20 21;23;25
21;23;25 4
30 14;19
9 #edges, tree 387
0 7;11
0 9;20
0 8;26;28
0 30
0 1;10;12;27;29;31;32;33;35
7;11 4
9;20 2
9;20 21;23;25
30 14;19
9 #edges, tree 388
0 7;11
0 9;20
0 8;26;28
0 30
0 1;10;12;27;29;31;32;33;35
7;11 14;19
9;20 2
9;20 21;23;25
1;10;12;27;29;31;32;33;35 4
9 #edges, tree 389
0 7;11
0 9;20
0 8;26;28
0 30
0 1;10;12;27;29;31;32;33;35
7;11 4
7;11 14;19
9;20 2
9;20 21;23;25
9 #edges, tree 390
0 7;11
0 9;20
0 8;26;28
0 30
0 1;10;12;27;29;31;32;33;35
7;11 14;19
14;19 4
9;20 2
9;20 21;23;25
9 #edges, tree 391
0 7;11
0 9;20
0 8;26;28
0 30
0 1;10;12;27;29;31;32;33;35
7;11 14;19
9;20 2
9;20 21;23;25
21;23;25 4
9 #edges, tree 392
0 7;11
0 9;20
0 8;26;28
0 30
0 1;10;12;27;29;31;32;33;35
4 14;19
7;11 4
9;20 2
9;20 21;23;25
9 #edges, tree 393
0 2
0 7;11
0 21;23;25
0 8;26;28
0 1;10;12;27;29;31;32;33;35
2 9;20
4 14;19
21;23;25 4
8;26;28 30
9 #edges, tree 394
0 2
0 7;11
0 21;23;25
0 8;26;28
0 1;10;12;27;29;31;32;33;35
2 9;20
2 30
4 14;19
21;23;25 4
9 #edges, tree 395
0 7;11
0 9;20
0 21;23;25
0 8;26;28
0 1;10;12;27;29;31;32;33;35
4 14;19
9;20 2
21;23;25 4
8;26;28 30
9 #edges, tree 396
0 7;11
0 9;20
0 21;23;25
0 8;26;28
0 1;10;12;27;29;31;32;33;35
9;20 2
21;23;25 4
21;23;25 14;19
8;26;28 30
9 #edges, tree 397
0 7;11
0 9;20
0 21;23;25
0 8;26;28
0 1;10;12;27;29;31;32;33;35
7;11 14;19
9;20 2
21;23;25 4
8;26;28 30
9 #edges, tree 398
0 2
0 7;11
0 21;23;25
0 8;26;28
0 1;10;12;27;29;31;32;33;35
2 9;20
2 30
21;23;25 4
21;23;25 14;19
9 #edges, tree 399
0 2
0 7;11
0 21;23;25
0 8;26;28
0 1;10;12;27;29;31;32;33;35
2 9;20
21;23;25 4
21;23;25 14;19
8;26;28 30
9 #edges, tree 400
0 2
0 7;11
0 21;23;25
0 8;26;28
0 1;10;12;27;29;31;32;33;35
2 9;20
7;11 14;19
21;23;25 4
8;26;28 30
9 #edges, tree 401
0 2
0 7;11
0 21;23;25
0 8;26;28
0 1;10;12;27;29;31;32;33;35
2 9;20
2 30
7;11 14;19
21;23;25 4
9 #edges, tree 402
0 2
0 7;11
0 21;23;25
0 8;26;28
0 1;10;12;27;29;31;32;33;35
2 9;20
2 30
21;23;25 4
30 14;19
9 #edges, tree 403
0 2
0 7;11
0 21;23;25
0 8;26;28
0 1;10;12;27;29;31;32;33;35
2 14;19
2 9;20
2 30
21;23;25 4
9 #edges, tree 404
0 2
0 7;11
0 21;23;25
0 8;26;28
0 1;10;12;27;29;31;32;33;35
2 14;19
2 9;20
21;23;25 4
8;26;28 30
9 #edges, tree 405
0 2
0 7;11
0 21;23;25
0 8;26;28
0 1;10;12;27;29;31;32;33;35
2 9;20
14;19 4
21;23;25 14;19
8;26;28 30
9 #edges, tree 406
0 2
0 7;11
0 21;23;25
0 8;26;28
0 1;10;12;27;29;31;32;33;35
2 9;20
2 30
14;19 4
21;23;25 14;19
9 #edges, tree 407
0 7;11
0 9;20
0 21;23;25
0 8;26;28
0 1;10;12;27;29;31;32;33;35
14;19 4
9;20 2
21;23;25 14;19
8;26;28 30
9 #edges, tree 408
0 2
0 7;11
0 21;23;25
0 8;26;28
0 1;10;12;27;29;31;32;33;35
2 4
2 9;20
2 30
21;23;25 14;19
9 #edges, tree 409
0 2
0 7;11
0 21;23;25
0 8;26;28
0 1;10;12;27;29;31;32;33;35
2 4
2 9;20
4 30
21;23;25 14;19
9 #edges, tree 410
0 2
0 7;11
0 21;23;25
0 8;26;28
0 1;10;12;27;29;31;32;33;35
2 4
2 9;20
21;23;25 14;19
8;26;28 30
9 #edges, tree 411
0 2
0 7;11
0 21;23;25
0 8;26;28
0 1;10;12;27;29;31;32;33;35
2 9;20
2 30
9;20 4
21;23;25 14;19
9 #edges, tree 412
0 2
0 7;11
0 21;23;25
0 8;26;28
0 1;10;12;27;29;31;32;33;35
2 9;20
2 30
21;23;25 14;19
8;26;28 4
9 #edges, tree 413
0 2
0 7;11
0 21;23;25
0 8;26;28
0 1;10;12;27;29;31;32;33;35
2 9;20
2 30
21;23;25 14;19
30 4
9 #edges, tree 414
0 2
0 7;11
0 21;23;25
0 8;26;28
0 1;10;12;27;29;31;32;33;35
2 9;20
2 30
7;11 4
21;23;25 14;19
9 #edges, tree 415
0 2
0 7;11
0 21;23;25
0 8;26;28
0 1;10;12;27;29;31;32;33;35
2 9;20
2 30
21;23;25 14;19
1;10;12;27;29;31;32;33;35 4
9 #edges, tree 416
0 2
0 7;11
0 21;23;25
0 8;26;28
0 1;10;12;27;29;31;32;33;35
2 9;20
21;23;25 14;19
8;26;28 30
1;10;12;27;29;31;32;33;35 4
9 #edges, tree 417
0 2
0 7;11
0 21;23;25
0 8;26;28
0 1;10;12;27;29;31;32;33;35
2 9;20
7;11 4
21;23;25 14;19
8;26;28 30
9 #edges, tree 418
0 2
0 7;11
0 21;23;25
0 8;26;28
0 1;10;12;27;29;31;32;33;35
2 9;20
9;20 4
21;23;25 14;19
8;26;28 30
9 #edges, tree 419
0 2
0 7;11
0 21;23;25
0 8;26;28
0 1;10;12;27;29;31;32;33;35
2 9;20
21;23;25 14;19
8;26;28 4
8;26;28 30
9 #edges, tree 420
0 2
0 7;11
0 21;23;25
0 8;26;28
0 1;10;12;27;29;31;32;33;35
2 9;20
21;23;25 14;19
8;26;28 30
30 4
9 #edges, tree 421
0 2
0 7;11
0 21;23;25
0 8;26;28
0 1;10;12;27;29;31;32;33;35
2 9;20
4 30
21;23;25 14;19
8;26;28 4
9 #edges, tree 422
0 7;11
0 9;20
0 21;23;25
0 8;26;28
0 1;10;12;27;29;31;32;33;35
9;20 2
21;23;25 14;19
8;26;28 30
1;10;12;27;29;31;32;33;35 4
9 #edges, tree 423
0 7;11
0 9;20
0 21;23;25
0 8;26;28
0 1;10;12;27;29;31;32;33;35
7;11 4
9;20 2
21;23;25 14;19
8;26;28 30
9 #edges, tree 424
0 7;11
0 9;20
0 21;23;25
0 8;26;28
0 1;10;12;27;29;31;32;33;35
4 30
9;20 2
21;23;25 14;19
8;26;28 4
9 #edges, tree 425
0 7;11
0 9;20
0 21;23;25
0 8;26;28
0 1;10;12;27;29;31;32;33;35
9;20 2
21;23;25 14;19
8;26;28 4
8;26;28 30
9 #edges, tree 426
0 7;11
0 9;20
0 21;23;25
0 8;26;28
0 1;10;12;27;29;31;32;33;35
9;20 2
21;23;25 14;19
8;26;28 30
30 4
9 #edges, tree 427
0 7;11
0 9;20
0 21;23;25
0 8;26;28
0 1;10;12;27;29;31;32;33;35
9;20 2
9;20 4
21;23;25 14;19
8;26;28 30
9 #edges, tree 428
0 7;11
0 9;20
0 21;23;25
0 8;26;28
0 1;10;12;27;29;31;32;33;35
2 4
9;20 2
21;23;25 14;19
8;26;28 30
9 #edges, tree 429
0 2
0 7;11
0 21;23;25
0 8;26;28
0 1;10;12;27;29;31;32;33;35
2 14;19
2 9;20
2 30
14;19 4
9 #edges, tree 430
0 2
0 7;11
0 21;23;25
0 8;26;28
0 1;10;12;27;29;31;32;33;35
2 14;19
2 9;20
14;19 4
8;26;28 30
9 #edges, tree 431
0 2
0 7;11
0 21;23;25
0 8;26;28
0 1;10;12;27;29;31;32;33;35
2 14;19
2 9;20
2 30
1;10;12;27;29;31;32;33;35 4
9 #edges, tree 432
0 2
0 7;11
0 21;23;25
0 8;26;28
0 1;10;12;27;29;31;32;33;35
2 14;19
2 9;20
2 30
9;20 4
9 #edges, tree 433
0 2
0 7;11
0 21;23;25
0 8;26;28
0 1;10;12;27;29;31;32;33;35
2 4
2 14;19
2 9;20
2 30
9 #edges, tree 434
0 2
0 7;11
0 21;23;25
0 8;26;28
0 1;10;12;27;29;31;32;33;35
2 14;19
2 9;20
2 30
8;26;28 4
9 #edges, tree 435
0 2
0 7;11
0 21;23;25
0 8;26;28
0 1;10;12;27;29;31;32;33;35
2 14;19
2 9;20
2 30
7;11 4
9 #edges, tree 436
0 2
0 7;11
0 21;23;25
0 8;26;28
0 1;10;12;27;29;31;32;33;35
2 14;19
2 9;20
2 30
30 4
9 #edges, tree 437
0 2
0 7;11
0 21;23;25
0 8;26;28
0 1;10;12;27;29;31;32;33;35
2 14;19
2 9;20
8;26;28 4
8;26;28 30
9 #edges, tree 438
0 2
0 7;11
0 21;23;25
0 8;26;28
0 1;10;12;27;29;31;32;33;35
2 14;19
2 9;20
4 30
8;26;28 4
9 #edges, tree 439
0 2
0 7;11
0 21;23;25
0 8;26;28
0 1;10;12;27;29;31;32;33;35
2 14;19
2 9;20
7;11 4
8;26;28 30
9 #edges, tree 440
0 2
0 7;11
0 21;23;25
0 8;26;28
0 1;10;12;27;29;31;32;33;35
2 4
2 14;19
2 9;20
8;26;28 30
9 #edges, tree 441
0 2
0 7;11
0 21;23;25
0 8;26;28
0 1;10;12;27;29;31;32;33;35
2 4
2 14;19
2 9;20
4 30
9 #edges, tree 442
0 2
0 7;11
0 21;23;25
0 8;26;28
0 1;10;12;27;29;31;32;33;35
2 14;19
2 9;20
9;20 4
8;26;28 30
9 #edges, tree 443
0 2
0 7;11
0 21;23;25
0 8;26;28
0 1;10;12;27;29;31;32;33;35
2 14;19
2 9;20
8;26;28 30
30 4
9 #edges, tree 444
0 2
0 7;11
0 21;23;25
0 8;26;28
0 1;10;12;27;29;31;32;33;35
2 14;19
2 9;20
8;26;28 30
1;10;12;27;29;31;32;33;35 4
9 #edges, tree 445
0 2
0 7;11
0 21;23;25
0 8;26;28
0 1;10;12;27;29;31;32;33;35
2 9;20
2 30
8;26;28 4
30 14;19
9 #edges, tree 446
0 2
0 7;11
0 21;23;25
0 8;26;28
0 1;10;12;27;29;31;32;33;35
2 9;20
2 30
7;11 14;19
8;26;28 4
9 #edges, tree 447
0 2
0 7;11
0 21;23;25
0 8;26;28
0 1;10;12;27;29;31;32;33;35
2 9;20
4 30
7;11 14;19
8;26;28 4
9 #edges, tree 448
0 2
0 7;11
0 21;23;25
0 8;26;28
0 1;10;12;27;29;31;32;33;35
2 9;20
7;11 14;19
8;26;28 4
8;26;28 30
9 #edges, tree 449
0 2
0 7;11
0 21;23;25
0 8;26;28
0 1;10;12;27;29;31;32;33;35
2 9;20
2 30
7;11 14;19
1;10;12;27;29;31;32;33;35 4
9 #edges, tree 450
0 2
0 7;11
0 21;23;25
0 8;26;28
0 1;10;12;27;29;31;32;33;35
2 9;20
2 30
30 14;19
1;10;12;27;29;31;32;33;35 4
9 #edges, tree 451
0 2
0 7;11
0 21;23;25
0 8;26;28
0 1;10;12;27;29;31;32;33;35
2 9;20
7;11 14;19
8;26;28 30
1;10;12;27;29;31;32;33;35 4
9 #edges, tree 452
0 2
0 7;11
0 21;23;25
0 8;26;28
0 1;10;12;27;29;31;32;33;35
2 4
2 9;20
2 30
30 14;19
9 #edges, tree 453
0 2
0 7;11
0 21;23;25
0 8;26;28
0 1;10;12;27;29;31;32;33;35
2 4
2 9;20
2 30
4 14;19
9 #edges, tree 454
0 2
0 7;11
0 21;23;25
0 8;26;28
0 1;10;12;27;29;31;32;33;35
2 4
2 9;20
2 30
7;11 14;19
9 #edges, tree 455
0 2
0 7;11
0 21;23;25
0 8;26;28
0 1;10;12;27;29;31;32;33;35
2 9;20
2 30
30 4
30 14;19
9 #edges, tree 456
0 2
0 7;11
0 21;23;25
0 8;26;28
0 1;10;12;27;29;31;32;33;35
2 9;20
2 30
7;11 14;19
30 4
9 #edges, tree 457
0 2
0 7;11
0 21;23;25
0 8;26;28
0 1;10;12;27;29;31;32;33;35
2 9;20
2 30
4 14;19
30 4
9 #edges, tree 458
0 2
0 7;11
0 21;23;25
0 8;26;28
0 1;10;12;27;29;31;32;33;35
2 9;20
2 30
7;11 4
7;11 14;19
9 #edges, tree 459
0 2
0 7;11
0 21;23;25
0 8;26;28
0 1;10;12;27;29;31;32;33;35
2 9;20
2 30
7;11 4
30 14;19
9 #edges, tree 460
0 2
0 7;11
0 21;23;25
0 8;26;28
0 1;10;12;27;29;31;32;33;35
2 9;20
2 30
4 14;19
7;11 4
9 #edges, tree 461
0 2
0 7;11
0 21;23;25
0 8;26;28
0 1;10;12;27;29;31;32;33;35
2 9;20
2 30
7;11 14;19
14;19 4
9 #edges, tree 462
0 2
0 7;11
0 21;23;25
0 8;26;28
0 1;10;12;27;29;31;32;33;35
2 9;20
2 30
7;11 14;19
9;20 4
9 #edges, tree 463
0 2
0 7;11
0 21;23;25
0 8;26;28
0 1;10;12;27;29;31;32;33;35
2 9;20
2 30
9;20 4
30 14;19
9 #edges, tree 464
0 2
0 7;11
0 21;23;25
0 8;26;28
0 1;10;12;27;29;31;32;33;35
2 9;20
2 30
14;19 4
30 14;19
9 #edges, tree 465
0 2
0 7;11
0 21;23;25
0 8;26;28
0 1;10;12;27;29;31;32;33;35
2 9;20
7;11 4
7;11 14;19
8;26;28 30
9 #edges, tree 466
0 2
0 7;11
0 21;23;25
0 8;26;28
0 1;10;12;27;29;31;32;33;35
2 4
2 9;20
4 30
7;11 14;19
9 #edges, tree 467
0 2
0 7;11
0 21;23;25
0 8;26;28
0 1;10;12;27;29;31;32;33;35
2 4
2 9;20
7;11 14;19
8;26;28 30
9 #edges, tree 468
0 2
0 7;11
0 21;23;25
0 8;26;28
0 1;10;12;27;29;31;32;33;35
2 9;20
7;11 14;19
14;19 4
8;26;28 30
9 #edges, tree 469
0 2
0 7;11
0 21;23;25
0 8;26;28
0 1;10;12;27;29;31;32;33;35
2 9;20
7;11 14;19
9;20 4
8;26;28 30
9 #edges, tree 470
0 2
0 7;11
0 21;23;25
0 8;26;28
0 1;10;12;27;29;31;32;33;35
2 9;20
7;11 14;19
8;26;28 30
30 4
9 #edges, tree 471
0 2
0 7;11
0 21;23;25
0 8;26;28
0 1;10;12;27;29;31;32;33;35
2 9;20
4 14;19
7;11 4
8;26;28 30
9 #edges, tree 472
0 2
0 7;11
0 21;23;25
0 8;26;28
0 1;10;12;27;29;31;32;33;35
2 4
2 9;20
4 14;19
8;26;28 30
9 #edges, tree 473
0 2
0 7;11
0 21;23;25
0 8;26;28
0 1;10;12;27;29;31;32;33;35
2 4
2 9;20
4 14;19
4 30
9 #edges, tree 474
0 2
0 7;11
0 21;23;25
0 8;26;28
0 1;10;12;27;29;31;32;33;35
2 4
2 9;20
4 30
30 14;19
9 #edges, tree 475
0 7;11
0 9;20
0 21;23;25
0 8;26;28
0 1;10;12;27;29;31;32;33;35
4 30
7;11 14;19
9;20 2
8;26;28 4
9 #edges, tree 476
0 7;11
0 9;20
0 21;23;25
0 8;26;28
0 1;10;12;27;29;31;32;33;35
7;11 14;19
9;20 2
8;26;28 4
8;26;28 30
9 #edges, tree 477
0 7;11
0 9;20
0 21;23;25
0 8;26;28
0 1;10;12;27;29;31;32;33;35
4 14;19
7;11 4
9;20 2
8;26;28 30
9 #edges, tree 478
0 7;11
0 9;20
0 21;23;25
0 8;26;28
0 1;10;12;27;29;31;32;33;35
7;11 4
7;11 14;19
9;20 2
8;26;28 30
9 #edges, tree 479
0 7;11
0 9;20
0 21;23;25
0 8;26;28
0 1;10;12;27;29;31;32;33;35
7;11 14;19
9;20 2
8;26;28 30
1;10;12;27;29;31;32;33;35 4
9 #edges, tree 480
0 7;11
0 9;20
0 21;23;25
0 8;26;28
0 1;10;12;27;29;31;32;33;35
2 4
7;11 14;19
9;20 2
8;26;28 30
9 #edges, tree 481
0 7;11
0 9;20
0 21;23;25
0 8;26;28
0 1;10;12;27;29;31;32;33;35
7;11 14;19
14;19 4
9;20 2
8;26;28 30
9 #edges, tree 482
0 7;11
0 9;20
0 21;23;25
0 8;26;28
0 1;10;12;27;29;31;32;33;35
7;11 14;19
9;20 2
9;20 4
8;26;28 30
9 #edges, tree 483
0 7;11
0 9;20
0 21;23;25
0 8;26;28
0 1;10;12;27;29;31;32;33;35
7;11 14;19
9;20 2
8;26;28 30
30 4
9 #edges, tree 484
0 2
0 7;11
0 8;26;28
0 1;10;12;27;29;31;32;33;35
2 14;19
2 9;20
2 21;23;25
2 30
1;10;12;27;29;31;32;33;35 4
9 #edges, tree 485
0 2
0 7;11
0 8;26;28
0 1;10;12;27;29;31;32;33;35
2 9;20
2 21;23;25
2 30
21;23;25 14;19
1;10;12;27;29;31;32;33;35 4
9 #edges, tree 486
0 2
0 7;11
0 8;26;28
0 1;10;12;27;29;31;32;33;35
2 9;20
2 21;23;25
2 30
30 14;19
1;10;12;27;29;31;32;33;35 4
9 #edges, tree 487
0 2
0 7;11
0 8;26;28
0 1;10;12;27;29;31;32;33;35
2 9;20
2 21;23;25
2 30
7;11 14;19
1;10;12;27;29;31;32;33;35 4
9 #edges, tree 488
0 2
0 7;11
0 8;26;28
0 1;10;12;27;29;31;32;33;35
2 9;20
2 30
7;11 14;19
9;20 21;23;25
1;10;12;27;29;31;32;33;35 4
9 #edges, tree 489
0 2
0 7;11
0 8;26;28
0 1;10;12;27;29;31;32;33;35
2 14;19
2 9;20
2 30
9;20 21;23;25
1;10;12;27;29;31;32;33;35 4
9 #edges, tree 490
0 2
0 7;11
0 8;26;28
0 1;10;12;27;29;31;32;33;35
2 9;20
2 30
9;20 21;23;25
30 14;19
1;10;12;27;29;31;32;33;35 4
9 #edges, tree 491
0 2
0 7;11
0 8;26;28
0 1;10;12;27;29;31;32;33;35
2 14;19
2 9;20
2 21;23;25
8;26;28 30
1;10;12;27;29;31;32;33;35 4
9 #edges, tree 492
0 2
0 7;11
0 8;26;28
0 1;10;12;27;29;31;32;33;35
2 9;20
2 21;23;25
21;23;25 14;19
8;26;28 30
1;10;12;27;29;31;32;33;35 4
9 #edges, tree 493
0 2
0 7;11
0 8;26;28
0 1;10;12;27;29;31;32;33;35
2 9;20
2 21;23;25
7;11 14;19
8;26;28 30
1;10;12;27;29;31;32;33;35 4
9 #edges, tree 494
0 2
0 7;11
0 8;26;28
0 1;10;12;27;29;31;32;33;35
2 14;19
2 9;20
9;20 21;23;25
8;26;28 30
1;10;12;27;29;31;32;33;35 4
9 #edges, tree 495
0 2
0 7;11
0 8;26;28
0 1;10;12;27;29;31;32;33;35
2 9;20
7;11 14;19
9;20 21;23;25
8;26;28 30
1;10;12;27;29;31;32;33;35 4
9 #edges, tree 496
0 2
0 7;11
0 8;26;28
0 1;10;12;27;29;31;32;33;35
2 4
2 14;19
2 9;20
2 21;23;25
8;26;28 30
9 #edges, tree 497
0 2
0 7;11
0 8;26;28
0 1;10;12;27;29;31;32;33;35
2 4
2 14;19
2 9;20
2 21;23;25
2 30
9 #edges, tree 498
0 2
0 7;11
0 8;26;28
0 1;10;12;27;29;31;32;33;35
2 4
2 14;19
2 9;20
2 21;23;25
4 30
9 #edges, tree 499
0 2
0 7;11
0 8;26;28
0 1;10;12;27;29;31;32;33;35
2 4
2 14;19
2 9;20
9;20 21;23;25
8;26;28 30
9 #edges, tree 500
0 2
0 7;11
0 8;26;28
0 1;10;12;27;29;31;32;33;35
2 4
2 14;19
2 9;20
2 30
9;20 21;23;25
9 #edges, tree 501
0 2
0 7;11
0 8;26;28
0 1;10;12;27;29;31;32;33;35
2 4
2 14;19
2 9;20
4 30
9;20 21;23;25
9 #edges, tree 502
0 2
0 7;11
0 8;26;28
0 1;10;12;27;29;31;32;33;35
2 4
2 9;20
2 21;23;25
2 30
4 14;19
9 #edges, tree 503
0 2
0 7;11
0 8;26;28
0 1;10;12;27;29;31;32;33;35
2 4
2 9;20
2 21;23;25
4 14;19
8;26;28 30
9 #edges, tree 504
0 2
0 7;11
0 8;26;28
0 1;10;12;27;29;31;32;33;35
2 4
2 9;20
2 21;23;25
4 14;19
4 30
9 #edges, tree 505
0 2
0 7;11
0 8;26;28
0 1;10;12;27;29;31;32;33;35
2 4
2 9;20
2 30
4 14;19
9;20 21;23;25
9 #edges, tree 506
0 2
0 7;11
0 8;26;28
0 1;10;12;27;29;31;32;33;35
2 4
2 9;20
4 14;19
4 30
9;20 21;23;25
9 #edges, tree 507
0 2
0 7;11
0 8;26;28
0 1;10;12;27;29;31;32;33;35
2 4
2 9;20
4 14;19
9;20 21;23;25
8;26;28 30
9 #edges, tree 508
0 2
0 7;11
0 8;26;28
0 1;10;12;27;29;31;32;33;35
2 4
2 9;20
2 21;23;25
2 30
30 14;19
9 #edges, tree 509
0 2
0 7;11
0 8;26;28
0 1;10;12;27;29;31;32;33;35
2 4
2 9;20
2 30
9;20 21;23;25
30 14;19
9 #edges, tree 510
0 2
0 7;11
0 8;26;28
0 1;10;12;27;29;31;32;33;35
2 4
2 9;20
2 21;23;25
2 30
7;11 14;19
9 #edges, tree 511
0 2
0 7;11
0 8;26;28
0 1;10;12;27;29;31;32;33;35
2 4
2 9;20
2 30
7;11 14;19
9;20 21;23;25
9 #edges, tree 512
0 2
0 7;11
0 8;26;28
0 1;10;12;27;29;31;32;33;35
2 4
2 9;20
2 21;23;25
2 30
21;23;25 14;19
9 #edges, tree 513
21;23;25 14;19
4 30
2 21;23;25
2 9;20
2 4
0 1;10;12;27;29;31;32;33;35
0 8;26;28
0 7;11
0 2
9 #edges, tree 514
8;26;28 30
21;23;25 14;19
2 21;23;25
2 9;20
2 4
0 1;10;12;27;29;31;32;33;35
0 8;26;28
0 7;11
0 2
9 #edges, tree 515
7;11 14;19
4 30
2 21;23;25
2 9;20
2 4
0 1;10;12;27;29;31;32;33;35
0 8;26;28
0 7;11
0 2
9 #edges, tree 516
8;26;28 30
7;11 14;19
2 21;23;25
2 9;20
2 4
0 1;10;12;27;29;31;32;33;35
0 8;26;28
0 7;11
0 2
9 #edges, tree 517
30 14;19
4 30
2 21;23;25
2 9;20
2 4
0 1;10;12;27;29;31;32;33;35
0 8;26;28
0 7;11
0 2
9 #edges, tree 518
8;26;28 30
9;20 21;23;25
7;11 14;19
2 9;20
2 4
0 1;10;12;27;29;31;32;33;35
0 8;26;28
0 7;11
0 2
9 #edges, tree 519
30 14;19
9;20 21;23;25
4 30
2 9;20
2 4
0 1;10;12;27;29;31;32;33;35
0 8;26;28
0 7;11
0 2
9 #edges, tree 520
9;20 21;23;25
7;11 14;19
4 30
2 9;20
2 4
0 1;10;12;27;29;31;32;33;35
0 8;26;28
0 7;11
0 2
9 #edges, tree 521
30 14;19
14;19 4
2 30
2 21;23;25
2 9;20
0 1;10;12;27;29;31;32;33;35
0 8;26;28
0 7;11
0 2
9 #edges, tree 522
30 14;19
30 4
2 30
2 21;23;25
2 9;20
0 1;10;12;27;29;31;32;33;35
0 8;26;28
0 7;11
0 2
9 #edges, tree 523
30 14;19
21;23;25 4
2 30
2 21;23;25
2 9;20
0 1;10;12;27;29;31;32;33;35
0 8;26;28
0 7;11
0 2
9 #edges, tree 524
30 14;19
7;11 4
2 30
2 21;23;25
2 9;20
0 1;10;12;27;29;31;32;33;35
0 8;26;28
0 7;11
0 2
9 #edges, tree 525
30 14;19
8;26;28 4
2 30
2 21;23;25
2 9;20
0 1;10;12;27;29;31;32;33;35
0 8;26;28
0 7;11
0 2
9 #edges, tree 526
30 14;19
9;20 4
2 30
2 21;23;25
2 9;20
0 1;10;12;27;29;31;32;33;35
0 8;26;28
0 7;11
0 2
9 #edges, tree 527
21;23;25 14;19
21;23;25 4
2 30
2 21;23;25
2 9;20
0 1;10;12;27;29;31;32;33;35
0 8;26;28
0 7;11
0 2
9 #edges, tree 528
30 4
21;23;25 14;19
2 30
2 21;23;25
2 9;20
0 1;10;12;27;29;31;32;33;35
0 8;26;28
0 7;11
0 2
9 #edges, tree 529
21;23;25 14;19
7;11 4
2 30
2 21;23;25
2 9;20
0 1;10;12;27;29;31;32;33;35
0 8;26;28
0 7;11
0 2
9 #edges, tree 530
21;23;25 14;19
9;20 4
2 30
2 21;23;25
2 9;20
0 1;10;12;27;29;31;32;33;35
0 8;26;28
0 7;11
0 2
9 #edges, tree 531
21;23;25 14;19
14;19 4
2 30
2 21;23;25
2 9;20
0 1;10;12;27;29;31;32;33;35
0 8;26;28
0 7;11
0 2
9 #edges, tree 532
8;26;28 4
21;23;25 14;19
2 30
2 21;23;25
2 9;20
0 1;10;12;27;29;31;32;33;35
0 8;26;28
0 7;11
0 2
9 #edges, tree 533
30 4
7;11 14;19
2 30
2 21;23;25
2 9;20
0 1;10;12;27;29;31;32;33;35
0 8;26;28
0 7;11
0 2
9 #edges, tree 534
30 4
2 30
2 21;23;25
2 9;20
2 14;19
0 1;10;12;27;29;31;32;33;35
0 8;26;28
0 7;11
0 2
9 #edges, tree 535
30 4
4 14;19
2 30
2 21;23;25
2 9;20
0 1;10;12;27;29;31;32;33;35
0 8;26;28
0 7;11
0 2
9 #edges, tree 536
9;20 4
7;11 14;19
2 30
2 21;23;25
2 9;20
0 1;10;12;27;29;31;32;33;35
0 8;26;28
0 7;11
0 2
9 #edges, tree 537
9;20 4
2 30
2 21;23;25
2 9;20
2 14;19
0 1;10;12;27;29;31;32;33;35
0 8;26;28
0 7;11
0 2
9 #edges, tree 538
21;23;25 4
4 14;19
2 30
2 21;23;25
2 9;20
0 1;10;12;27;29;31;32;33;35
0 8;26;28
0 7;11
0 2
9 #edges, tree 539
21;23;25 4
7;11 14;19
2 30
2 21;23;25
2 9;20
0 1;10;12;27;29;31;32;33;35
0 8;26;28
0 7;11
0 2
9 #edges, tree 540
21;23;25 4
2 30
2 21;23;25
2 9;20
2 14;19
0 1;10;12;27;29;31;32;33;35
0 8;26;28
0 7;11
0 2
9 #edges, tree 541
14;19 4
2 30
2 21;23;25
2 9;20
2 14;19
0 1;10;12;27;29;31;32;33;35
0 8;26;28
0 7;11
0 2
9 #edges, tree 542
8;26;28 4
2 30
2 21;23;25
2 9;20
2 14;19
0 1;10;12;27;29;31;32;33;35
0 8;26;28
0 7;11
0 2
9 #edges, tree 543
7;11 4
2 30
2 21;23;25
2 9;20
2 14;19
0 1;10;12;27;29;31;32;33;35
0 8;26;28
0 7;11
0 2
9 #edges, tree 544
7;11 4
4 14;19
2 30
2 21;23;25
2 9;20
0 1;10;12;27;29;31;32;33;35
0 8;26;28
0 7;11
0 2
9 #edges, tree 545
7;11 14;19
7;11 4
2 30
2 21;23;25
2 9;20
0 1;10;12;27;29;31;32;33;35
0 8;26;28
0 7;11
0 2
9 #edges, tree 546
8;26;28 4
7;11 14;19
2 30
2 21;23;25
2 9;20
0 1;10;12;27;29;31;32;33;35
0 8;26;28
0 7;11
0 2
9 #edges, tree 547
14;19 4
7;11 14;19
2 30
2 21;23;25
2 9;20
0 1;10;12;27;29;31;32;33;35
0 8;26;28
0 7;11
0 2
9 #edges, tree 548
9;20 21;23;25
14;19 4
2 30
2 9;20
2 14;19
0 1;10;12;27;29;31;32;33;35
0 8;26;28
0 7;11
0 2
9 #edges, tree 549
9;20 21;23;25
7;11 4
2 30
2 9;20
2 14;19
0 1;10;12;27;29;31;32;33;35
0 8;26;28
0 7;11
0 2
9 #edges, tree 550
8;26;28 4
9;20 21;23;25
2 30
2 9;20
2 14;19
0 1;10;12;27;29;31;32;33;35
0 8;26;28
0 7;11
0 2
9 #edges, tree 551
9;20 21;23;25
9;20 4
2 30
2 9;20
2 14;19
0 1;10;12;27;29;31;32;33;35
0 8;26;28
0 7;11
0 2
9 #edges, tree 552
21;23;25 4
9;20 21;23;25
2 30
2 9;20
2 14;19
0 1;10;12;27;29;31;32;33;35
0 8;26;28
0 7;11
0 2
9 #edges, tree 553
30 4
9;20 21;23;25
2 30
2 9;20
2 14;19
0 1;10;12;27;29;31;32;33;35
0 8;26;28
0 7;11
0 2
9 #edges, tree 554
9;20 21;23;25
14;19 4
7;11 14;19
2 30
2 9;20
0 1;10;12;27;29;31;32;33;35
0 8;26;28
0 7;11
0 2
9 #edges, tree 555
9;20 21;23;25
7;11 14;19
7;11 4
2 30
2 9;20
0 1;10;12;27;29;31;32;33;35
0 8;26;28
0 7;11
0 2
9 #edges, tree 556
9;20 21;23;25
9;20 4
7;11 14;19
2 30
2 9;20
0 1;10;12;27;29;31;32;33;35
0 8;26;28
0 7;11
0 2
9 #edges, tree 557
30 4
9;20 21;23;25
7;11 14;19
2 30
2 9;20
0 1;10;12;27;29;31;32;33;35
0 8;26;28
0 7;11
0 2
9 #edges, tree 558
8;26;28 4
9;20 21;23;25
7;11 14;19
2 30
2 9;20
0 1;10;12;27;29;31;32;33;35
0 8;26;28
0 7;11
0 2
9 #edges, tree 559
21;23;25 4
9;20 21;23;25
7;11 14;19
2 30
2 9;20
0 1;10;12;27;29;31;32;33;35
0 8;26;28
0 7;11
0 2
9 #edges, tree 560
30 14;19
30 4
9;20 21;23;25
2 30
2 9;20
0 1;10;12;27;29;31;32;33;35
0 8;26;28
0 7;11
0 2
9 #edges, tree 561
30 4
9;20 21;23;25
4 14;19
2 30
2 9;20
0 1;10;12;27;29;31;32;33;35
0 8;26;28
0 7;11
0 2
9 #edges, tree 562
30 14;19
9;20 21;23;25
9;20 4
2 30
2 9;20
0 1;10;12;27;29;31;32;33;35
0 8;26;28
0 7;11
0 2
9 #edges, tree 563
30 14;19
8;26;28 4
9;20 21;23;25
2 30
2 9;20
0 1;10;12;27;29;31;32;33;35
0 8;26;28
0 7;11
0 2
9 #edges, tree 564
30 14;19
21;23;25 4
9;20 21;23;25
2 30
2 9;20
0 1;10;12;27;29;31;32;33;35
0 8;26;28
0 7;11
0 2
9 #edges, tree 565
30 14;19
9;20 21;23;25
7;11 4
2 30
2 9;20
0 1;10;12;27;29;31;32;33;35
0 8;26;28
0 7;11
0 2
9 #edges, tree 566
30 14;19
9;20 21;23;25
14;19 4
2 30
2 9;20
0 1;10;12;27;29;31;32;33;35
0 8;26;28
0 7;11
0 2
9 #edges, tree 567
9;20 21;23;25
7;11 4
4 14;19
2 30
2 9;20
0 1;10;12;27;29;31;32;33;35
0 8;26;28
0 7;11
0 2
9 #edges, tree 568
8;26;28 30
8;26;28 4
2 21;23;25
2 9;20
2 14;19
0 1;10;12;27;29;31;32;33;35
0 8;26;28
0 7;11
0 2
9 #edges, tree 569
8;26;28 4
4 30
2 21;23;25
2 9;20
2 14;19
0 1;10;12;27;29;31;32;33;35
0 8;26;28
0 7;11
0 2
9 #edges, tree 570
8;26;28 4
21;23;25 14;19
4 30
2 21;23;25
2 9;20
0 1;10;12;27;29;31;32;33;35
0 8;26;28
0 7;11
0 2
9 #edges, tree 571
8;26;28 30
8;26;28 4
21;23;25 14;19
2 21;23;25
2 9;20
0 1;10;12;27;29;31;32;33;35
0 8;26;28
0 7;11
0 2
9 #edges, tree 572
8;26;28 30
8;26;28 4
7;11 14;19
2 21;23;25
2 9;20
0 1;10;12;27;29;31;32;33;35
0 8;26;28
0 7;11
0 2
9 #edges, tree 573
8;26;28 4
7;11 14;19
4 30
2 21;23;25
2 9;20
0 1;10;12;27;29;31;32;33;35
0 8;26;28
0 7;11
0 2
9 #edges, tree 574
8;26;28 30
7;11 14;19
7;11 4
2 21;23;25
2 9;20
0 1;10;12;27;29;31;32;33;35
0 8;26;28
0 7;11
0 2
9 #edges, tree 575
8;26;28 30
9;20 4
7;11 14;19
2 21;23;25
2 9;20
0 1;10;12;27;29;31;32;33;35
0 8;26;28
0 7;11
0 2
9 #edges, tree 576
30 4
8;26;28 30
7;11 14;19
2 21;23;25
2 9;20
0 1;10;12;27;29;31;32;33;35
0 8;26;28
0 7;11
0 2
9 #edges, tree 577
8;26;28 30
21;23;25 4
7;11 14;19
2 21;23;25
2 9;20
0 1;10;12;27;29;31;32;33;35
0 8;26;28
0 7;11
0 2
9 #edges, tree 578
8;26;28 30
14;19 4
7;11 14;19
2 21;23;25
2 9;20
0 1;10;12;27;29;31;32;33;35
0 8;26;28
0 7;11
0 2
9 #edges, tree 579
8;26;28 30
21;23;25 4
2 21;23;25
2 9;20
2 14;19
0 1;10;12;27;29;31;32;33;35
0 8;26;28
0 7;11
0 2
9 #edges, tree 580
8;26;28 30
14;19 4
2 21;23;25
2 9;20
2 14;19
0 1;10;12;27;29;31;32;33;35
0 8;26;28
0 7;11
0 2
9 #edges, tree 581
8;26;28 30
9;20 4
2 21;23;25
2 9;20
2 14;19
0 1;10;12;27;29;31;32;33;35
0 8;26;28
0 7;11
0 2
9 #edges, tree 582
8;26;28 30
7;11 4
2 21;23;25
2 9;20
2 14;19
0 1;10;12;27;29;31;32;33;35
0 8;26;28
0 7;11
0 2
9 #edges, tree 583
30 4
8;26;28 30
2 21;23;25
2 9;20
2 14;19
0 1;10;12;27;29;31;32;33;35
0 8;26;28
0 7;11
0 2
9 #edges, tree 584
30 4
8;26;28 30
21;23;25 14;19
2 21;23;25
2 9;20
0 1;10;12;27;29;31;32;33;35
0 8;26;28
0 7;11
0 2
9 #edges, tree 585
8;26;28 30
21;23;25 14;19
9;20 4
2 21;23;25
2 9;20
0 1;10;12;27;29;31;32;33;35
0 8;26;28
0 7;11
0 2
9 #edges, tree 586
8;26;28 30
21;23;25 14;19
21;23;25 4
2 21;23;25
2 9;20
0 1;10;12;27;29;31;32;33;35
0 8;26;28
0 7;11
0 2
9 #edges, tree 587
8;26;28 30
21;23;25 14;19
7;11 4
2 21;23;25
2 9;20
0 1;10;12;27;29;31;32;33;35
0 8;26;28
0 7;11
0 2
9 #edges, tree 588
8;26;28 30
21;23;25 14;19
14;19 4
2 21;23;25
2 9;20
0 1;10;12;27;29;31;32;33;35
0 8;26;28
0 7;11
0 2
9 #edges, tree 589
8;26;28 30
21;23;25 4
4 14;19
2 21;23;25
2 9;20
0 1;10;12;27;29;31;32;33;35
0 8;26;28
0 7;11
0 2
9 #edges, tree 590
8;26;28 30
7;11 4
4 14;19
2 21;23;25
2 9;20
0 1;10;12;27;29;31;32;33;35
0 8;26;28
0 7;11
0 2
9 #edges, tree 591
8;26;28 30
9;20 21;23;25
9;20 4
2 9;20
2 14;19
0 1;10;12;27;29;31;32;33;35
0 8;26;28
0 7;11
0 2
9 #edges, tree 592
8;26;28 30
21;23;25 4
9;20 21;23;25
2 9;20
2 14;19
0 1;10;12;27;29;31;32;33;35
0 8;26;28
0 7;11
0 2
9 #edges, tree 593
8;26;28 30
9;20 21;23;25
14;19 4
2 9;20
2 14;19
0 1;10;12;27;29;31;32;33;35
0 8;26;28
0 7;11
0 2
9 #edges, tree 594
8;26;28 30
8;26;28 4
9;20 21;23;25
2 9;20
2 14;19
0 1;10;12;27;29;31;32;33;35
0 8;26;28
0 7;11
0 2
9 #edges, tree 595
8;26;28 4
9;20 21;23;25
4 30
2 9;20
2 14;19
0 1;10;12;27;29;31;32;33;35
0 8;26;28
0 7;11
0 2
9 #edges, tree 596
30 4
8;26;28 30
9;20 21;23;25
2 9;20
2 14;19
0 1;10;12;27;29;31;32;33;35
0 8;26;28
0 7;11
0 2
9 #edges, tree 597
8;26;28 30
9;20 21;23;25
7;11 4
2 9;20
2 14;19
0 1;10;12;27;29;31;32;33;35
0 8;26;28
0 7;11
0 2
9 #edges, tree 598
8;26;28 30
21;23;25 4
9;20 21;23;25
7;11 14;19
2 9;20
0 1;10;12;27;29;31;32;33;35
0 8;26;28
0 7;11
0 2
9 #edges, tree 599
8;26;28 30
8;26;28 4
9;20 21;23;25
7;11 14;19
2 9;20
0 1;10;12;27;29;31;32;33;35
0 8;26;28
0 7;11
0 2
9 #edges, tree 600
8;26;28 30
9;20 21;23;25
7;11 14;19
7;11 4
2 9;20
0 1;10;12;27;29;31;32;33;35
0 8;26;28
0 7;11
0 2
9 #edges, tree 601
8;26;28 30
9;20 21;23;25
14;19 4
7;11 14;19
2 9;20
0 1;10;12;27;29;31;32;33;35
0 8;26;28
0 7;11
0 2
9 #edges, tree 602
8;26;28 30
9;20 21;23;25
9;20 4
7;11 14;19
2 9;20
0 1;10;12;27;29;31;32;33;35
0 8;26;28
0 7;11
0 2
9 #edges, tree 603
30 4
8;26;28 30
9;20 21;23;25
7;11 14;19
2 9;20
0 1;10;12;27;29;31;32;33;35
0 8;26;28
0 7;11
0 2
9 #edges, tree 604
8;26;28 30
9;20 21;23;25
7;11 4
4 14;19
2 9;20
0 1;10;12;27;29;31;32;33;35
0 8;26;28
0 7;11
0 2
9 #edges, tree 605
8;26;28 4
9;20 21;23;25
7;11 14;19
4 30
2 9;20
0 1;10;12;27;29;31;32;33;35
0 8;26;28
0 7;11
0 2
9 #edges, tree 606
1;10;12;27;29;31;32;33;35 4
8;26;28 30
9;20 21;23;25
9;20 2
7;11 14;19
0 1;10;12;27;29;31;32;33;35
0 8;26;28
0 9;20
0 7;11
9 #edges, tree 607
8;26;28 30
21;23;25 4
9;20 21;23;25
9;20 2
7;11 14;19
0 1;10;12;27;29;31;32;33;35
0 8;26;28
0 9;20
0 7;11
9 #edges, tree 608
8;26;28 30
9;20 21;23;25
9;20 4
9;20 2
7;11 14;19
0 1;10;12;27;29;31;32;33;35
0 8;26;28
0 9;20
0 7;11
9 #edges, tree 609
8;26;28 4
9;20 21;23;25
9;20 2
7;11 14;19
4 30
0 1;10;12;27;29;31;32;33;35
0 8;26;28
0 9;20
0 7;11
9 #edges, tree 610
8;26;28 30
8;26;28 4
9;20 21;23;25
9;20 2
7;11 14;19
0 1;10;12;27;29;31;32;33;35
0 8;26;28
0 9;20
0 7;11
9 #edges, tree 611
30 4
8;26;28 30
9;20 21;23;25
9;20 2
7;11 14;19
0 1;10;12;27;29;31;32;33;35
0 8;26;28
0 9;20
0 7;11
9 #edges, tree 612
8;26;28 30
9;20 21;23;25
9;20 2
14;19 4
7;11 14;19
0 1;10;12;27;29;31;32;33;35
0 8;26;28
0 9;20
0 7;11
9 #edges, tree 613
8;26;28 30
9;20 21;23;25
9;20 2
7;11 14;19
7;11 4
0 1;10;12;27;29;31;32;33;35
0 8;26;28
0 9;20
0 7;11
9 #edges, tree 614
8;26;28 30
9;20 21;23;25
9;20 2
7;11 14;19
2 4
0 1;10;12;27;29;31;32;33;35
0 8;26;28
0 9;20
0 7;11
9 #edges, tree 615
8;26;28 30
9;20 21;23;25
9;20 2
7;11 4
4 14;19
0 1;10;12;27;29;31;32;33;35
0 8;26;28
0 9;20
0 7;11
9 #edges, tree 616
1;10;12;27;29;31;32;33;35 4
8;26;28 30
9;20 2
7;11 14;19
2 21;23;25
0 1;10;12;27;29;31;32;33;35
0 8;26;28
0 9;20
0 7;11
9 #edges, tree 617
8;26;28 30
9;20 4
9;20 2
7;11 14;19
2 21;23;25
0 1;10;12;27;29;31;32;33;35
0 8;26;28
0 9;20
0 7;11
9 #edges, tree 618
8;26;28 30
9;20 2
7;11 14;19
2 21;23;25
2 4
0 1;10;12;27;29;31;32;33;35
0 8;26;28
0 9;20
0 7;11
9 #edges, tree 619
8;26;28 30
21;23;25 4
9;20 2
7;11 14;19
2 21;23;25
0 1;10;12;27;29;31;32;33;35
0 8;26;28
0 9;20
0 7;11
9 #edges, tree 620
8;26;28 30
8;26;28 4
9;20 2
7;11 14;19
2 21;23;25
0 1;10;12;27;29;31;32;33;35
0 8;26;28
0 9;20
0 7;11
9 #edges, tree 621
8;26;28 30
9;20 2
14;19 4
7;11 14;19
2 21;23;25
0 1;10;12;27;29;31;32;33;35
0 8;26;28
0 9;20
0 7;11
9 #edges, tree 622
30 4
8;26;28 30
9;20 2
7;11 14;19
2 21;23;25
0 1;10;12;27;29;31;32;33;35
0 8;26;28
0 9;20
0 7;11
9 #edges, tree 623
8;26;28 30
9;20 2
7;11 14;19
7;11 4
2 21;23;25
0 1;10;12;27;29;31;32;33;35
0 8;26;28
0 9;20
0 7;11
9 #edges, tree 624
8;26;28 4
9;20 2
7;11 14;19
4 30
2 21;23;25
0 1;10;12;27;29;31;32;33;35
0 8;26;28
0 9;20
0 7;11
9 #edges, tree 625
8;26;28 30
9;20 2
7;11 4
4 14;19
2 21;23;25
0 1;10;12;27;29;31;32;33;35
0 8;26;28
0 9;20
0 7;11
