# 10 out of 10 mutations
80 #trees
9 #edges, tree 1
0 3;4;5;16;22;24;26;27;31;34
0 7;8;10;11;13;15;19;28;29;30;32;33;35
0 1;6;9;12;14;17;18;20;21;23;25;36;37;38;46;49
0 51
3;4;5;16;22;24;26;27;31;34 45
3;4;5;16;22;24;26;27;31;34 48
7;8;10;11;13;15;19;28;29;30;32;33;35 53;55
1;6;9;12;14;17;18;20;21;23;25;36;37;38;46;49 50
51 2
9 #edges, tree 2
1;6;9;12;14;17;18;20;21;23;25;36;37;38;46;49 50
7;8;10;11;13;15;19;28;29;30;32;33;35 53;55
3;4;5;16;22;24;26;27;31;34 48
3;4;5;16;22;24;26;27;31;34 45
0 51
0 1;6;9;12;14;17;18;20;21;23;25;36;37;38;46;49
0 7;8;10;11;13;15;19;28;29;30;32;33;35
0 3;4;5;16;22;24;26;27;31;34
0 2
9 #edges, tree 3
0 3;4;5;16;22;24;26;27;31;34
0 7;8;10;11;13;15;19;28;29;30;32;33;35
0 1;6;9;12;14;17;18;20;21;23;25;36;37;38;46;49
0 51
3;4;5;16;22;24;26;27;31;34 45
3;4;5;16;22;24;26;27;31;34 48
7;8;10;11;13;15;19;28;29;30;32;33;35 53;55
48 2
1;6;9;12;14;17;18;20;21;23;25;36;37;38;46;49 50
9 #edges, tree 4
0 3;4;5;16;22;24;26;27;31;34
0 7;8;10;11;13;15;19;28;29;30;32;33;35
0 1;6;9;12;14;17;18;20;21;23;25;36;37;38;46;49
0 51
3;4;5;16;22;24;26;27;31;34 2
3;4;5;16;22;24;26;27;31;34 45
3;4;5;16;22;24;26;27;31;34 48
7;8;10;11;13;15;19;28;29;30;32;33;35 53;55
1;6;9;12;14;17;18;20;21;23;25;36;37;38;46;49 50
9 #edges, tree 5
1;6;9;12;14;17;18;20;21;23;25;36;37;38;46;49 50
1;6;9;12;14;17;18;20;21;23;25;36;37;38;46;49 2
7;8;10;11;13;15;19;28;29;30;32;33;35 53;55
3;4;5;16;22;24;26;27;31;34 48
3;4;5;16;22;24;26;27;31;34 45
0 51
0 1;6;9;12;14;17;18;20;21;23;25;36;37;38;46;49
0 7;8;10;11;13;15;19;28;29;30;32;33;35
0 3;4;5;16;22;24;26;27;31;34
9 #edges, tree 6
53;55 2
1;6;9;12;14;17;18;20;21;23;25;36;37;38;46;49 50
7;8;10;11;13;15;19;28;29;30;32;33;35 53;55
3;4;5;16;22;24;26;27;31;34 48
3;4;5;16;22;24;26;27;31;34 45
0 51
0 1;6;9;12;14;17;18;20;21;23;25;36;37;38;46;49
0 7;8;10;11;13;15;19;28;29;30;32;33;35
0 3;4;5;16;22;24;26;27;31;34
9 #edges, tree 7
1;6;9;12;14;17;18;20;21;23;25;36;37;38;46;49 50
45 2
7;8;10;11;13;15;19;28;29;30;32;33;35 53;55
3;4;5;16;22;24;26;27;31;34 48
3;4;5;16;22;24;26;27;31;34 45
0 51
0 1;6;9;12;14;17;18;20;21;23;25;36;37;38;46;49
0 7;8;10;11;13;15;19;28;29;30;32;33;35
0 3;4;5;16;22;24;26;27;31;34
9 #edges, tree 8
50 2
1;6;9;12;14;17;18;20;21;23;25;36;37;38;46;49 50
7;8;10;11;13;15;19;28;29;30;32;33;35 53;55
3;4;5;16;22;24;26;27;31;34 48
3;4;5;16;22;24;26;27;31;34 45
0 51
0 1;6;9;12;14;17;18;20;21;23;25;36;37;38;46;49
0 7;8;10;11;13;15;19;28;29;30;32;33;35
0 3;4;5;16;22;24;26;27;31;34
9 #edges, tree 9
0 3;4;5;16;22;24;26;27;31;34
0 7;8;10;11;13;15;19;28;29;30;32;33;35
0 1;6;9;12;14;17;18;20;21;23;25;36;37;38;46;49
0 51
3;4;5;16;22;24;26;27;31;34 45
3;4;5;16;22;24;26;27;31;34 48
7;8;10;11;13;15;19;28;29;30;32;33;35 2
7;8;10;11;13;15;19;28;29;30;32;33;35 53;55
1;6;9;12;14;17;18;20;21;23;25;36;37;38;46;49 50
9 #edges, tree 10
0 2
0 3;4;5;16;22;24;26;27;31;34
0 7;8;10;11;13;15;19;28;29;30;32;33;35
0 1;6;9;12;14;17;18;20;21;23;25;36;37;38;46;49
3;4;5;16;22;24;26;27;31;34 45
3;4;5;16;22;24;26;27;31;34 48
7;8;10;11;13;15;19;28;29;30;32;33;35 53;55
1;6;9;12;14;17;18;20;21;23;25;36;37;38;46;49 50
1;6;9;12;14;17;18;20;21;23;25;36;37;38;46;49 51
9 #edges, tree 11
0 2
0 3;4;5;16;22;24;26;27;31;34
0 7;8;10;11;13;15;19;28;29;30;32;33;35
0 1;6;9;12;14;17;18;20;21;23;25;36;37;38;46;49
2 51
3;4;5;16;22;24;26;27;31;34 45
3;4;5;16;22;24;26;27;31;34 48
7;8;10;11;13;15;19;28;29;30;32;33;35 53;55
1;6;9;12;14;17;18;20;21;23;25;36;37;38;46;49 50
9 #edges, tree 12
0 2
0 3;4;5;16;22;24;26;27;31;34
0 7;8;10;11;13;15;19;28;29;30;32;33;35
0 1;6;9;12;14;17;18;20;21;23;25;36;37;38;46;49
3;4;5;16;22;24;26;27;31;34 45
3;4;5;16;22;24;26;27;31;34 48
7;8;10;11;13;15;19;28;29;30;32;33;35 53;55
45 51
1;6;9;12;14;17;18;20;21;23;25;36;37;38;46;49 50
9 #edges, tree 13
0 2
0 3;4;5;16;22;24;26;27;31;34
0 7;8;10;11;13;15;19;28;29;30;32;33;35
0 1;6;9;12;14;17;18;20;21;23;25;36;37;38;46;49
3;4;5;16;22;24;26;27;31;34 45
3;4;5;16;22;24;26;27;31;34 48
7;8;10;11;13;15;19;28;29;30;32;33;35 51
7;8;10;11;13;15;19;28;29;30;32;33;35 53;55
1;6;9;12;14;17;18;20;21;23;25;36;37;38;46;49 50
9 #edges, tree 14
0 2
0 3;4;5;16;22;24;26;27;31;34
0 7;8;10;11;13;15;19;28;29;30;32;33;35
0 1;6;9;12;14;17;18;20;21;23;25;36;37;38;46;49
3;4;5;16;22;24;26;27;31;34 45
3;4;5;16;22;24;26;27;31;34 48
7;8;10;11;13;15;19;28;29;30;32;33;35 53;55
1;6;9;12;14;17;18;20;21;23;25;36;37;38;46;49 50
50 51
9 #edges, tree 15
0 2
0 3;4;5;16;22;24;26;27;31;34
0 7;8;10;11;13;15;19;28;29;30;32;33;35
0 1;6;9;12;14;17;18;20;21;23;25;36;37;38;46;49
3;4;5;16;22;24;26;27;31;34 45
3;4;5;16;22;24;26;27;31;34 48
7;8;10;11;13;15;19;28;29;30;32;33;35 53;55
1;6;9;12;14;17;18;20;21;23;25;36;37;38;46;49 50
53;55 51
9 #edges, tree 16
0 2
0 3;4;5;16;22;24;26;27;31;34
0 7;8;10;11;13;15;19;28;29;30;32;33;35
0 1;6;9;12;14;17;18;20;21;23;25;36;37;38;46;49
3;4;5;16;22;24;26;27;31;34 45
3;4;5;16;22;24;26;27;31;34 48
7;8;10;11;13;15;19;28;29;30;32;33;35 53;55
48 51
1;6;9;12;14;17;18;20;21;23;25;36;37;38;46;49 50
9 #edges, tree 17
1;6;9;12;14;17;18;20;21;23;25;36;37;38;46;49 50
7;8;10;11;13;15;19;28;29;30;32;33;35 53;55
3;4;5;16;22;24;26;27;31;34 51
3;4;5;16;22;24;26;27;31;34 48
3;4;5;16;22;24;26;27;31;34 45
0 1;6;9;12;14;17;18;20;21;23;25;36;37;38;46;49
0 7;8;10;11;13;15;19;28;29;30;32;33;35
0 3;4;5;16;22;24;26;27;31;34
0 2
9 #edges, tree 18
1;6;9;12;14;17;18;20;21;23;25;36;37;38;46;49 51
1;6;9;12;14;17;18;20;21;23;25;36;37;38;46;49 50
1;6;9;12;14;17;18;20;21;23;25;36;37;38;46;49 2
7;8;10;11;13;15;19;28;29;30;32;33;35 53;55
3;4;5;16;22;24;26;27;31;34 48
3;4;5;16;22;24;26;27;31;34 45
0 1;6;9;12;14;17;18;20;21;23;25;36;37;38;46;49
0 7;8;10;11;13;15;19;28;29;30;32;33;35
0 3;4;5;16;22;24;26;27;31;34
9 #edges, tree 19
51 2
1;6;9;12;14;17;18;20;21;23;25;36;37;38;46;49 51
1;6;9;12;14;17;18;20;21;23;25;36;37;38;46;49 50
7;8;10;11;13;15;19;28;29;30;32;33;35 53;55
3;4;5;16;22;24;26;27;31;34 48
3;4;5;16;22;24;26;27;31;34 45
0 1;6;9;12;14;17;18;20;21;23;25;36;37;38;46;49
0 7;8;10;11;13;15;19;28;29;30;32;33;35
0 3;4;5;16;22;24;26;27;31;34
9 #edges, tree 20
1;6;9;12;14;17;18;20;21;23;25;36;37;38;46;49 51
1;6;9;12;14;17;18;20;21;23;25;36;37;38;46;49 50
7;8;10;11;13;15;19;28;29;30;32;33;35 53;55
7;8;10;11;13;15;19;28;29;30;32;33;35 2
3;4;5;16;22;24;26;27;31;34 48
3;4;5;16;22;24;26;27;31;34 45
0 1;6;9;12;14;17;18;20;21;23;25;36;37;38;46;49
0 7;8;10;11;13;15;19;28;29;30;32;33;35
0 3;4;5;16;22;24;26;27;31;34
9 #edges, tree 21
50 2
1;6;9;12;14;17;18;20;21;23;25;36;37;38;46;49 51
1;6;9;12;14;17;18;20;21;23;25;36;37;38;46;49 50
7;8;10;11;13;15;19;28;29;30;32;33;35 53;55
3;4;5;16;22;24;26;27;31;34 48
3;4;5;16;22;24;26;27;31;34 45
0 1;6;9;12;14;17;18;20;21;23;25;36;37;38;46;49
0 7;8;10;11;13;15;19;28;29;30;32;33;35
0 3;4;5;16;22;24;26;27;31;34
9 #edges, tree 22
53;55 2
1;6;9;12;14;17;18;20;21;23;25;36;37;38;46;49 51
1;6;9;12;14;17;18;20;21;23;25;36;37;38;46;49 50
7;8;10;11;13;15;19;28;29;30;32;33;35 53;55
3;4;5;16;22;24;26;27;31;34 48
3;4;5;16;22;24;26;27;31;34 45
0 1;6;9;12;14;17;18;20;21;23;25;36;37;38;46;49
0 7;8;10;11;13;15;19;28;29;30;32;33;35
0 3;4;5;16;22;24;26;27;31;34
9 #edges, tree 23
1;6;9;12;14;17;18;20;21;23;25;36;37;38;46;49 51
1;6;9;12;14;17;18;20;21;23;25;36;37;38;46;49 50
7;8;10;11;13;15;19;28;29;30;32;33;35 53;55
3;4;5;16;22;24;26;27;31;34 48
3;4;5;16;22;24;26;27;31;34 45
3;4;5;16;22;24;26;27;31;34 2
0 1;6;9;12;14;17;18;20;21;23;25;36;37;38;46;49
0 7;8;10;11;13;15;19;28;29;30;32;33;35
0 3;4;5;16;22;24;26;27;31;34
9 #edges, tree 24
1;6;9;12;14;17;18;20;21;23;25;36;37;38;46;49 51
1;6;9;12;14;17;18;20;21;23;25;36;37;38;46;49 50
45 2
7;8;10;11;13;15;19;28;29;30;32;33;35 53;55
3;4;5;16;22;24;26;27;31;34 48
3;4;5;16;22;24;26;27;31;34 45
0 1;6;9;12;14;17;18;20;21;23;25;36;37;38;46;49
0 7;8;10;11;13;15;19;28;29;30;32;33;35
0 3;4;5;16;22;24;26;27;31;34
9 #edges, tree 25
1;6;9;12;14;17;18;20;21;23;25;36;37;38;46;49 51
1;6;9;12;14;17;18;20;21;23;25;36;37;38;46;49 50
48 2
7;8;10;11;13;15;19;28;29;30;32;33;35 53;55
3;4;5;16;22;24;26;27;31;34 48
3;4;5;16;22;24;26;27;31;34 45
0 1;6;9;12;14;17;18;20;21;23;25;36;37;38;46;49
0 7;8;10;11;13;15;19;28;29;30;32;33;35
0 3;4;5;16;22;24;26;27;31;34
9 #edges, tree 26
1;6;9;12;14;17;18;20;21;23;25;36;37;38;46;49 50
1;6;9;12;14;17;18;20;21;23;25;36;37;38;46;49 2
7;8;10;11;13;15;19;28;29;30;32;33;35 53;55
3;4;5;16;22;24;26;27;31;34 51
3;4;5;16;22;24;26;27;31;34 48
3;4;5;16;22;24;26;27;31;34 45
0 1;6;9;12;14;17;18;20;21;23;25;36;37;38;46;49
0 7;8;10;11;13;15;19;28;29;30;32;33;35
0 3;4;5;16;22;24;26;27;31;34
9 #edges, tree 27
50 51
1;6;9;12;14;17;18;20;21;23;25;36;37;38;46;49 50
1;6;9;12;14;17;18;20;21;23;25;36;37;38;46;49 2
7;8;10;11;13;15;19;28;29;30;32;33;35 53;55
3;4;5;16;22;24;26;27;31;34 48
3;4;5;16;22;24;26;27;31;34 45
0 1;6;9;12;14;17;18;20;21;23;25;36;37;38;46;49
0 7;8;10;11;13;15;19;28;29;30;32;33;35
0 3;4;5;16;22;24;26;27;31;34
9 #edges, tree 28
1;6;9;12;14;17;18;20;21;23;25;36;37;38;46;49 50
1;6;9;12;14;17;18;20;21;23;25;36;37;38;46;49 2
7;8;10;11;13;15;19;28;29;30;32;33;35 53;55
7;8;10;11;13;15;19;28;29;30;32;33;35 51
3;4;5;16;22;24;26;27;31;34 48
3;4;5;16;22;24;26;27;31;34 45
0 1;6;9;12;14;17;18;20;21;23;25;36;37;38;46;49
0 7;8;10;11;13;15;19;28;29;30;32;33;35
0 3;4;5;16;22;24;26;27;31;34
9 #edges, tree 29
1;6;9;12;14;17;18;20;21;23;25;36;37;38;46;49 50
1;6;9;12;14;17;18;20;21;23;25;36;37;38;46;49 2
48 51
7;8;10;11;13;15;19;28;29;30;32;33;35 53;55
3;4;5;16;22;24;26;27;31;34 48
3;4;5;16;22;24;26;27;31;34 45
0 1;6;9;12;14;17;18;20;21;23;25;36;37;38;46;49
0 7;8;10;11;13;15;19;28;29;30;32;33;35
0 3;4;5;16;22;24;26;27;31;34
9 #edges, tree 30
1;6;9;12;14;17;18;20;21;23;25;36;37;38;46;49 50
1;6;9;12;14;17;18;20;21;23;25;36;37;38;46;49 2
7;8;10;11;13;15;19;28;29;30;32;33;35 53;55
3;4;5;16;22;24;26;27;31;34 48
3;4;5;16;22;24;26;27;31;34 45
2 51
0 1;6;9;12;14;17;18;20;21;23;25;36;37;38;46;49
0 7;8;10;11;13;15;19;28;29;30;32;33;35
0 3;4;5;16;22;24;26;27;31;34
9 #edges, tree 31
53;55 51
1;6;9;12;14;17;18;20;21;23;25;36;37;38;46;49 50
1;6;9;12;14;17;18;20;21;23;25;36;37;38;46;49 2
7;8;10;11;13;15;19;28;29;30;32;33;35 53;55
3;4;5;16;22;24;26;27;31;34 48
3;4;5;16;22;24;26;27;31;34 45
0 1;6;9;12;14;17;18;20;21;23;25;36;37;38;46;49
0 7;8;10;11;13;15;19;28;29;30;32;33;35
0 3;4;5;16;22;24;26;27;31;34
9 #edges, tree 32
1;6;9;12;14;17;18;20;21;23;25;36;37;38;46;49 50
1;6;9;12;14;17;18;20;21;23;25;36;37;38;46;49 2
45 51
7;8;10;11;13;15;19;28;29;30;32;33;35 53;55
3;4;5;16;22;24;26;27;31;34 48
3;4;5;16;22;24;26;27;31;34 45
0 1;6;9;12;14;17;18;20;21;23;25;36;37;38;46;49
0 7;8;10;11;13;15;19;28;29;30;32;33;35
0 3;4;5;16;22;24;26;27;31;34
9 #edges, tree 33
0 3;4;5;16;22;24;26;27;31;34
0 7;8;10;11;13;15;19;28;29;30;32;33;35
0 1;6;9;12;14;17;18;20;21;23;25;36;37;38;46;49
2 51
3;4;5;16;22;24;26;27;31;34 45
3;4;5;16;22;24;26;27;31;34 48
7;8;10;11;13;15;19;28;29;30;32;33;35 2
7;8;10;11;13;15;19;28;29;30;32;33;35 53;55
1;6;9;12;14;17;18;20;21;23;25;36;37;38;46;49 50
9 #edges, tree 34
0 3;4;5;16;22;24;26;27;31;34
0 7;8;10;11;13;15;19;28;29;30;32;33;35
0 1;6;9;12;14;17;18;20;21;23;25;36;37;38;46;49
3;4;5;16;22;24;26;27;31;34 45
3;4;5;16;22;24;26;27;31;34 48
3;4;5;16;22;24;26;27;31;34 51
7;8;10;11;13;15;19;28;29;30;32;33;35 2
7;8;10;11;13;15;19;28;29;30;32;33;35 53;55
1;6;9;12;14;17;18;20;21;23;25;36;37;38;46;49 50
9 #edges, tree 35
0 3;4;5;16;22;24;26;27;31;34
0 7;8;10;11;13;15;19;28;29;30;32;33;35
0 1;6;9;12;14;17;18;20;21;23;25;36;37;38;46;49
3;4;5;16;22;24;26;27;31;34 45
3;4;5;16;22;24;26;27;31;34 48
7;8;10;11;13;15;19;28;29;30;32;33;35 2
7;8;10;11;13;15;19;28;29;30;32;33;35 51
7;8;10;11;13;15;19;28;29;30;32;33;35 53;55
1;6;9;12;14;17;18;20;21;23;25;36;37;38;46;49 50
9 #edges, tree 36
0 3;4;5;16;22;24;26;27;31;34
0 7;8;10;11;13;15;19;28;29;30;32;33;35
0 1;6;9;12;14;17;18;20;21;23;25;36;37;38;46;49
3;4;5;16;22;24;26;27;31;34 45
3;4;5;16;22;24;26;27;31;34 48
7;8;10;11;13;15;19;28;29;30;32;33;35 2
7;8;10;11;13;15;19;28;29;30;32;33;35 53;55
1;6;9;12;14;17;18;20;21;23;25;36;37;38;46;49 50
50 51
9 #edges, tree 37
0 3;4;5;16;22;24;26;27;31;34
0 7;8;10;11;13;15;19;28;29;30;32;33;35
0 1;6;9;12;14;17;18;20;21;23;25;36;37;38;46;49
3;4;5;16;22;24;26;27;31;34 45
3;4;5;16;22;24;26;27;31;34 48
7;8;10;11;13;15;19;28;29;30;32;33;35 2
7;8;10;11;13;15;19;28;29;30;32;33;35 53;55
1;6;9;12;14;17;18;20;21;23;25;36;37;38;46;49 50
53;55 51
9 #edges, tree 38
0 3;4;5;16;22;24;26;27;31;34
0 7;8;10;11;13;15;19;28;29;30;32;33;35
0 1;6;9;12;14;17;18;20;21;23;25;36;37;38;46;49
3;4;5;16;22;24;26;27;31;34 45
3;4;5;16;22;24;26;27;31;34 48
7;8;10;11;13;15;19;28;29;30;32;33;35 2
7;8;10;11;13;15;19;28;29;30;32;33;35 53;55
45 51
1;6;9;12;14;17;18;20;21;23;25;36;37;38;46;49 50
9 #edges, tree 39
0 3;4;5;16;22;24;26;27;31;34
0 7;8;10;11;13;15;19;28;29;30;32;33;35
0 1;6;9;12;14;17;18;20;21;23;25;36;37;38;46;49
3;4;5;16;22;24;26;27;31;34 45
3;4;5;16;22;24;26;27;31;34 48
7;8;10;11;13;15;19;28;29;30;32;33;35 2
7;8;10;11;13;15;19;28;29;30;32;33;35 53;55
48 51
1;6;9;12;14;17;18;20;21;23;25;36;37;38;46;49 50
9 #edges, tree 40
0 3;4;5;16;22;24;26;27;31;34
0 7;8;10;11;13;15;19;28;29;30;32;33;35
0 1;6;9;12;14;17;18;20;21;23;25;36;37;38;46;49
3;4;5;16;22;24;26;27;31;34 2
3;4;5;16;22;24;26;27;31;34 45
3;4;5;16;22;24;26;27;31;34 48
3;4;5;16;22;24;26;27;31;34 51
7;8;10;11;13;15;19;28;29;30;32;33;35 53;55
1;6;9;12;14;17;18;20;21;23;25;36;37;38;46;49 50
9 #edges, tree 41
0 3;4;5;16;22;24;26;27;31;34
0 7;8;10;11;13;15;19;28;29;30;32;33;35
0 1;6;9;12;14;17;18;20;21;23;25;36;37;38;46;49
3;4;5;16;22;24;26;27;31;34 2
3;4;5;16;22;24;26;27;31;34 45
3;4;5;16;22;24;26;27;31;34 48
7;8;10;11;13;15;19;28;29;30;32;33;35 53;55
1;6;9;12;14;17;18;20;21;23;25;36;37;38;46;49 50
53;55 51
9 #edges, tree 42
0 3;4;5;16;22;24;26;27;31;34
0 7;8;10;11;13;15;19;28;29;30;32;33;35
0 1;6;9;12;14;17;18;20;21;23;25;36;37;38;46;49
3;4;5;16;22;24;26;27;31;34 2
3;4;5;16;22;24;26;27;31;34 45
3;4;5;16;22;24;26;27;31;34 48
7;8;10;11;13;15;19;28;29;30;32;33;35 53;55
48 51
1;6;9;12;14;17;18;20;21;23;25;36;37;38;46;49 50
9 #edges, tree 43
0 3;4;5;16;22;24;26;27;31;34
0 7;8;10;11;13;15;19;28;29;30;32;33;35
0 1;6;9;12;14;17;18;20;21;23;25;36;37;38;46;49
3;4;5;16;22;24;26;27;31;34 2
3;4;5;16;22;24;26;27;31;34 45
3;4;5;16;22;24;26;27;31;34 48
7;8;10;11;13;15;19;28;29;30;32;33;35 53;55
45 51
1;6;9;12;14;17;18;20;21;23;25;36;37;38;46;49 50
9 #edges, tree 44
0 3;4;5;16;22;24;26;27;31;34
0 7;8;10;11;13;15;19;28;29;30;32;33;35
0 1;6;9;12;14;17;18;20;21;23;25;36;37;38;46;49
3;4;5;16;22;24;26;27;31;34 2
3;4;5;16;22;24;26;27;31;34 45
3;4;5;16;22;24;26;27;31;34 48
7;8;10;11;13;15;19;28;29;30;32;33;35 51
7;8;10;11;13;15;19;28;29;30;32;33;35 53;55
1;6;9;12;14;17;18;20;21;23;25;36;37;38;46;49 50
9 #edges, tree 45
0 3;4;5;16;22;24;26;27;31;34
0 7;8;10;11;13;15;19;28;29;30;32;33;35
0 1;6;9;12;14;17;18;20;21;23;25;36;37;38;46;49
2 51
3;4;5;16;22;24;26;27;31;34 2
3;4;5;16;22;24;26;27;31;34 45
3;4;5;16;22;24;26;27;31;34 48
7;8;10;11;13;15;19;28;29;30;32;33;35 53;55
1;6;9;12;14;17;18;20;21;23;25;36;37;38;46;49 50
9 #edges, tree 46
0 3;4;5;16;22;24;26;27;31;34
0 7;8;10;11;13;15;19;28;29;30;32;33;35
0 1;6;9;12;14;17;18;20;21;23;25;36;37;38;46;49
3;4;5;16;22;24;26;27;31;34 2
3;4;5;16;22;24;26;27;31;34 45
3;4;5;16;22;24;26;27;31;34 48
7;8;10;11;13;15;19;28;29;30;32;33;35 53;55
1;6;9;12;14;17;18;20;21;23;25;36;37;38;46;49 50
50 51
9 #edges, tree 47
0 3;4;5;16;22;24;26;27;31;34
0 7;8;10;11;13;15;19;28;29;30;32;33;35
0 1;6;9;12;14;17;18;20;21;23;25;36;37;38;46;49
3;4;5;16;22;24;26;27;31;34 45
3;4;5;16;22;24;26;27;31;34 48
7;8;10;11;13;15;19;28;29;30;32;33;35 53;55
48 51
1;6;9;12;14;17;18;20;21;23;25;36;37;38;46;49 50
53;55 2
9 #edges, tree 48
0 3;4;5;16;22;24;26;27;31;34
0 7;8;10;11;13;15;19;28;29;30;32;33;35
0 1;6;9;12;14;17;18;20;21;23;25;36;37;38;46;49
3;4;5;16;22;24;26;27;31;34 45
3;4;5;16;22;24;26;27;31;34 48
7;8;10;11;13;15;19;28;29;30;32;33;35 53;55
48 2
48 51
1;6;9;12;14;17;18;20;21;23;25;36;37;38;46;49 50
9 #edges, tree 49
0 3;4;5;16;22;24;26;27;31;34
0 7;8;10;11;13;15;19;28;29;30;32;33;35
0 1;6;9;12;14;17;18;20;21;23;25;36;37;38;46;49
3;4;5;16;22;24;26;27;31;34 45
3;4;5;16;22;24;26;27;31;34 48
7;8;10;11;13;15;19;28;29;30;32;33;35 53;55
48 51
1;6;9;12;14;17;18;20;21;23;25;36;37;38;46;49 50
51 2
9 #edges, tree 50
0 3;4;5;16;22;24;26;27;31;34
0 7;8;10;11;13;15;19;28;29;30;32;33;35
0 1;6;9;12;14;17;18;20;21;23;25;36;37;38;46;49
3;4;5;16;22;24;26;27;31;34 45
3;4;5;16;22;24;26;27;31;34 48
7;8;10;11;13;15;19;28;29;30;32;33;35 53;55
48 51
1;6;9;12;14;17;18;20;21;23;25;36;37;38;46;49 50
50 2
9 #edges, tree 51
0 3;4;5;16;22;24;26;27;31;34
0 7;8;10;11;13;15;19;28;29;30;32;33;35
0 1;6;9;12;14;17;18;20;21;23;25;36;37;38;46;49
3;4;5;16;22;24;26;27;31;34 45
3;4;5;16;22;24;26;27;31;34 48
7;8;10;11;13;15;19;28;29;30;32;33;35 53;55
45 2
48 51
1;6;9;12;14;17;18;20;21;23;25;36;37;38;46;49 50
9 #edges, tree 52
0 3;4;5;16;22;24;26;27;31;34
0 7;8;10;11;13;15;19;28;29;30;32;33;35
0 1;6;9;12;14;17;18;20;21;23;25;36;37;38;46;49
2 51
3;4;5;16;22;24;26;27;31;34 45
3;4;5;16;22;24;26;27;31;34 48
7;8;10;11;13;15;19;28;29;30;32;33;35 53;55
48 2
1;6;9;12;14;17;18;20;21;23;25;36;37;38;46;49 50
9 #edges, tree 53
0 3;4;5;16;22;24;26;27;31;34
0 7;8;10;11;13;15;19;28;29;30;32;33;35
0 1;6;9;12;14;17;18;20;21;23;25;36;37;38;46;49
3;4;5;16;22;24;26;27;31;34 45
3;4;5;16;22;24;26;27;31;34 48
7;8;10;11;13;15;19;28;29;30;32;33;35 53;55
48 2
1;6;9;12;14;17;18;20;21;23;25;36;37;38;46;49 50
53;55 51
9 #edges, tree 54
0 3;4;5;16;22;24;26;27;31;34
0 7;8;10;11;13;15;19;28;29;30;32;33;35
0 1;6;9;12;14;17;18;20;21;23;25;36;37;38;46;49
3;4;5;16;22;24;26;27;31;34 45
3;4;5;16;22;24;26;27;31;34 48
3;4;5;16;22;24;26;27;31;34 51
7;8;10;11;13;15;19;28;29;30;32;33;35 53;55
48 2
1;6;9;12;14;17;18;20;21;23;25;36;37;38;46;49 50
9 #edges, tree 55
0 3;4;5;16;22;24;26;27;31;34
0 7;8;10;11;13;15;19;28;29;30;32;33;35
0 1;6;9;12;14;17;18;20;21;23;25;36;37;38;46;49
3;4;5;16;22;24;26;27;31;34 45
3;4;5;16;22;24;26;27;31;34 48
7;8;10;11;13;15;19;28;29;30;32;33;35 53;55
48 2
1;6;9;12;14;17;18;20;21;23;25;36;37;38;46;49 50
50 51
9 #edges, tree 56
0 3;4;5;16;22;24;26;27;31;34
0 7;8;10;11;13;15;19;28;29;30;32;33;35
0 1;6;9;12;14;17;18;20;21;23;25;36;37;38;46;49
3;4;5;16;22;24;26;27;31;34 45
3;4;5;16;22;24;26;27;31;34 48
7;8;10;11;13;15;19;28;29;30;32;33;35 51
7;8;10;11;13;15;19;28;29;30;32;33;35 53;55
48 2
1;6;9;12;14;17;18;20;21;23;25;36;37;38;46;49 50
9 #edges, tree 57
0 3;4;5;16;22;24;26;27;31;34
0 7;8;10;11;13;15;19;28;29;30;32;33;35
0 1;6;9;12;14;17;18;20;21;23;25;36;37;38;46;49
3;4;5;16;22;24;26;27;31;34 45
3;4;5;16;22;24;26;27;31;34 48
7;8;10;11;13;15;19;28;29;30;32;33;35 53;55
45 51
48 2
1;6;9;12;14;17;18;20;21;23;25;36;37;38;46;49 50
9 #edges, tree 58
0 3;4;5;16;22;24;26;27;31;34
0 7;8;10;11;13;15;19;28;29;30;32;33;35
0 1;6;9;12;14;17;18;20;21;23;25;36;37;38;46;49
3;4;5;16;22;24;26;27;31;34 45
3;4;5;16;22;24;26;27;31;34 48
7;8;10;11;13;15;19;28;29;30;32;33;35 51
7;8;10;11;13;15;19;28;29;30;32;33;35 53;55
1;6;9;12;14;17;18;20;21;23;25;36;37;38;46;49 50
53;55 2
9 #edges, tree 59
0 3;4;5;16;22;24;26;27;31;34
0 7;8;10;11;13;15;19;28;29;30;32;33;35
0 1;6;9;12;14;17;18;20;21;23;25;36;37;38;46;49
3;4;5;16;22;24;26;27;31;34 45
3;4;5;16;22;24;26;27;31;34 48
7;8;10;11;13;15;19;28;29;30;32;33;35 51
7;8;10;11;13;15;19;28;29;30;32;33;35 53;55
45 2
1;6;9;12;14;17;18;20;21;23;25;36;37;38;46;49 50
9 #edges, tree 60
0 3;4;5;16;22;24;26;27;31;34
0 7;8;10;11;13;15;19;28;29;30;32;33;35
0 1;6;9;12;14;17;18;20;21;23;25;36;37;38;46;49
3;4;5;16;22;24;26;27;31;34 45
3;4;5;16;22;24;26;27;31;34 48
7;8;10;11;13;15;19;28;29;30;32;33;35 51
7;8;10;11;13;15;19;28;29;30;32;33;35 53;55
1;6;9;12;14;17;18;20;21;23;25;36;37;38;46;49 50
51 2
9 #edges, tree 61
0 3;4;5;16;22;24;26;27;31;34
0 7;8;10;11;13;15;19;28;29;30;32;33;35
0 1;6;9;12;14;17;18;20;21;23;25;36;37;38;46;49
3;4;5;16;22;24;26;27;31;34 45
3;4;5;16;22;24;26;27;31;34 48
7;8;10;11;13;15;19;28;29;30;32;33;35 51
7;8;10;11;13;15;19;28;29;30;32;33;35 53;55
1;6;9;12;14;17;18;20;21;23;25;36;37;38;46;49 50
50 2
9 #edges, tree 62
0 3;4;5;16;22;24;26;27;31;34
0 7;8;10;11;13;15;19;28;29;30;32;33;35
0 1;6;9;12;14;17;18;20;21;23;25;36;37;38;46;49
3;4;5;16;22;24;26;27;31;34 45
3;4;5;16;22;24;26;27;31;34 48
7;8;10;11;13;15;19;28;29;30;32;33;35 53;55
45 2
45 51
1;6;9;12;14;17;18;20;21;23;25;36;37;38;46;49 50
9 #edges, tree 63
0 3;4;5;16;22;24;26;27;31;34
0 7;8;10;11;13;15;19;28;29;30;32;33;35
0 1;6;9;12;14;17;18;20;21;23;25;36;37;38;46;49
3;4;5;16;22;24;26;27;31;34 45
3;4;5;16;22;24;26;27;31;34 48
7;8;10;11;13;15;19;28;29;30;32;33;35 53;55
45 51
1;6;9;12;14;17;18;20;21;23;25;36;37;38;46;49 50
50 2
9 #edges, tree 64
0 3;4;5;16;22;24;26;27;31;34
0 7;8;10;11;13;15;19;28;29;30;32;33;35
0 1;6;9;12;14;17;18;20;21;23;25;36;37;38;46;49
3;4;5;16;22;24;26;27;31;34 45
3;4;5;16;22;24;26;27;31;34 48
7;8;10;11;13;15;19;28;29;30;32;33;35 53;55
45 51
1;6;9;12;14;17;18;20;21;23;25;36;37;38;46;49 50
51 2
9 #edges, tree 65
53;55 2
1;6;9;12;14;17;18;20;21;23;25;36;37;38;46;49 50
45 51
7;8;10;11;13;15;19;28;29;30;32;33;35 53;55
3;4;5;16;22;24;26;27;31;34 48
3;4;5;16;22;24;26;27;31;34 45
0 1;6;9;12;14;17;18;20;21;23;25;36;37;38;46;49
0 7;8;10;11;13;15;19;28;29;30;32;33;35
0 3;4;5;16;22;24;26;27;31;34
9 #edges, tree 66
53;55 51
51 2
1;6;9;12;14;17;18;20;21;23;25;36;37;38;46;49 50
7;8;10;11;13;15;19;28;29;30;32;33;35 53;55
3;4;5;16;22;24;26;27;31;34 48
3;4;5;16;22;24;26;27;31;34 45
0 1;6;9;12;14;17;18;20;21;23;25;36;37;38;46;49
0 7;8;10;11;13;15;19;28;29;30;32;33;35
0 3;4;5;16;22;24;26;27;31;34
9 #edges, tree 67
53;55 51
50 2
1;6;9;12;14;17;18;20;21;23;25;36;37;38;46;49 50
7;8;10;11;13;15;19;28;29;30;32;33;35 53;55
3;4;5;16;22;24;26;27;31;34 48
3;4;5;16;22;24;26;27;31;34 45
0 1;6;9;12;14;17;18;20;21;23;25;36;37;38;46;49
0 7;8;10;11;13;15;19;28;29;30;32;33;35
0 3;4;5;16;22;24;26;27;31;34
9 #edges, tree 68
53;55 51
1;6;9;12;14;17;18;20;21;23;25;36;37;38;46;49 50
45 2
7;8;10;11;13;15;19;28;29;30;32;33;35 53;55
3;4;5;16;22;24;26;27;31;34 48
3;4;5;16;22;24;26;27;31;34 45
0 1;6;9;12;14;17;18;20;21;23;25;36;37;38;46;49
0 7;8;10;11;13;15;19;28;29;30;32;33;35
0 3;4;5;16;22;24;26;27;31;34
9 #edges, tree 69
53;55 51
53;55 2
1;6;9;12;14;17;18;20;21;23;25;36;37;38;46;49 50
7;8;10;11;13;15;19;28;29;30;32;33;35 53;55
3;4;5;16;22;24;26;27;31;34 48
3;4;5;16;22;24;26;27;31;34 45
0 1;6;9;12;14;17;18;20;21;23;25;36;37;38;46;49
0 7;8;10;11;13;15;19;28;29;30;32;33;35
0 3;4;5;16;22;24;26;27;31;34
9 #edges, tree 70
53;55 2
1;6;9;12;14;17;18;20;21;23;25;36;37;38;46;49 50
7;8;10;11;13;15;19;28;29;30;32;33;35 53;55
3;4;5;16;22;24;26;27;31;34 51
3;4;5;16;22;24;26;27;31;34 48
3;4;5;16;22;24;26;27;31;34 45
0 1;6;9;12;14;17;18;20;21;23;25;36;37;38;46;49
0 7;8;10;11;13;15;19;28;29;30;32;33;35
0 3;4;5;16;22;24;26;27;31;34
9 #edges, tree 71
1;6;9;12;14;17;18;20;21;23;25;36;37;38;46;49 50
45 2
7;8;10;11;13;15;19;28;29;30;32;33;35 53;55
3;4;5;16;22;24;26;27;31;34 51
3;4;5;16;22;24;26;27;31;34 48
3;4;5;16;22;24;26;27;31;34 45
0 1;6;9;12;14;17;18;20;21;23;25;36;37;38;46;49
0 7;8;10;11;13;15;19;28;29;30;32;33;35
0 3;4;5;16;22;24;26;27;31;34
9 #edges, tree 72
51 2
1;6;9;12;14;17;18;20;21;23;25;36;37;38;46;49 50
7;8;10;11;13;15;19;28;29;30;32;33;35 53;55
3;4;5;16;22;24;26;27;31;34 51
3;4;5;16;22;24;26;27;31;34 48
3;4;5;16;22;24;26;27;31;34 45
0 1;6;9;12;14;17;18;20;21;23;25;36;37;38;46;49
0 7;8;10;11;13;15;19;28;29;30;32;33;35
0 3;4;5;16;22;24;26;27;31;34
9 #edges, tree 73
50 2
1;6;9;12;14;17;18;20;21;23;25;36;37;38;46;49 50
7;8;10;11;13;15;19;28;29;30;32;33;35 53;55
3;4;5;16;22;24;26;27;31;34 51
3;4;5;16;22;24;26;27;31;34 48
3;4;5;16;22;24;26;27;31;34 45
0 1;6;9;12;14;17;18;20;21;23;25;36;37;38;46;49
0 7;8;10;11;13;15;19;28;29;30;32;33;35
0 3;4;5;16;22;24;26;27;31;34
9 #edges, tree 74
1;6;9;12;14;17;18;20;21;23;25;36;37;38;46;49 50
45 2
7;8;10;11;13;15;19;28;29;30;32;33;35 53;55
3;4;5;16;22;24;26;27;31;34 48
3;4;5;16;22;24;26;27;31;34 45
2 51
0 1;6;9;12;14;17;18;20;21;23;25;36;37;38;46;49
0 7;8;10;11;13;15;19;28;29;30;32;33;35
0 3;4;5;16;22;24;26;27;31;34
9 #edges, tree 75
50 51
1;6;9;12;14;17;18;20;21;23;25;36;37;38;46;49 50
45 2
7;8;10;11;13;15;19;28;29;30;32;33;35 53;55
3;4;5;16;22;24;26;27;31;34 48
3;4;5;16;22;24;26;27;31;34 45
0 1;6;9;12;14;17;18;20;21;23;25;36;37;38;46;49
0 7;8;10;11;13;15;19;28;29;30;32;33;35
0 3;4;5;16;22;24;26;27;31;34
9 #edges, tree 76
50 51
50 2
1;6;9;12;14;17;18;20;21;23;25;36;37;38;46;49 50
7;8;10;11;13;15;19;28;29;30;32;33;35 53;55
3;4;5;16;22;24;26;27;31;34 48
3;4;5;16;22;24;26;27;31;34 45
0 1;6;9;12;14;17;18;20;21;23;25;36;37;38;46;49
0 7;8;10;11;13;15;19;28;29;30;32;33;35
0 3;4;5;16;22;24;26;27;31;34
9 #edges, tree 77
50 2
1;6;9;12;14;17;18;20;21;23;25;36;37;38;46;49 50
7;8;10;11;13;15;19;28;29;30;32;33;35 53;55
3;4;5;16;22;24;26;27;31;34 48
3;4;5;16;22;24;26;27;31;34 45
2 51
0 1;6;9;12;14;17;18;20;21;23;25;36;37;38;46;49
0 7;8;10;11;13;15;19;28;29;30;32;33;35
0 3;4;5;16;22;24;26;27;31;34
9 #edges, tree 78
53;55 2
1;6;9;12;14;17;18;20;21;23;25;36;37;38;46;49 50
7;8;10;11;13;15;19;28;29;30;32;33;35 53;55
3;4;5;16;22;24;26;27;31;34 48
3;4;5;16;22;24;26;27;31;34 45
2 51
0 1;6;9;12;14;17;18;20;21;23;25;36;37;38;46;49
0 7;8;10;11;13;15;19;28;29;30;32;33;35
0 3;4;5;16;22;24;26;27;31;34
9 #edges, tree 79
53;55 2
50 51
1;6;9;12;14;17;18;20;21;23;25;36;37;38;46;49 50
7;8;10;11;13;15;19;28;29;30;32;33;35 53;55
3;4;5;16;22;24;26;27;31;34 48
3;4;5;16;22;24;26;27;31;34 45
0 1;6;9;12;14;17;18;20;21;23;25;36;37;38;46;49
0 7;8;10;11;13;15;19;28;29;30;32;33;35
0 3;4;5;16;22;24;26;27;31;34
9 #edges, tree 80
51 2
50 51
1;6;9;12;14;17;18;20;21;23;25;36;37;38;46;49 50
7;8;10;11;13;15;19;28;29;30;32;33;35 53;55
3;4;5;16;22;24;26;27;31;34 48
3;4;5;16;22;24;26;27;31;34 45
0 1;6;9;12;14;17;18;20;21;23;25;36;37;38;46;49
0 7;8;10;11;13;15;19;28;29;30;32;33;35
0 3;4;5;16;22;24;26;27;31;34
