# 9 out of 9 mutations
32 #trees
8 #edges, tree 1
0 1;3
0 4;5;8
0 6;7;9;11
0 10;12
4;5;8 17
4;5;8 19;20
4;5;8 25;27
6;7;9;11 13;14
8 #edges, tree 2
6;7;9;11 13;14
4;5;8 25;27
4;5;8 19;20
4;5;8 17
4;5;8 10;12
0 6;7;9;11
0 4;5;8
0 1;3
8 #edges, tree 3
0 1;3
0 4;5;8
0 6;7;9;11
0 10;12
4;5;8 17
4;5;8 19;20
6;7;9;11 13;14
19;20 25;27
8 #edges, tree 4
0 1;3
0 4;5;8
0 6;7;9;11
4;5;8 10;12
4;5;8 17
4;5;8 19;20
6;7;9;11 13;14
19;20 25;27
8 #edges, tree 5
10;12 1;3
6;7;9;11 13;14
4;5;8 25;27
4;5;8 19;20
4;5;8 17
0 10;12
0 6;7;9;11
0 4;5;8
8 #edges, tree 6
19;20 25;27
10;12 1;3
6;7;9;11 13;14
4;5;8 19;20
4;5;8 17
0 10;12
0 6;7;9;11
0 4;5;8
8 #edges, tree 7
6;7;9;11 13;14
6;7;9;11 1;3
4;5;8 25;27
4;5;8 19;20
4;5;8 17
0 10;12
0 6;7;9;11
0 4;5;8
8 #edges, tree 8
19;20 25;27
6;7;9;11 13;14
6;7;9;11 1;3
4;5;8 19;20
4;5;8 17
0 10;12
0 6;7;9;11
0 4;5;8
8 #edges, tree 9
0 4;5;8
0 6;7;9;11
0 10;12
4;5;8 17
4;5;8 19;20
6;7;9;11 13;14
17 1;3
19;20 25;27
8 #edges, tree 10
0 4;5;8
0 6;7;9;11
0 10;12
4;5;8 17
4;5;8 19;20
4;5;8 25;27
6;7;9;11 13;14
17 1;3
8 #edges, tree 11
0 4;5;8
0 6;7;9;11
0 10;12
4;5;8 17
4;5;8 19;20
4;5;8 25;27
6;7;9;11 13;14
13;14 1;3
8 #edges, tree 12
0 4;5;8
0 6;7;9;11
0 10;12
4;5;8 17
4;5;8 19;20
6;7;9;11 13;14
13;14 1;3
19;20 25;27
8 #edges, tree 13
0 4;5;8
0 6;7;9;11
0 10;12
4;5;8 17
4;5;8 19;20
6;7;9;11 13;14
19;20 1;3
19;20 25;27
8 #edges, tree 14
0 4;5;8
0 6;7;9;11
0 10;12
4;5;8 17
4;5;8 19;20
4;5;8 25;27
6;7;9;11 13;14
19;20 1;3
8 #edges, tree 15
0 4;5;8
0 6;7;9;11
0 10;12
4;5;8 17
4;5;8 19;20
4;5;8 25;27
6;7;9;11 13;14
25;27 1;3
8 #edges, tree 16
0 4;5;8
0 6;7;9;11
0 10;12
4;5;8 1;3
4;5;8 17
4;5;8 19;20
4;5;8 25;27
6;7;9;11 13;14
8 #edges, tree 17
19;20 25;27
6;7;9;11 13;14
4;5;8 19;20
4;5;8 17
4;5;8 1;3
0 10;12
0 6;7;9;11
0 4;5;8
8 #edges, tree 18
25;27 1;3
19;20 25;27
6;7;9;11 13;14
4;5;8 19;20
4;5;8 17
0 10;12
0 6;7;9;11
0 4;5;8
8 #edges, tree 19
19;20 25;27
6;7;9;11 13;14
4;5;8 19;20
4;5;8 17
4;5;8 10;12
4;5;8 1;3
0 6;7;9;11
0 4;5;8
8 #edges, tree 20
6;7;9;11 13;14
4;5;8 25;27
4;5;8 19;20
4;5;8 17
4;5;8 10;12
4;5;8 1;3
0 6;7;9;11
0 4;5;8
8 #edges, tree 21
17 1;3
6;7;9;11 13;14
4;5;8 25;27
4;5;8 19;20
4;5;8 17
4;5;8 10;12
0 6;7;9;11
0 4;5;8
8 #edges, tree 22
19;20 25;27
17 1;3
6;7;9;11 13;14
4;5;8 19;20
4;5;8 17
4;5;8 10;12
0 6;7;9;11
0 4;5;8
8 #edges, tree 23
19;20 25;27
6;7;9;11 13;14
6;7;9;11 1;3
4;5;8 19;20
4;5;8 17
4;5;8 10;12
0 6;7;9;11
0 4;5;8
8 #edges, tree 24
6;7;9;11 13;14
6;7;9;11 1;3
4;5;8 25;27
4;5;8 19;20
4;5;8 17
4;5;8 10;12
0 6;7;9;11
0 4;5;8
8 #edges, tree 25
25;27 1;3
6;7;9;11 13;14
4;5;8 25;27
4;5;8 19;20
4;5;8 17
4;5;8 10;12
0 6;7;9;11
0 4;5;8
8 #edges, tree 26
19;20 1;3
6;7;9;11 13;14
4;5;8 25;27
4;5;8 19;20
4;5;8 17
4;5;8 10;12
0 6;7;9;11
0 4;5;8
8 #edges, tree 27
10;12 1;3
6;7;9;11 13;14
4;5;8 25;27
4;5;8 19;20
4;5;8 17
4;5;8 10;12
0 6;7;9;11
0 4;5;8
8 #edges, tree 28
13;14 1;3
6;7;9;11 13;14
4;5;8 25;27
4;5;8 19;20
4;5;8 17
4;5;8 10;12
0 6;7;9;11
0 4;5;8
8 #edges, tree 29
19;20 25;27
19;20 1;3
6;7;9;11 13;14
4;5;8 19;20
4;5;8 17
4;5;8 10;12
0 6;7;9;11
0 4;5;8
8 #edges, tree 30
25;27 1;3
19;20 25;27
6;7;9;11 13;14
4;5;8 19;20
4;5;8 17
4;5;8 10;12
0 6;7;9;11
0 4;5;8
8 #edges, tree 31
19;20 25;27
10;12 1;3
6;7;9;11 13;14
4;5;8 19;20
4;5;8 17
4;5;8 10;12
0 6;7;9;11
0 4;5;8
8 #edges, tree 32
19;20 25;27
13;14 1;3
6;7;9;11 13;14
4;5;8 19;20
4;5;8 17
4;5;8 10;12
0 6;7;9;11
0 4;5;8
