397;410;419;426;439;447;455;459;461;469;470;473;478;485;493;499;515;519;539;566;576;586;597;605;615;631;637;643;644;655;661;662;671;672;678;679;683;684
121;134;140;167;176;182;185;189;191;196;200;207;209;214;218;226;229;231;235;241;246;249;251;262;265;270;273;279;284;287;298;302;308;311;312;318;319;322;326;332;345;349;354;385;389;393;394;400;404;405;409;415;416;422;425;428;431;435;438;443;446;450;457;466;467;472;477;484;490;491;497;516;529;541;547;557;567;577;578;620;621;626;633;639;647;648;659
112;116;128;135;145;156;161;177;179;183;186;190;192;201;215;219;236;238;242;245;247;252;256;259;266;267;271;277;280;285;288;290;292;296;304;310;313;316;320;334;335;343;347;362;369;377;384;387;407;412;437;441;444;453;456;475;482;488;514;526;536;562;592;601;628;635;641
372;380;395;401;406;417;429;436;458;463;468;492;498;503;510;518;524;525;535;544;545;554;571;572;580;587;588;589
104;106;109;118;123;130;136;142;157;162;169;173;180;187;193;197;202;204;210;212;220;223;227;232;237;243;253;260;263;272;274;276;278;281;291;293;300;314;321;324;329;336;340;344;348;352;357;363;370;378;388;391;403;413;424;430;433;449;452;460;464;474;479;480;486;487;494;502;507;523
133;160;165;374;382;398
342;356;360;367
346;350;355;359;365
46;51;53;54;58;61;62;64;67;73;74;76;77;79;80;82;84;91;100;127;149;154;159;164;181;188;195;199;206;208;211;216;222;225;228;234;240;244;248;255;258;264;269;275;283;286;289;295;303;306;309;315;323;328;333;338;339
102;105;107;111;113;117;120;122;125;129;138;141;147;151;158;168
103
98
8;13;19;24;29;32;38;41;56;59;65;68;70;71;72;85;87;88;92;93;96
23;28;49
4;9;14;17;20;30;35;39;42
5;7;21;25;27;31;36
3;12;16;34
2
0;1
