701
27;33;38;44;46;49;52;56;68;77;84;94;101;103;111;119;152;162;170;176;181;187;189;202;206;212;217;244;247;252;253;255;260;269;284;297;306;311;317;321;330;344;350;394;405;412;433;442;459;477;486;491;493;499;501;504;507;510;512;522;529;533;538;549;572;589;620;630;638;658;664;675;676;681;691;699
178;188;194;199;208;209;214;219;223;232;235;240;249;257;267;273;289;291;296;323;328;333;346;357;386;424;444;478;492;494;517;523;543;550;556;566;575;584;590;599;600;611;641;661;670;688;695;696
198;203;213;222;227;231;239;266;272;277;282;288;300;303;309;315;319;326;331;337;355;376;387;434;445;466;471;498;500;506;516;519;527;531;536;539;544;554;559;568;580;596;604;606;616;628;629
149;161;175;184;195;204;220;233;236;241;250;258;263;274;278;283;292;305;327;332;338;345;352;356;363;370;381;400;408;428;447;448;450;461;463;475;482;490;495
45;50;54;58;63;70;73;82;88;95;98;102;109;112;130;153;163;171;177;190;197;218;221;226;229;234;238;245;264;270;276;281;290;295;299;308;313;320;342;343;364;371;375;383;384;392;393;403;404;409;411;420;422;432;439;452;458;464
53;57;60;62;69;75;78;85;100;106;113;123;131;140;154;172;182;191;207;230;248;254;256;261;265;271;287;302;310;329;335;340;349;359;380;388;398
304
262
210
192
116;125;136;142;143;145;155;156;165
120;124;127;132;135;141
110;117;129;138
16;19;24;25;31;35;39;42;48;64;71;74;76;79;83;86;89;92;96;104;107;108
51
47
23;28;29;30;34;41
4;9;11;14;18;22
13;17;20
10
3;5;6;7;8
0;1;2
