20;38;44;49;57;62;67;73;80;85;89;101;111;116;120;131;147;156;159;167;175;179;185;192;199;210;221;232;239;262;271;278;284;294;303;308;311;318;321;327;355;367;377;386;390;393;411;422;430;441;454;460;462;465;470;492;500;504;509;519;539;544;550;555;563;574;582;591;596;601;624;643;653;673;684;695;704;751;758;765;770;803;834;858;869;922;928;933;943;946;949;951;954;963;964;970;974;1001;1002;1012;1013;1021;1026;1032;1038;1042;1045;1047
93;105;127;132;134;140;143;158;165;183;189;196;205;218;244;268;281;285;287;291;296;310;313;324;336;345;346;350;357;363;372;376;379;391;401;406;410;424;432;440;450;463;481;485;497;506;516;521;527;531;541;547;597;611;628;665;674;685;696;705;721;739;750;774;778;782;786;796;802;817;833;843;859;901;908;930;934;937;940;953;956;962;982;990;998;999;1011;1019
604;617;655;686;706;740;759;775;779;787;791;797;809;818;825;844;879;888;923;931;935;941;945;947;950;965;967;972;975;979;985;987;988;993;995;996;1004;1008;1015;1016
13;19;30;33;41;43;48;61;65;77;79;96;106;109;115;119;123;128;137;139;154;162;173;182;188;195;204;217;228;243;253;267;274;323;335;344;347;365;369;381;384;389;397;402;415;419;425;428;445;464;482;487;490;494;499;512;517;532;537;542;559;561;566;571;585;594;600;614;625;635;654;664;720;749;769;777;781;785;793;814;821;827;828;837;848;851;860;873;891;902;903;911;918;925
176;186;200;211;224;249;264;290;304;312;314;325;330;333;342;351;362;395;400;417;427;436;444;449;457;467;471;475;480;484;502;515;526;556;564;593;612;620;657;667;708;731;761;790;794;795;801;815;816;831;841;847;853;854;855;865;866;875;876;885;886;896;897;898;906;907;915;916
846
250;257;279;295;300;309;315;319;337;371;383;387;394;399;405;413;423;439;448;456;476;489;520;535;552;557;570;576;577;588;599;613;621;623;629;631;639;640;646;649;659;677;688;697;709;713;722;741;742;746;752;756;762;768;772
7;8;10;12;21;26;31;36;40;50;59;71;75;82;87;91;95;98;102;104;107;113;126;135;141;142;149;151;163;170;174;184;191;197;207;209;220;230;246;255;256;259;261;269;276;277;282;283;286;288;293;297;299;306;316;322;328;331;338;339;352;356;358;361;364;368;375;378;380;382;388;392;396;404;407;409;412;414;418;431;433;437;438;442;451;455;458;461;466;468;472;474;477;483;486;493;496;498;501;503;505;507;510;511;514;522;525;528;530;536;540;545;548;551;558;560;565;569;575;578;583;584;587;589;602;607;609;615;632;634;641;642;661;693;699;701;716
626
605;619
598
24;34;66;70;78;94;97;100;110;124;129;146;150;155;169;178;190;198;208;231;238;260;270;289;298;302;307;317;329;332;334;341;343;349;354;360;370;374;385;398;416;421;429;435;443;447;453;469;473;479;488;491;513;524;529;534;543;549;554;568;573;580;581;592
177;181;194;203;216;222;227;236;240;248;258;266;272
247
171;187;213;225
215
180
3;11;16;18;22;29;37;46;51;53;55;63;69;72;83;90;92;99;103;108;114;118;125;133;138;152;157;160;166;168
136
122
15;17;23;27;32;47;52;54;56;60;64;76;84;88
35
4;6;9;14
5
1;2
0
