428;441;453;470;488;518;546;567;584;594;599;607;613;625;647;655;656;666;683;703
254;259;264;268;300;314;333;344;355;364;372;379;383;391;402;405;412;420;433;438;449;459;469;478;506;507;516;517;533;544;545;553;554;559;560;566;570;571;572;577;579;581;589;593;598;612;617;618;624;630;634;636;639;642;649;658;699
215;218;226;228;236;243;250;258;263;267;273;278;295;301;365;373;380;387;392;403;407;422;426;432;447;476;504;514;531;557;574;578;587;591;596;601;615;620;621;632;637;644;659;662;670;675;695;696
4;7;14;19;22;26;29;32;33;36;42;46;51;53;55;67;73;77;80;84;86;89;92;94;96;98;103;109;121;124;126;130;133;138;147;153;168;181;200;204;213;222;231;234;242;261;270;271;277;281;282;286;287;292;298;303;310;311;317;329;338;341;348;361;375;377;400;419;424;429;435;442;454;480;508;519;534;568;582
176;184;188;192;197;202;216;220;224;229;237;252;260;265;269;308;324;332;343;354;363;371;382;390;430;443;455;463;472;491;492;500;511;524;525;526;536;537;549
125;131;142;150;163;185;193;208;212;221;227;238;241;248;256;266;285;291;302;315;325;335;356;399;408;411;414;418;423;431;437;445;468;475;486;503;513
434;451
439;450
244;274;279;290;309;334;345;386;394;397;416;417
297;305;306;320;328;352;360;376
239;251;275;280;283;293
206;219;232
123;129;132;137;143;146;158;164;166;172;174;177;180;186;189;194;195;198;199;203;209
201
183;187;191
169
161
6;9;11;13;16;25;28;31;41;50;57;58;61;66;70;76;79;83;88;91;93;97;99;101;104;106;111;112;115;127;134;139;140;155
8;10;12;20;23;27;34;39;43;45;48;52;54;56;62;64;68;71;74;81;108;110;114;117;119
47
17
3;5
0;1;2
