282;304;312;335;337;358;361;371;397;403;419;428;450;455;478;510;520;523;530;532;540;551;559;591;602;608;612;616;622;635;646;647;659;686;696
323;340;344;348;353;360;364;369;373;383;386;394;399;406;416;430;434;440;445;451;457;487;501;506;517;521;527;529;537;543;546;552;566;601;613;617;623;624;651;663;665;690
491;502;507;513;518;519;522;541;547;560;598;605;607;610;615;618;627;630;633;641;644;655;669;672;683
296;322;327;333;338;351;362;385;390;391;396;398;402;407;412;420;425;439;444;464;470;479;488;494;498;511;524;531;533;542;545;556;564;581;582;588;589;594;600
4;7;8;12;15;19;22;26;34;36;39;41;44;46;52;56;60;62;66;70;72;77;79;81;82;86;89;90;92;97;99;102;104;109;112;115;117;119;120;124;127;132;133;134;136;137;140;143;147;150;152;154;157;159;161;164;166;167;170;173;177;179;184;187;194;196;197;200;202;204;206;208;211;212;220;225;226;231;233;235;247;252;255;256;258;262;270;275;281;288;290;295;300;301;306;310;317;320;324;326;334;341;342;345;355;365;367;374;376;380;387;395;405;410;427;449;453;495;512;514;525;534;539;548;567;574
417;422;426;431;435;436;447;448;460;468;476;477;485;496;503
329;332;339;343;352;363;372;379;400;404;413;421;441;446;452;459;466;475;484
393
389
305;314;318
5;9;11;14;18;21;23;24;25;28;31;33;38;42;43;45;47;48;50;51;53;55;57;59;61;64;68;71;74;76;78;80;83;85;94;96;98;100;106;107;110;114;121;123;125;126;129;135;139;142;144;146;148;151;155;158;160;162;165;168;172;174;176;178;180;181;183;186;188;190;191;193;195;198;201;205;210;213;217;218;223;228;229;230;232;234;237;238;240;242;248;272;278;298
297
289
271;277;285
283
276
2;10;13;16;17;20;27;29;30;32;35;37;40;49;54;58;63;65;67;69;73;75;84;87;88;91;93;95;101;103;105;108;111;113;116;118;122;128;130;131;138;141;145;149;153;156;163;169;171;175;182;185;189;192;199;203;207;209;214;215;216;219;221;222;224;227;236;239;241;243;244;245;250
3;6
1
0
