764
106;111;119;123;129;134;177;185;193;200;202;210;217;218;233;234;235;244;249;259;260;266;267;268;282;290;291;301;306;307;315;322;324;327;333;334;341;342;347;352;357;358;365;366;370;371;376;381;382;391;397;398;399;403;404;411;412;413;417;423;424;425;433;440;441;453;454;460;468;469;474;475;480;481;490;496;497;506;516;521;532;533;538;539;548;549;556;561;562;566;575;576;582;583;591;592;596;597;598;606;607;614;621;626;637;647;648;657;659;676;678;679;686;689;697;703;710;732;734;751;759;763
547;565;574;581;595;605;612;620;654;665;694;700;707;718;719;731;739;750;757;762
138;174;186;188;207;209;214;224;231;241;243;247;256;258;277;280;299;311;313;318;325;330;332;338;340;355;360;363;374;379;384;386;393;400;402;409;410;416;420;429;431;436;443;445;449;451;455;456;462;464;484;529;537;558;568;577;579;584;588;589;593;599;602;609;617;632;653;685;699;705;713;728
631;641;663;672;683
163;170;190;197;221;228;286;296;303;309;316;328;335;343;353;359;372;377;387;405;414;418;426;438;444;450;463;512;528;552;559;563;567;578;601;624;640;671;682
187;208;223;265;270;278;288;305;326;331;339;345;350;361;369;375;389;394;401;406;430;447;452;459;467;473;479;489;494;503;504;514;519;531;555;560;570;573;580;586;604;611;633;634;646;656
206;213;222;230;255;264;276;310;337;344;349;354;368;373;388;392;419;428;435;458;472;478;488;493;502;513;530;554;564;569;572;594;603;610;618;619;625;636;644;645;655
587
545
173;182;215;232;242;257;271;279;289;298;312;319;351;362;378;385;390;395;407;421;442;448;461;470;476;483;492;500;509;511;517;526;544
527
495;505;515;520
155;171;191;198;229;240;254;263;275;287;297;304;317;329;336;348;367;383;415;427;434;439;465;471;485;486
323
320
7;8;9;10;11;14;17;22;24;30;33;34;38;41;42;45;48;53;54;60;62;64;66;69;71;74;76;79;80;82;83;88;91;92;94;97;101;104;108;114;131;136;143;149;162;189;195;237;250;251;261;262;273;284;295
246
204
6;15;18;20;23;25;27;29;31;35;36;39;43;46;47;49;52;56;58;63;70;72;77;84;86;89;93;99;103;107;112;120;124;130;135;141;142;148;154;160;167;168;179;184;201
96;100;102;110;113;116;117;118;121;125;128;146;153;158;161;169;176
164;172
144;151;165
137;150
132
12;13;16;19;21;26;28;32;37;40;44;50;51;55;57;59;61;65;67;68;73;75;78;81;85;87;90;95;98;105;109;115;122;126;127
4;5
0;1;2;3
