215;219;222;229;240;251;253;268;289;294;297;304;307;311;318;328;333;347;350;364;375;435;456;466;501;513;533;549;564;576;594;595;608;610;623;624;627;641;648;650;651;659;661
208;216;220;230;238;241;244;248;254;258;263;269;273;284;290;295;305;312;319;323;329;342;388;420;428;465;500;545;574;588;602;645;656
235;239;246;249;256;265;270;275;280;285;296;299;313;324;335;343;351;359;376;397;410;436;442;467;474;485;502;550;579;596;629
212;217;223;234;245;255;259;264;274;279;298;320;334;352;365;377;387;398;427;470;481;491;493;504;505;507;519;520;522;538;553;569
556
224;226;232;236;242;257;260;272;277;281;292;309;315;330;336;340;344;358;363;374;386;409;419;429;455;464;471;483;495;498;499;511;525;528;529;543;544
36;39;41;46;49;52;54;56;60;62;65;70;73;75;78;80;81;82;84;86;90;92;94;96;97;100;102;103;106;107;110;115;117;121;122;125;131;138;142;144;147;153;163;176;186;195;202;218;227;233;237;243;247;252;261;278;282;287;302;310;316;326;331;337;368;401;445;459;468
187;196;207;211;214;221;225;228;250;262;267;283;288;293;303;317;322;327;332;341;357;385;407;417
8;11;13;366;379;391;400;411
177;389;399
231;266;271;276;286;291;300;306;308;314;321;325;338;339;345;348
301
204;213
12;15;17;20;22;24;26;29;31;33;35;38;44;48;50;59;67;72;74;77;83;85;88;99;105;108;109;112;116;120;124;127;128;129;132;133;135;136;137;139;140;141;143;148;149;152;156;158;159;164;167;172;173;175;180;183;190;192;198;200;201;205;210
209
178;188;203
165;170;179;189;197
169;174
34;37;40;42;43;45;47;51;53;55;57;58;61;63;64;66;68;69;71;76;79;87;89;91;93;95;98;101;104;111;113;114;118;119;123;126;130;134;145;150;154;155;160
3;4;7;10;14;16;18;19;21;23;25;27;28;30;32
6;9
5
0;1;2
