252;259;279;285;291;304;310;315;331;352;360;370;375;382;395;401;415;426;437;440;443;447;450;460;472;493;504;510;520;528;539;547;554;562;563;574;575;594;603;609;620;622;629;648;657;665;668;690;695;706;708;719;724
18;23;28;32;47;77;81;85;92;98;104;108;112;114;119;121;128;130;138;141;149;158;159;164;173;180;182;187;190;204;213;218;234;254;274;295;301;314;317;323;351;358;363;368;373;374;378;381;400;414;420;425;431;436;439;459;465;471;486;492;503;509;516;523;535;541;549;565;585;596;623;631;649;660;673
225;236;255;265;276;290;303;309;324;330;356;359;369;388;394;405;432;438;441;444;451;456;466;473;475;494;514;521;525;531;543;551;567;579;588;600;607;616;627;632;641;642;653;654
20;22;27;31;34;46;59;68;74;80;88;94;97;101;107;110;111;113;118;123;127;132;135;137;143;147;156;157;162;165;169;171;175;185;193;246;273;282;289;294;300;336;342;350;365;367;387;404;413;424;430;435;449;455;458;464;470;479;502;508;519;526;527;532;533;545;553;559;570;582;590;591;601;618;619;628;634;644;645
271;280;286;307;311;320;329;334;339;347;357;371;376;383;389;402;406;416;421;427;433;446;448;453;454;461;463;474;476;478;480;484;488;490;496;500;517;518;524
52;65;72;78;83;90;95;99;116;124;133;142;144;148;152;160;166;170;177;184;192;198;202;211;222;233;281;288;293;299;313;341;355;364;366;372;377;379;380;384;386;390;391;392;396;397;399;403;411;419;434
261;272;287;292;296;298;305;308;312;318;321;325;335;340;343
322
191;196;199;206;209;214;216;219;224;229;230;237;241;244;248;249;256;257;260;263;267;270
30;39;45;66;73;84;87;91;100;103;106;109;122;126;129;134;136;140;146;151;155;163;168;172;178;186;194;203;208;212;217;223;228;239;245;253
174;176;181;189;197;201;207;210;221;227;232;238
179;183;188;195;200;205;215
33;38;44;57;79;86;93;96;102;105;115;117;120;125;131;139;145;150;153;154;161;167
24;29;36;43;51;62;70
41;48;61;69
49;63
9;12;35;42
7;13;14;15;16;17;21;25;37
5;8;10;19;26
11
4;6
0;1;2;3
