536;549;576;608;614;629;637;641;651;698;724;758;769;783;800;817;823;832;839;846;855;872;881;890;895;902;908;909;914;915;919;924;925;926;931;932;933
247;268;281;287;295;298;306;309;329;331;337;343;354;362;367;378;381;408;412;417;421;443;450;454;480;510;538;550;565;577;590;592;597;603;605;610;620;622;631;638;643;645;665;681;682;699;709;712;725;746;748;759;762;785;787;802;826;834;840;842;852;853;861;869;888;893;894;907;913
560;567;571;579;596;621;653;711;727;736;761;771;793;814;829;836;845;849;850;857;858;864;865;866;867;876;883;898
293;296;573;588;690;700;726;803;813;820;828;843;847;848;856
45;57;81;85;87;89;94;97;104;107;116;119;125;129;132;137;139;143;152;154;158;159;170;171;174;179;184;186;190;192;195;197;203;211;218;230;232;238;243;248;261;265;274;283;289;302;313;316;317;325;326;332;338;359;363;373;384;395;398;422;427;430;435;451;455;484;490;507;520;546;552;570;599;613;628;636;639;649;679;687;696;710;722;734;735;744;747;756;760;768;780;781;786;791;792;798;799;809;811;816;819;822;827;830
6;10;11;12;13;14;17;21;29;36;41;44;48;52;55;65;71;75;79;92;96;98;99;112;122;133;140;142;144;145;150;160;165;168;172;182;188;191;200;205;209;213;215;219;221;225;239;249;262;269;284;290;303;310;314;321;327;330;333;340;345;349;368;375;385;388;400;403;406;409;419;423;432;447;461;466;472;475;492;497;506;527;534;540;545;557;575;582;589;600;612;618;626;627;634;635;646;647;648;656;657;658;663;664;670;671;677;678;685;693;695;704;718;719;721;754;766;773;777;778;795;805;806;808
775
49;54;56;59;62;66;72;76;80;86;88;93;101;109;110;113;115;123;126;128;131;134;141;151;157;178;189;199;212;226;240;241;244;253;256;275;278;299;307;318;339;344;351;355;374;379;387;391;396;399;402;413;418;428;431;436;446;452;456;460;471;481;485;496;501;505;511;519;533;544;551;569;574;581;594;607;617;624;625;633;655;662;667;668;669;673;675;676;683;692;715;717;728;729;738;740;741;751;764
566;578;585;591;595;604;615;632;644;652;660
543;555;562
494;499;502;504;508;513;516;522;523;529;531;532;535;541;542;559
556
27;30;33;35;38;40;43;46;50;53;58;60;63;67;69;73;77;82;90;95;100;102;105;108;111;114;117;120;124;135;146;148;155;161;163;166;169;173;176;180;183;185;193;198;204;208;235;246;252;255;264;267;272;280;286;294;297;301;312;320;324;336;348;358;361;366;372;405;411;416;420;426;429;442;449;458;465;470;473;479;483;489;495;500;518;525;526;539
498;503;509
491
31;34;47;51;61;64;68;70;74;78;83;84;91;103;106;118;121;127;130;136;138;147;149;153;156;162;164;167;175;177;181;187;194;201;206;210;214;216;220;228;231;233;236;242;258;270;291;304;308;311;319;322;334;341;346;352;356;360;369;382;389;392;401;414;424;437;439;444;459;463;467;474;476;486;487
8;15;19;23;26;32;37;39;42
20;24;28
7;9
4;5
0;1;2;3
