38;43;49;51;54;56;58;68;71;74;78;81;83;85;87;89;91;93;95;97;102;105;114;121;130;134;136;139;141;145;147;149;152;156;158;160;163;166;171;172;174;178;180;186;202;207;213;216;227;230;242;263;282;285;288;298;308;312;315;319;321;333;338;341;345;349;352;357;365;374;380;401;416;436;457;468;472;478;486;490;500;513;515;518;523;529;532;542;556;564;574;577;580;586;595;608;613;619;624;632;637;648;654;658;660;661;664;667;671;673;677;678;679;693;700;712;718;724;732;737;739;742
212;218;219;225;226;234;235;236;238;239;240;245;250;253;254;255;258;265;267;278;279;286;290;291;293;301;303;306;310;313;324;336;343;348;350;355;359;371;377;384;395;406;419;446;471;477;489;494;508;510;517;530;535;560;572;583;589;592;600;610;615;620;626;644;656;663;666;676;688;699;706;711;717;721;722;736
381;390;402;408;423;429;437;462;465;469;474;479;481;484;496;507;511;514;520;525;534;544;551;559;578;582;588;609;643;649;655;659;662;665;669;674;675;680;681;682;684;687;690;691;702;704;707;710
369;393;411;432;451;463;466;476;480;482;488;493;498;503;512;522;550;558;571;585;590;594;599;603;607;617;623;631;646
568
391;404;409;418;424;430;438;459;470;475;485;492;497;502;505;509;516;521;526;528;531;536;538;540;541;545;546;554;562
499
467
215;220;229;241;251;261;270;274;280;295;302;304;307;311;314;317;318;325;326;330;337;344;351;367;372;378;386;387;397;413;421;426;427;433;441;442;455;460
445
392
382
376
107;113;117;126;128;133;135;140;144;150;155;157;165;170;173;177;183;189;192;196;198;204;208;222;232;243;246;264;283;292;297;305;309;320;323;327;329;331;335;339;340;342;347;353;354;358;363
332
328
269
111;112;120;125;127;132;138;143;146;151;154;159;161;162;164;168;175;176;179;182;185;188;190;191;194;197;199;201;206;209
115
30;37;55;57;62;65;67;70;72;77;80;82;84;90;99;104
63
9;24;36;46
1;2;5;7;17;34;40
20;25;31
19
4;6;10;16
0
