24;42;46;50;55;70;79;84;94;98;103;108;114;123;128;131;147;151;162;169;176;184;189;197;200;208;210;215;219;223;235;243;250;265;275;278;292;297;310;332;359;378;399;409;438;447;453;468;484;490;508;534;584;611;619;629;640;655;656;666;667;677;678;679;691;692;714;715;724;731;732;737;744;745;747
48;52;54;58;61;63;69;75;82;86;88;89;93;105;113;117;122;127;129;133;136;137;138;145;146;150;154;159;168;172;175;178;192;196;199;202;212;228;233;241;256;259;269;271;279;293;298;306;322;329;330;336;343;355;360;361;380;386;401;411;412;420;428;439;448;449;454;458;459;466;467;483;489;498;509;526;532;540;548;549;556;563;571;572;597;598;605;606;617;625;626;627;650;651;652;664;674;675;684;686;696;698;700;708;717;718;725;727;738
709
281;331;347;353;369;381;387;403;414;430;470;515;537;544;554;562;578;585;612;621;630;641;643;657;658;669;670;680;706
620
44;53;64;67;72;76;90;97;106;110;125;134;155;173;182;186;193;213;217;226;229;239;248;249;255;257;270;273;274;282;296;302;304;308;315;316;320;328;348;358;365;375;383;389;394;404;423;446;456;462;472;478;486;492;502;527;535;542;545;553;561;570;579;586;603;614
253;261;267;287;313;325;339;345;351;370;382;388;415;422;431;445;451;461;471;477;501;510;516;533;541;550;552;557;568;576;581;589;591;601;608
564
25;30;32;35;39;43;47;57;74;85;96;100;109;116;119;124;144;153;156;158;165;170;181;190;198;203;209;221;227;236;240;252;264;266;276;280;285;286;294;295;299;300;312;318;319;323;324;334;337;338;344;350;356;357;362;367;368;374;402;413;421;429;440;444;455;457;463;473;474;479;480;493;503;504;517;519;528;547;555
34;51;56;62;71;80;95;99;104;115;118;132;141;152;157;161;167;174;180;188;195;201;207;231;234;237;242;246;258;262;268;272;284;289;307;311;326;333;335;341;342;349;354;364;366;372;373;379;385;392;393;397;400;407;410;417;419;426;436;443;460;469;476;499;514;523;531;539
238;254;263
216;245;247;260
225
220
211
60;66;68;78;87;92;102;112;121;126;130;135;140;143;149;163;166;171;177;185;191;204;205
101
16;19;23;29;31;33;38;41;45
15;18;21;26;27;36
10;20
17
14
8;11;13
0;1;2;3;5;7;9;12
4;6
