25;34;69;78;85;90;95;106;108;112;117;127;130;136;139;147;150;160;167;177;186;197;203;212;243;249;261;271;285;295;307;319;327;331;342;347;368;370;374;382;402;409;415;419;422;432;437;446;455;465;471;490;526;535;548;552;553;558;565;571;578;580;585;587;589;592;594;596;597;603;610;615;620;641;654;664;708;716
426;433;447;467;483;514;537;560;567;573;576;579;582;584;590;593;598;599;600;601;604;607;612;613;628;636;637;643;657;660;666;670;678;688
35;52;59;92;98;103;110;114;121;125;133;141;145;152;165;174;176;180;185;190;196;211;219;237;254;260;286;290;296;320;337;341;346;357;363;367;369;375;378;381;385;388;392;394;398;405;407;410;413;416;420;423;425;429;438;441;456;466;472;491;505;513;520;527;536;541;559;566;572;575;581;583;586;588;591;595;602;605;609;618
58;71;81;83;87;97;124;128;137;157;161;164;170;173;178;187;191;198;204;213;220;228;244;253;259;277;281;284;289;301;306;318;326;330;336;364;371;373;377;380;384;386;389;393;399;401;403;411;414;418;436;440;445;452;453;461;463;479;481;489;495;496;501;502;504;510;511;512;525;530;533;538;540;546;547;550;551;557;564
20;29;39;44;49;65;79;91;96;101;113;118;131;140;151;155;163;168;181;183;189;193;206;214;221;230;250;256;263;267;276;280;294;300;305;312;325;329;335;348;352;372;387;390;395;397;400;404;408;412;417;424;427;428;431;434;435;439;444;449;450;460;468;470;475;476;485;498;499;506;516;521;528;542
182;217;222;226;236;248;252;258;266;270;274;279;287;297;302;321;338;343;353;359;365;366;376;379;383;391;396;406;421
12;13;23;37;42;48;54;62;75;82;94;99;100;104;105;107;111;115;116;119;120;122;123;126;129;134;135;138;142;143;146;149;153;154;158;159;162;166;171;175;188;192;199;200;205;224;229;239;245;255;262;275;282;283;288;291;292;293;298;303;304;311;315;317;324;334;339;345;349;351;354;356;360;362
313;358
240
238
184;207;215;231
66;70;80;86;102;109;132;144;148;156;169;172;179
27;31;36;40;47;60;72;84;93
9;14;24;33;38;55;63;76;89
88
11;16;19;22;28;32;41;53;67;73
17;21;43;45;50;57
46;51
15;18;30
26
3;6;8;10
4;5;7
0;1;2
