932
559;568;587;617;628;640;652;689;719;729;740;759;769;776;786;794;813;825;835;843;868;873;880;886;887;897;908;918;927
692;700;713;734;763;788;808;837;859;867;872;895;906;925
418;433;444;451;463;467;473;478;483;489;506;524;575;585;616;627;630;639;650;671;686;694;706;752;774;782;790;810;817;818;823;824;831;834;839;842;846;850;854;862;866;879;913;921
150;875
42;54;57;59;61;66;67;69;70;72;75;77;78;80;81;83;84;86;88;89;90;91;93;96;98;99;101;102;104;105;107;108;110;113;115;117;118;120;122;124;127;128;130;131;133;135;136;138;139;142;144;146;147;148;151;152;155;157;162;163;165;166;170;173;175;177;178;179;180;183;186;188;189;191;193;194;196;197;200;201;203;206;207;208;210;211;213;214;216;220;223;226;227;228;231;234;236;238;239;241;242;246;247;250;252;253;256;258;265;266;267;271;274;279;280;282;283;285;286;292;299;300;302;304;305;307;314;316;317;325;329;335;336;340;341;347;353;360;378;379;380;382;388;393;397;410;415;416;422;430;442;667;677;744;781;789;809;830;838;853;861
350;356;544;553;562;567;572;576;586;589;596;600;607;609;620;651;654;672;676;688;691;695;707;712;718;723;728;733;739;743;749;762;771;775;797;803;807;816;819;820;832;833;840;856
348;355;361;366;371;399;402;417;425;440;450;460;464;471;487;492;504;510;533;543;550;558;560;561;565;569;570;588;597;606;608;615;619;626;638;641;642;663;664;665;673;675;687;697;699;708;710;717;720;726;727;731;741;751;753;760;764;777;779;791;798;804;814;821;822;826;836;844;845;852
64;71;74;85;94;97;106;109;111;114;121;126;129;132;141;145;154;156;159;160;161;164;167;169;172;174;176;182;185;192;195;199;209;212;219;222;225;230;233;235;243;251;254;259;262;264;268;272;281;287;293;297;308;313;318;320;332;345;351;354;365;369;370;383;387;389;394;398;401;431;439;456;459;462;470;476;486;503;509;522;549;557;564;583;593;605;625;637;649;662;678;701;714;735;745;754;765;784;793;801;802;812
396;400;405;409;446;453;469;481;484;498;501;530;539;548;556;604;614;624;635;636;647;648;661;670;684;685;704;705;716;737;738;747;755;766;785
758
696
358;375;392;395;404;406;407;412;420;426;435;445;458;461;466;475;479;482;485;490;494;497;499;502;508;511;512;513;514;516;518;521;525;527;529;532;536;537;541;542;545;546;554;566;573;580;582;590;601;611;612;621;622;631;632;633;643;644;645;655;658;659;679;693
384;390;403;432;457;465;472;477;488;493;496;505;515;517;523;528;538;547;555;574;584;594;595;610
578
534;540
531;535
408;413;427;434;452;468;474;480;491;495;500;507;519;520;526
419
385;391
381
374
342;349;367;372
221;232;237;240;244;248;255;269;277;284;288;290;294;296;310;312;319;323;327;334;337;344
16;22;31;44;49;52;55;60;62;63;65;68;73;76;79;82;87;92;95;100;103;112;116;119;123;125;134;137;140;143;149;153;158;168;171;181;184;190;198;202;204;205;215;217;218;224;229;245;249;257;260;263;270;273;275;278;289;291;295;298;301;303;306;309;311;322;326;330;331
276
261
187
58
18;23;32;36;48;51;56
46
21;26;35;39
3;5;7;13;28
6;8;15;20;25
4;11
2
0;1
