197;201;205;212;214;223;229;233;239;244;261;269;303;332;381;399;402;409;410;419;420;428;440;453;460;470
114;132;140;144;153;159;168;172;182;193;210;219;231;237;249;255;260;267;274;321;331;345;365;370;395;401;414;425;432;433;444;455;456
125;130;135;139;148;151;158;162;167;175;178;181;194;198;203;208;217;225;236;248;259;282;292;309;320;330;344;354;364;369;375;376;382;392;394;403;412;413;430
164;170;173;184;188;189;196;200;204;211;213;220;222;232;238;243;250;268;293;310;322;333;346;347;371
68;71;73;81;84;87;89;92;93;101;112;118;124;128;143;146;155;161;202;206;215;227;235;242;247;266;273;291;302;319;342;352;363
149;152;157;163;187;192;199;209;218;221;226;234;240;251;262;277;297;312;334;348;355
57;61;66;69;76;77;80;82;90;94;97;119;129;134;138;142;147;150;156;166;171;177;186;191;207;216;224;230;241;246;253;254;256;257;263;264;278;280;286;287;290
275
228
62;64;67;70;75;78;83;86;88;91;100;111;117;137;145;154;160;165;174;176;180;185;190
95;99;104;107;116;120;123;126;127;133;136;141
113
103;109
106;108
102;105
98
52;60;72;74;79;85;96
51;56;65
63
53;55;58
48;50
13;49
0;1;2;4;5;7;10;14;15;16;17;18;19;20;21;22;23;24;25;26;27;28;29;30;31;32;33;34;35;36;37;38;39;40;41;42;43;44;45;46;47
9;12
3
