290;305;320;340;347;365;372;382;386;392;396;405;411;416;426;439;451;458;475;492;502;520;533;543;552;559;570;579;598;621;642;659;677;694;699;727;731;737;747;754;800;822;826;827;831;836;837;841;845
262;267;273;279;292;299;314;328;337;342;360;379;383;397;401;417;460;463;470;493;503;516;532;545;553;571;581;588;608;632;641;651;658;676;684;698;708;721;730;745;746;786;801;810;824;829;834
286;291;294;298;301;306;309;323;326;341;344;350;352;356;358;362;366;374;406;414;419;434;436;444;448;461;462;468;474;480;487;501;513;519;531;536;544;554;560;561;572;580;587;589;609;620;622;631;649;652;670;672;685;690;695;706;707;720;724;725;733;734;740;741;759;767;779;791;794;802;804;807;811;813;814;815;820
477;482;505;510;523;539;547;564;575;593;600;624;644;667;673;678;691;709;716;726;729;735;736;742;743;744;750;751;752;762;769;771;772;784;785;799;808;809;817
266;278;307;321;327;336;355;359;367;378;387;393;407;412;421;427;440;445;452;459;469;488;506;515;527;534;541;558;650;657;665;671;683;702;717;723;732;738;755;757;764;774;787;790
722
293;300;308;316;322;330;351;369;380;388;394;399;402;418;423;429;447;486;500;514;535;542;551;569;586;605;618;628;638;647;674;680
666
9;12;16;21;34;37;42;47;50;56;59;70;80;84;92;96;99;102;106;109;115;118;120;123;130;133;138;141;146;147;150;153;154;157;160;163;170;183;186;190;198;202;212;216;218;227;232;239;243;246;251;256;260;264;270;281;287;302;317;331;338;345;348;357;415;424;430;454;464;471;494;497;508;517;518;521;522;530;538;546;563;574;592;599;611;612;623;634;643
315;329;343;361;368;373;398;408;413;422;428;435;446;453;467;479;485;507;528;549;577;615;626
297;313;319;325;335;346;354;364;371;377;391;410;433;443;457;472
277;285
280
255;269;274
272
8;11;259;263;268
249;254;258
250
241;242;245
0;1;2;3;4;5;6;7;10;13;23;31;36;40;49;61;72;78;82;85;88;91;97;101;104;107;117;119;122;125;128;131;135;139;144;152;156;166;168;172;173;176;178;182;184;193;196;200;205;207;211;215;217;229;235;237;238
24
