233;243;256;265;278;292;302;306;316;322;324;330;335;342;346;354;358;362;366;372;408;416;425;444;449;454;461;471;480;491;505;514;522;532;544;551;559;564;575;585;594;602;631;651;656;657;658;659;662;663;665;667;670;671;672;674;677;680;681;682
204;213;231;242;291;299;303;308;318;327;329;334;338;341;351;353;361;371;383;391;400;415;424;430;438;448;453;460;467;472;476;481;490;499;513;531;550;558;569;593;601;607;617;623;638;646
31;39;40;47;50;52;56;61;64;72;76;79;84;99;102;105;108;111;114;126;136;139;149;153;156;159;164;170;175;180;211;220;228;246;253;275;282;288;300;307;309;320;368;385;393;402;417;432;450;466;473;482;493;525;536;554;562;565;571;581;586;587;595;603;608;614;619;620;625;632;641
249;257;266;279;285;293;312;317;319;331;336;339;347;352;355;367;376;384;392;401;409;426;439;445;455;468;477;486;504;512;521;529;530;542;543;556;567;568;572;577;580;582;584;589;592;600;606
181;185;189;230;241;248;255;264;277;284;298;311;326;333;345;350;375;382;390;399;423;443;447;452;463;465;469;474;478;483;487;488;489;494;495;497;498;507;509;510;517;518;527;537;540;541;548
1;2;8;11;15;18;20;24;28;29;36;49;57;65;73;81;86;89;90;91;97;100;106;109;116;120;122;127;132;133;142;148;155;163;169;188;194;195;203;221;240;247;263;290;297;301;314;323;349;365;374;398;407;414;446;457;458;462;464;470;475;479;484;485;492;506;534
305;459
431
332;337;340;344;348;357;360;381;389;406;413
5;10;13;14;23;27;32;35;41;45;48;53;55;59;67;70;80;85;88;96;103;112;115;119;123;130;134;137;140;143;145;150;165;171;184;212;229;239;254;262;276;283;289;304;310;313;321;325;328;343;356;359;363;377;386;394
315
34;38;43;44;46;60;63;69;71;75;78;83;93;95;98;107;113;118;125;129;138;141;144;151;166;207;224;258;267;280
214;223;234
172;182;186;197;206
190
176
4;7;9;12;16;21;25;30;33;37;42;51;54;58;62;66;68;74;77;82;87;92;94;101;104;110;117;121;124;128;131;135;147;154;158;161;162
6;17;19;22;26
3
0
