328;331;336;369;375;382;394;401;405;409;421;435;453;460;465;469;476;482;485;493;498;502;505;507;520;529;531;541;544;561;585;603;614;629;646;667;673;684;690;693;716;725;742;753;802;806;815;824
165;169;179;187;189;200;207;210;216;217;219;221;222;223;224;227;229;231;241;242;245;250;251;254;256;260;262;265;266;270;274;276;279;282;284;286;293;294;295;296;299;301;302;306;308;310;315;316;320;322;323;326;333;340;342;349;354;357;365;371;384;385;389;396;397;400;406;414;417;418;422;425;426;427;429;430;434;436;448;449;452;454;455;457;461;466;470;471;474;479;483;486;488;490;494;495;499;500;501;506;511;513;517;518;522;525;526;530;533;534;539;542;543;546;547;552;555;556;559;560;570;571;577;578;584;592;593;601;602;608;613;622;623;631;638;639;644;645;653;654;677;678;682;683;688;689;691;692;698;701;706;712;713;749;780;787;800
167;172;176;201;205;211;214;226;233;234;237;240;243;247;252;257;264;269;281;291;298;300;304;309;312;313;319;325;329;337;355;372;378;390;411;415;428;432;438;441;444;450;459;463;467;472;477;492;497;504;510;515;523;527;535;540;548;569;583;600;612;628;655;660;679;685;694;695;696;697;700;704;709;710;711;718;719;721;726;727;728;729;735;744;746;747;756;757;764;775;785
213;218;225;232;236;239;246;249;255;259;263;268;271;272;273;277;280;283;287;288;290;297;303;307;318;324;332;338;341;345;356;377;386;398;402;410;419;423;431;437;440;443;456;458;462;475;480;487;496;503;512;514;519;528;536;549;558;565;575;576;581;582;591;598;607;611;615;618;627;637;643;648;659;662;666;668;674;686
339;343;362;404;408;413;416;420;424;433;439;442;445;447;451;464;468;473;478;481;484;489;491;508;516;521;532;538;550;554;563;573;579;587;596
568
146;152;566
509
446
327;330;334;346;348;350;352;358;361;366;367;368;373;380;387;391;392;399;403;407;412
344
335
6;7;8;13;16;21;26;32;42;52;59;63;76;77;80;82;83;85;88;94;97;100;103;104;105;109;111;113;115;117;118;119;121;122;124;126;128;129;131;133;134;135;137;143;150;157;162;166;170;188;195;199;203;212;215;220;228;230;235;238;244;248;253;258;261;267;275;278;285;289;292;305;311;314;317;321
180;184;204;208
155;175
151;158;171
138;142;149;161
140;144
22;43;56;60;64;67;71;75;78;79;81;84;86;87;89;90;91;92;93;95;96;98;99;101;102;106;107;108;110;112;114;116;120;123;125;127;130;132;136
19;20;24;31;34;36;40;48;50;55;57;69;72;73
12;15;18;25;45;51
4;9;11;14;17
1;2;5;10
3
0
