610;618;633;643;651;660;699;715;725;729;746;762;781;786;811;815;819;822;826;832;842;851;861;868;877;912;923;944;972;981;1014;1038;1054;1074;1080;1086;1095;1106;1118;1125;1133;1162;1164;1170;1178;1179;1188;1195;1199;1200;1206
287;293;306;311;338;341;346;351;355;361;365;370;376;385;391;413;418;424;431;434;442;445;453;460;465;470;478;483;490;492;499;511;516;521;522;525;532;536;539;547;552;556;559;564;568;594;600;604;609;616;631;648;658;666;678;688;696;736;759;778;793;802;837;848;866;875;897;932;943;958;959;969;971;978;980;988;995;1003;1011;1020;1021;1025;1027;1030;1034;1037;1043;1051;1052;1060;1068;1069;1071;1076;1085;1087;1091;1092;1094;1100;1113;1127;1147;1154;1161;1167;1173;1183;1190
741;757;766;783;790;799;817;827;833;839;852;862;879;899;913;934;945;955;962;973;983;1001;1005;1016;1024;1032;1033;1042;1049;1050;1059;1067;1075;1077;1079;1081;1083;1089;1093;1098;1099;1117;1119;1123;1126;1134;1141;1144;1151;1163;1168;1181
1132
16;22;26;31;32;40;43;49;55;60;68;77;96;99;104;108;112;118;123;126;129;137;138;142;144;150;159;162;165;168;172;177;194;200;203;206;212;216;219;227;245;248;261;269;283;285;289;310;324;328;336;340;345;350;359;363;371;373;384;397;400;436;459;469;477;482;496;502;509;515;533;538;562;573;586;592;603;614;622;626;647;665;677;686;694;705;714;754;776;784;791;800;808;829;836;841;847;858;873;895;909;910;922;970;979;989;996;1002;1009;1010;1036;1044;1045;1053;1062
569;576;583;587;595;601;605;617;623;629;642;650;667;698;707;724;737;761;771;780;795;803;814;818;830;859;867;876;886;911;933;960;990;1012;1013;1022;1028;1029;1031;1040;1041;1046;1048
292;295;298;302;319;325;329;331;334;337;354;360;364;369;375;380;382;387;390;395;403;409;412;416;417;427;430;441;444;449;452;464;474;489;497;503;510;520;524;535;543;551;558;563;575;581;608;635;641;672;687;695;706;735;755;769;777;792;801;809;824;828;835;854;856;891;904;916;917;918;928;929;930;937;938;939;940;949;951;952;974;976;984;986;987;993;999;1000;1007;1008;1018;1019;1023
874;885;896;921
35;38;45;51;53;58;62;65;75;78;82;85;89;92;95;97;110;116;119;122;125;127;132;135;143;145;149;152;157;170;175;180;181;184;187;196;198;202;205;210;222;228;230;232;234;237;241;247;249;260;264;268;270;273;288;294;297;300;304;308;314;317;322;327;333;339;344;353;358;362;367;379;401;411;415;420;423;426;429;437;440;448;451;457;468;473;476;481;486;491;495;506;508;514;519;527;531;542;546;550;567;574;580;593;612;621;670;684;693;743;768;775;807;843;844;863;870;880;888;889;900;914
871;883;908
578;589;597;607;611;620;625;630;634;637;653;680;700;708;763;772;782;788;797;805;813;820;825;831;857;865;882;907
902
606;619;624;652;661;679;689;716;730;747;787;796;804;812;816;821;850
845
37;41;50;52;57;61;64;67;72;80;86;88;91;94;103;105;109;111;121;124;131;134;136;139;140;148;151;156;161;166;174;179;183;186;192;201;204;214;217;224;238;244;250;253;257;274;281;282;291;301;305;309;315;318;323;349;368;374;389;394;398;402;408;419;433;443;455;462;471;475;480;493;500;513;518;534;579;585;591;599;615;627;638;644;654;668;675;682;691;703;719;720;727;731;733;750
10;13;19;25;28;33;39;42;46;47;48;54;59;63;66;70;73;76;81;83;90;93;98;101;107;114;117;128;141;146;154;158;164;167;171;176;188;190;193;199;208;211;215;218;225;236;243;246;252;256;267;272;277;280;284;296;313;326;330;343;348;352;357;372;378;386;388;393;396;404;405;407;410;414;422;435;439;447;450;456;463;467;472;485;488;494;498;501;505;530;537;541;545;549;555;561;566;572;584;590;613;645;655;662;676;711;732
565;570;577;588;596;602
598
582
560;571
235;240;242;251;255;259;263;266;271;276;279;286;290;299;303;307;312;316;320;332;335;342;347;356;366;377;381;383;392;399;406;421;425;428;432;438;446;454;461;466;479;484;487;504;507;512;517;523;526;528;540;544;548;553;554;557
529
458
321
278
254;258;262;265;275
239
11;14;17;20;23;29;34;36;44;56;69;71;74;79;84;87;100;102;106;113;115;120;130;133;147;153;155;160;163;169;173;178;182;185;189;191;195;197;207;209;213;220;221;223;226;229;231;233
12;15;18;21;24;27;30
2;4;6;9
5;7;8
3
0;1
