242;249;256;266;279;290;299;317;327;334;338;355;362;367;401;406;412;416;429;434;440;448;461;468;489;490;492;494;497;498;500;503;505;506;510;511;514;515
325;336;361;366;396;411;425;430;444;450;458;459;466;481;482
49;52;67;72;79;92;120;125;128;132;149;159;164;170;185;197;205;217;222;233;252;258;267;292;308;330;335;347;352;359;365;374;381;386;398;417;421;437;438;442;443;449;454;463;464;471;477;479
238;243;250;257;273;300;318;328;339;342;345;350;356;389;391;397;407;413;420;435;436;441;452;470;476
69;76;84;93;96;101;109;117;121;136;140;146;162;172;199;206;214;220;223;228;247;254;262;271;293;302;319;343;348;354;376;388;395;400;404;410;415;419;423;424;428;439;446
405
68;75;80;83;89;95;100;108;111;126;130;135;139;156;161;166;177;181;189;198;212;218;226;234;239;244;251;261;286;303;321;340;346;351;357;371;379
48;58;64;71;82;88;91;98;104;113;116;124;154;169;179;183;187;190;194;200;210;213;236;246;268;274;280;284;294;304;310;358;373
368
277;288;298;307;311;322
65;70;74;81;86;102;106;110;114;122;141;148;152;157;163;186;192;195;202;207;219;227;235;240;245;263;272;278;283;289;315
221;230;241;248;264
216;225;231
73;77;85;90;97;105;112;127;131;137;144;147;151;167;175;184;193;196;203;208
118
57;62
61
53;56;60
55
51
50
47
42;45
40;41;44
0;2;3;4;6;8;10;12;13;14;17;18;19;20;21;22;23;24;25;26;27;28;29;30;31;32;33;34;35;36;37;38;39
