358;375;380;387;390;395;397;401;406;411;418;430;437;447;457;467;481;494;499;537;546;562;569;571;576;598;609;618;644;652;657;665;674;677;678;680;681;682;685;688;690;694
10;14;18;20;23;26;30;35;38;40;43;49;58;64;69;78;83;89;92;95;102;114;117;121;125;129;132;138;142;146;151;154;161;167;174;177;181;191;194;199;203;215;216;224;227;231;234;238;246;258;261;276;286;327;334;341;349;356;366;373;382;384;392;396;399;414;421;434;441;464;470;488;498;513;523;536;553;558;568;570;575;580;583;588;590;594;597;604;608;617;622;625;631;640;651;656;660;663
574;578;579;585;586;591;600;602;611;612;627;634
7;8;12;15;21;27;31;41;46;50;53;56;71;75;79;90;98;103;106;109;115;130;135;143;147;148;152;155;158;162;165;168;179;182;184;187;192;195;197;200;204;207;209;212;218;221;229;233;236;241;253;257;271;280;299;318;365;377;388;391;409;415;442;444;455;465;485;487;489;492;500;504;509;516;517;518;524;526;538;540;547;554;563;567;572
300;310;328;335;342;357;360;367;378;385;386;400;410;416;422;428;435;445;456;466;471;476;482;490;514;545;566
561
361;368;374;379;383;389;393;394;403;405;417;423;429;436;446;477;506;519
495
25;29;34;37;39;57;63;66;68;72;77;82;86;87;91;94;97;101;108;111;113;116;120;128;134;137;140;141;144;149;153;156;159;163;166;169;172;175;180;185;188;208;210;213;222;223;226;230;237;254;285;292;309;319;326;348;355;372;381;398;402;407;412;419;420;431;438;440;448;449;453;458;459;463;468;483;484;486;491
4;6;9;11;16;19;24;28;32;42;44;47;51;54;59;61;70;73;76;81;84;99;104;107;110;112;118;122;126;131;139;170;183;189;196;201;205;225;228;240;243;245;249;252;263;270;291;296;304;305;306;315;316;323;338;339;363;370;376
311;343
332
294;302;313;320;330
293;301;329
325
272;282;288
281
33;36;45;48;52;55;60;62;65;67;74;80;85;88;93;96;100;105;119;123;127;133;136;145;150;157;160;164;171;173;176;178;186;190;193;198;202;206;211;214;217;219;220;235;239;242;244;247;248;251;255;259;262;264;267
250
232
124
22
13;17
2;3;5
0;1
