275;280;285;307;312;323;347;357;363;385;465;477;550;571;581;593;607;613;669;678;690;695;702;717;722;735;770;779;798;804;826;833;843;850;851;856;864;868;870;875
225;236;253;266;269;277;291;299;350;388;405;413;418;443;461;475;485;515;530;546;568;580;604;632;646;658;667;676;693;709;724;746;781;789;800;813;829;830;835;845;853;857;860
42;46;52;57;61;64;69;80;86;91;100;105;116;119;129;133;141;144;155;162;165;184;191;198;202;207;214;218;238;248;272;293;302;315;325;331;340;362;377;383;400;411;415;431;462;508;531;540;547;557;605;611;620;633;659;677;683;700;705;720;725;730;739;753;754;764;782;794;810;818;825;849
223;229;240;246;258;263;281;287;289;296;310;318;322;327;334;336;342;348;355;371;379;386;391;393;401;402;432;433;438;446;456;466;467;500;512;521;535;541;542;551;560;570;572;592;594;612;621;622;634;635;648;660;668;671;686;689;692;694;698;703;706;707;708;711;712;716;719;729;734;736;737;743;745;752;763;778;788;812;821;827;828;834
54;60;65;71;75;78;93;98;102;113;120;127;145;147;151;163;171;176;179;183;186;220;227;231;232;237;242;243;252;265;271;283;286;290;292;301;308;314;321;329;339;352;361;364;369;395;404;412;426;434;439;447;448;468;478;491;492;501;513;522;524;525;537;538;543;552;554;561;564;569;574;583;596;606;623;636;637;650;662;663;670;680;685;697;701;718;723;728;744;761;771;780;799;811;820
279;284;288;297;306;311;328;335;341;346;356;384;392;419;425;455;464;498;510;520;533;548;559;647;661;679;684;691;696;704;710;714;715;721;726;727;740;742;750;759;768;796;803
618;644
276;282;298;313;319;324;337;343;349;372;387;394;403;417;424;445;499;511;534;549;579;590;603;610;619
563;573;582;595
45;51;56;66;68;79;85;95;109;112;128;132;153;159;161;173;177;197;244;250;257;262;267;274;304;326;333;345;370;416;430;444;489;506;507;523;553;562
536
50;55;58;72;76;83;89;103;107;114;117;121;123;136;139;148;158;168;180;187;192;205;211;216;221;233;239;249;254;259;270;300;320;351;359;366;373;374;381;397;407;408;414;422;450;470;480
399
247;264
241
230
224
219
215
20;24;27;32;34;38;47;49;70;74;77;82;88;97;126;130;135;138;146;150;157;160;167;170;175;182;189;194;196;200;204;209;210
190
11;13;15;18;25;30;33;36;40
12;17;21;28;39
0;1;2;3;5;8;9
