374;380;390;395;400;402;405;420;439;456;462;465;472;480;496;551;568;581;594;607;624;629;631;633;634;636;637;642
141;166;197;201;206;207;211;232;238;251;261;277;281;289;309;315;328;347;354;356;371;375;381;388;391;396;403;410;416;428;440;445;454;460;470;477;486;493;494;505;506;518;534;548;564;577;578;589;600;618;630
379;389;394;399;409;415;419;438;444;455;488;508;522;537;567;579;580;593;606;615;623;628
386;393;401;408;418;437;443;449;461;471;479;487;495;507;520;521;538;552;595;609
569;582;608
223;230;237;249;259;265;275;284;288;290;300;302;306;310;313;318;320;322;330;333;337;340;349;358;368;377;383;392;412;414;423;447;452;458;468;483;490;500;509;512;513;523;526;527;539;540;557;574;584;596
260;267;272;285;294;297;298;308;317;319;321;324;327;332;338;342;345;352;355;357;360;362;365;378;384;385;398;404;407;427;431;436;453;459;476;491;501;504;517;528;532;542;546;558;562
514
9;11;12;17;21;25;29;32;34;42;45;48;50;53;60;62;66;68;71;76;79;83;87;89;94;97;100;110;113;120;122;126;127;130;132;134;143;151;164;178;186;192;200;214;222;236;248;258;279;283;287;292;295;299;304;305;312;325;329;336;339;343;348;351;361;364;367;373;376;382;397;406;411;417;421;422;425;426;433;434;435;441;464;474
448
430
413
266;276;280;291;293;296;301;303;307;311;314;316;323;326;331;334;335;341;344;346;350;353;359;363;366;369;370;372
18;23;27;31;33;36;38;41;44;46;51;54;56;58;64;72;78;81;85;88;90;92;96;102;104;105;109;112;114;117;125;128;135;137;140;152;163;173;176;185;196;202;204;208;209;212;213;217;218;226;234;235;240;241;242;246;254;255;256;263;270;286
215;219;228;231;243;250
5;6;8;13;15;22;26;30;35;40;43;57;61;63;69;74;77;80;84;91;95;98;99;101;103;107;116;119;123;124;139;146;150;156;168;177;191;198;199;203;205;210
144;157;180;182;188;193
190
10;14;16;19;20;24;28;37;39;47;49;55;59;65;67;70;73;75;82;86;93;106;111;115;118;121;129;131;133;136
108
52
7
0;1;2;3;4
