175;192;203;209;216;221;227;236;246;253;256;260;265;269;278;281;286;288;290;294;298;301;306;311;326;338;345;350;356;358;362;368;384;395;406;443;461;465;470;476;489;505;515;519;529;539;546;552;557;561;584;603;623;635;644;650;654;659;664;667;670;680;693;700;724;731;732;738;743;744;745;750;751;752;766;767;768;777;785;786;791;799;801
385;444;456;462;466;490;495;506;516;541;549;563;595;604;611;625;631;645;656;662;665;673;678;685;691;706;715;728;736;739;741;747;748;756;762;774;783
373;386;409;420;463;471;483;517;542;550;554;564;572;579;586;596;605;632;641;646;651;663;666;669;690;714;720;729;730;737;742;757;775
727
407;419;429;455;477;482;500;511;523;540;553;562;571;585;594;610;624;640;655;661;668;671;672;676;677;683;684;688;689;697;698;703;704;705;711;712;713;718;723
719
60;65;69;70;75;86;89;94;97;100;104;107;110;113;116;118;124;130;132;136;145;148;152;156;159;166;170;171;176;182;187;190;193;199;212;218;223;229;233;238;241;243;247;251;254;257;264;266;271;275;279;283;291;295;299;303;307;320;322;323;331;335;339;353;365;377;381;392;416;427;441;449;454;460;469;488;494;499;510;522;528;535;538;544;545;547;548;551;555;559;560;565;566;567;568;569;573;574;575;576;580;581;582;588;589;590;598;599;600;608;609;613;617;618;619;629;634;648
593
13;18;22;30;37;52;58;63;72;77;79;81;82;85;88;90;95;102;111;115;117;119;122;126;128;134;141;162;167;172;180;183;200;205;207;213;224;230;234;248;258;267;272;276;289;292;296;304;324;328;336;342;347;352;361;366;372;378;382;393;400;418;459;464;474;479;485;497;507;514;521;525;531;534;543
530
512
450
168;174;178;185;189;195;197;202;208;210;215;226;232;235;239;245;255;268;273;277;280;285;305;309;310;315;318;327;330;333;346;351;357;375;403;413;425;426;432
169;179;181;186;198;204;211;217;222;228;237;240;250;261;263;270;282;302;312;314;316;319;329;341;344;349;354;355;369
160;163;165
164
15;17;26;43;54;66;71;76;78;84;87;92;98;101;106;108;114;121;125;135;138;143;146;149;153;154;157
62
36;42;50;53;61
41;47
12;21;24;29
4;5;7;11;16;20;23
9
6
0;1;2;3
