432;440;447;452;455;457;463;468;471;473;482;491;495;500;503;509;522;528;552;564;573;579;586;597;604;609;630;637;649;662;664;682;689;693;698;699;705;706;712;714;715;722;724;727;728;731;732;735
429;430;433;437;441;449;454;458;462;465;477;480;489;498;502;506;513;519;533;540;566;580;587;593;598;610;631;638;647;653;656;660;661;667;670;672;673;677;678;679;681;684;687;688;691;692;694;697;704;708;718
423;426;431;435;439;445;451;460;467;472;486;494;499;508;521;527;535;545;551;565;578;585;591;607;615;626;634;635;639;640;644;651
425;434;438;442;446;450;459;466;470;481;485;490;507;520;526;534;562;571;576;577;583;594;596;599;605;611;612;619;620
315;331;336;339;349;356;363;368;373;381;383;386;391;393;394;397;399;400;402;406;410;411;416;418;444;456;464;475;478;479;484;487;488;492;493;496;497;501;504;505;512;516;517;523;524;532;543;550;557;561;569
427
420;421;424
419
417
48;50;53;56;63;66;71;74;78;83;85;89;97;100;107;112;115;118;121;124;127;129;133;134;141;146;148;159;161;164;171;174;184;204;212;220;226;233;236;241;249;254;258;260;264;273;278;287;293;304;306;309;312;317;318;322;330;343;348;355;372;378;380;382;384;385;387;389;390;392;395;396;398;401;403;404;405;407;408;409;412;413;414;415
388
47;52;59;61;67;69;76;79;80;82;84;86;90;93;101;104;106;110;113;119;122;123;130;135;138;144;149;151;154;156;165;175;180;192;198;213;218;227;246;250;255;261;262;265;267;269;271;274;276;280;282;290;292;295;297;300;303;305;316;321;326;335;342;347;354;362;371
313;320;338;359;364
178;183;187;202;211;231;234;243;247;252;257;263;268;270;272;277;279;283;284;288;289;296;298;301;307;310
170;173;179;182;188;191;196;197;203;209;217;224;232;239;244;253
205
19;22;24;29;31;34;36;42;45;54;57;60;62;64;72;77;81;87;91;94;98;114;116;120;125;128;131;136;139;142;150;153;155;163;167;172
7;9;12;13;15;17;18;21;26;28;33;37;39;41;44
4;5;6;8;10;11;14
0;1;2;3
