410;413;418;425;435;443;458;481;486;491;495;501;506;518;533;537;542;547;554;559;568;574;582;587;597;603;609;614;657;682;694;711;732;740;748;756;760;762;764;765;768;769;771;774;776;780;782;785;786;787;789;796;797
30;36;44;48;63;67;75;78;80;84;88;93;95;104;106;108;113;119;123;145;152;155;161;179;185;187;202;208;211;222;232;238;242;244;252;255;259;283;289;302;318;329;439;445;454;482;497;502;520;524;528;543;549;561;576;583;589;592;599;617;622;646;712;744;751;761;763;766
17;23;724;738;747;753
396;400;403;412;417;421;429;434;438;449;452;457;467;474;485;490;494;505;512;517;546;558;567;573;581;634;645;655;656;683;713;726;733;741;742;743;750
444;450;453;459;463;468;475;487;492;496;507;519;523;527;534;548;555;560;575;588;591;596;602;608;618;624;625;647;649;658;659;661;670;671;673;684;685;687;696;697;699;715;716;717;728;729;734
710;731
19;32;47;53;60;64;68;72;85;90;94;100;114;117;125;129;137;139;144;154;160;164;174;178;188;198;200;206;210;231;236;240;243;247;260;268;286;292;304;312;321;355;364;381;397;399;401;404;407;409;419;422;424;428;431;448;456;460;466;469;471;476;480;488;489;499;511;516;525;529;532;535;536;538;541;544;550;562;566;569;577;580;584;593;598;604;610;626;627;638;676;690;703;730
383;386;395;398;406;416;427;437;442;447;462;465;473;479;500;510;515;526;531;540;545;557;565;572;579;586;600;606;621;665;705;722
3;5;8;9;14;25;28;39;51;61;69;70;77;97;102;111;121;135;140;147;150;166;169;173;184;191;197;205;221;227;237;248;253;258;264;269;274;279;287;293;299;305;331;350;373;382;389;392;415;432;436;440;451;455;461;464;472;477;483;498;503;508;513;521;551;563;570;578;590;594;612;633;643;644;654;669;681;693
611;616;632;642;667
613
553
408;414;430
391
387
379;384
22;31;37;41;46;49;52;55;59;74;79;81;83;89;99;109;116;120;126;131;133;138;142;146;157;165;168;172;177;193;196;213;217;226;235;246;257;263;272;277;282;288;301;306;309;314;315;323;326;334;343;345;352;357;361;362;370;371;375;376;380
2;4;7;15;18;26;29;35;40;57;58;62;66;71;73;82;87;92;98;103;105;107;112;118;122;124;127;132;141;143;149;163;167;182;190;195;204;215;224;229;241;250;254;262;266;271;276;281;294;322;333;366;367
220
194
180
170
136
128
20
6;10;12;16
1
0
