125;131;136;149;155;160;165;168;182;188;211;217;220;229;233;243;251;256;267;278;285;291;298;303;320;351;413;414;439;440;461;475;481;482;490;502;503;517;518;534;543;552;553;566;573;574;575;576;577;578;579;581;582;583;585;586;593;595;596;598
153;157;174;196;207;226;238;258;279;305;314;321;334;363;381;395;425;460;480;489;498;501;507;508;511;523;533;539;542;551;562;571
121;126;137;141;146;161;166;169;175;192;198;204;208;214;239;246;253;260;263;270;276;292;294;304;311;319;333;380;394;438;462;495;504;509;512;513;519;526;546;556;569
524
112;116;120;135;140;145;159;164;177;203;213;222;227;259;269;275;281;290;293;296;310;324;331;347;375;391;406;407;431;432;445;446;455;456;457;471;472;479
79;82;83;86;87;90;91;92;96;97;100;104;117;122;123;127;132;147;150;151;170;171;176;178;183;184;189;190;193;194;199;205;206;209;210;215;216;219;223;224;231;234;240;244;247;248;250;255;262;264;271;280;284;287;289;299;301;309;315;317;329;344;346;357;389;390;402;417;427;428
74;78;80;88;93;98;101;105;107;111;114;118;128;133;138;142;152;156;162;172;179;185;191;195;200;225;232;235;241;254;261;265;272;288;300;307;308;316;323;328;336;343;354;356;369;371;386;387;399;400;415
115;130;144;148;154;158;163;181;187;197;202;212;218;221;230;237;245;249;252;257;268;274;283;286;295;306;318;325;340;350;362;379;392;410;412
365;383
322;327;335;341;352;353
167;173;180;186;201;228;236;242;266;273;277;282;297;302;312;313;326
108;119;129;134;139;143
124
109;113
106;110
103
102
94;95;99
4;6;7;9;11;14;18;20;21;25;28;30;32;33;35;37;39;40;42;44;46;48;49;50;52;54;56;58;59;61;64;67;68;81;84;85;89
73;75;77
5;8;10;12;13;15;16;17;19;22;23;24;26;27;29;31;34;36;38;41;43;45;47;51;53;55;57;60;62;63;66;71
0;1;2;3
