# 13 out of 13 mutations
396 #trees
12 #edges, tree 1
0 1
0 12;16;17;27
0 10;13;21;30;32;35;36;37;38
0 52
1 8
1 23;24;25;33
1 7;9;11;15;18;19;20;34;39;40;45;47;51
8 2;3
8 14
12;16;17;27 48
10;13;21;30;32;35;36;37;38 41
52 4
12 #edges, tree 2
52 4
10;13;21;30;32;35;36;37;38 41
12;16;17;27 48
8 14
1 7;9;11;15;18;19;20;34;39;40;45;47;51
1 23;24;25;33
1 8
1 2;3
0 52
0 10;13;21;30;32;35;36;37;38
0 12;16;17;27
0 1
12 #edges, tree 3
0 1
0 2;3
0 12;16;17;27
0 10;13;21;30;32;35;36;37;38
0 52
1 8
1 23;24;25;33
1 7;9;11;15;18;19;20;34;39;40;45;47;51
8 14
12;16;17;27 48
10;13;21;30;32;35;36;37;38 41
52 4
12 #edges, tree 4
0 1
0 2;3
0 12;16;17;27
0 10;13;21;30;32;35;36;37;38
0 52
1 8
1 7;9;11;15;18;19;20;34;39;40;45;47;51
8 14
8 23;24;25;33
12;16;17;27 48
10;13;21;30;32;35;36;37;38 41
52 4
12 #edges, tree 5
52 4
10;13;21;30;32;35;36;37;38 41
12;16;17;27 48
8 14
1 7;9;11;15;18;19;20;34;39;40;45;47;51
1 8
0 52
0 10;13;21;30;32;35;36;37;38
0 23;24;25;33
0 12;16;17;27
0 2;3
0 1
12 #edges, tree 6
52 4
10;13;21;30;32;35;36;37;38 41
12;16;17;27 48
14 23;24;25;33
8 14
1 7;9;11;15;18;19;20;34;39;40;45;47;51
1 8
0 52
0 10;13;21;30;32;35;36;37;38
0 12;16;17;27
0 2;3
0 1
12 #edges, tree 7
52 4
10;13;21;30;32;35;36;37;38 41
12;16;17;27 48
8 14
1 7;9;11;15;18;19;20;34;39;40;45;47;51
1 8
1 2;3
0 52
0 10;13;21;30;32;35;36;37;38
0 23;24;25;33
0 12;16;17;27
0 1
12 #edges, tree 8
52 4
10;13;21;30;32;35;36;37;38 41
12;16;17;27 48
8 14
8 2;3
1 7;9;11;15;18;19;20;34;39;40;45;47;51
1 8
0 52
0 10;13;21;30;32;35;36;37;38
0 23;24;25;33
0 12;16;17;27
0 1
12 #edges, tree 9
0 1
0 12;16;17;27
0 10;13;21;30;32;35;36;37;38
0 52
1 8
1 7;9;11;15;18;19;20;34;39;40;45;47;51
8 2;3
8 14
8 23;24;25;33
12;16;17;27 48
10;13;21;30;32;35;36;37;38 41
52 4
12 #edges, tree 10
0 1
0 12;16;17;27
0 10;13;21;30;32;35;36;37;38
0 52
1 2;3
1 8
1 7;9;11;15;18;19;20;34;39;40;45;47;51
8 14
8 23;24;25;33
12;16;17;27 48
10;13;21;30;32;35;36;37;38 41
52 4
12 #edges, tree 11
0 1
0 12;16;17;27
0 10;13;21;30;32;35;36;37;38
0 52
1 2;3
1 8
1 7;9;11;15;18;19;20;34;39;40;45;47;51
8 14
14 23;24;25;33
12;16;17;27 48
10;13;21;30;32;35;36;37;38 41
52 4
12 #edges, tree 12
0 1
0 12;16;17;27
0 10;13;21;30;32;35;36;37;38
0 52
1 8
1 7;9;11;15;18;19;20;34;39;40;45;47;51
8 2;3
8 14
14 23;24;25;33
12;16;17;27 48
10;13;21;30;32;35;36;37;38 41
52 4
12 #edges, tree 13
0 1
0 2;3
0 4
0 12;16;17;27
0 23;24;25;33
0 10;13;21;30;32;35;36;37;38
0 52
1 8
1 7;9;11;15;18;19;20;34;39;40;45;47;51
8 14
12;16;17;27 48
10;13;21;30;32;35;36;37;38 41
12 #edges, tree 14
0 1
0 4
0 12;16;17;27
0 23;24;25;33
0 10;13;21;30;32;35;36;37;38
0 52
1 8
1 7;9;11;15;18;19;20;34;39;40;45;47;51
8 2;3
8 14
12;16;17;27 48
10;13;21;30;32;35;36;37;38 41
12 #edges, tree 15
0 1
0 4
0 12;16;17;27
0 23;24;25;33
0 10;13;21;30;32;35;36;37;38
0 52
1 2;3
1 8
1 7;9;11;15;18;19;20;34;39;40;45;47;51
8 14
12;16;17;27 48
10;13;21;30;32;35;36;37;38 41
12 #edges, tree 16
0 1
0 2;3
0 4
0 12;16;17;27
0 10;13;21;30;32;35;36;37;38
0 52
1 8
1 23;24;25;33
1 7;9;11;15;18;19;20;34;39;40;45;47;51
8 14
12;16;17;27 48
10;13;21;30;32;35;36;37;38 41
12 #edges, tree 17
10;13;21;30;32;35;36;37;38 41
12;16;17;27 48
8 23;24;25;33
8 14
1 7;9;11;15;18;19;20;34;39;40;45;47;51
1 8
0 52
0 10;13;21;30;32;35;36;37;38
0 12;16;17;27
0 4
0 2;3
0 1
12 #edges, tree 18
10;13;21;30;32;35;36;37;38 41
12;16;17;27 48
14 23;24;25;33
8 14
1 7;9;11;15;18;19;20;34;39;40;45;47;51
1 8
0 52
0 10;13;21;30;32;35;36;37;38
0 12;16;17;27
0 4
0 2;3
0 1
12 #edges, tree 19
10;13;21;30;32;35;36;37;38 41
12;16;17;27 48
8 14
8 2;3
1 7;9;11;15;18;19;20;34;39;40;45;47;51
1 23;24;25;33
1 8
0 52
0 10;13;21;30;32;35;36;37;38
0 12;16;17;27
0 4
0 1
12 #edges, tree 20
10;13;21;30;32;35;36;37;38 41
12;16;17;27 48
8 14
1 7;9;11;15;18;19;20;34;39;40;45;47;51
1 23;24;25;33
1 8
1 2;3
0 52
0 10;13;21;30;32;35;36;37;38
0 12;16;17;27
0 4
0 1
12 #edges, tree 21
10;13;21;30;32;35;36;37;38 41
12;16;17;27 48
8 23;24;25;33
8 14
8 2;3
1 7;9;11;15;18;19;20;34;39;40;45;47;51
1 8
0 52
0 10;13;21;30;32;35;36;37;38
0 12;16;17;27
0 4
0 1
12 #edges, tree 22
10;13;21;30;32;35;36;37;38 41
12;16;17;27 48
14 23;24;25;33
8 14
8 2;3
1 7;9;11;15;18;19;20;34;39;40;45;47;51
1 8
0 52
0 10;13;21;30;32;35;36;37;38
0 12;16;17;27
0 4
0 1
12 #edges, tree 23
10;13;21;30;32;35;36;37;38 41
12;16;17;27 48
8 23;24;25;33
8 14
1 7;9;11;15;18;19;20;34;39;40;45;47;51
1 8
1 2;3
0 52
0 10;13;21;30;32;35;36;37;38
0 12;16;17;27
0 4
0 1
12 #edges, tree 24
10;13;21;30;32;35;36;37;38 41
12;16;17;27 48
14 23;24;25;33
8 14
1 7;9;11;15;18;19;20;34;39;40;45;47;51
1 8
1 2;3
0 52
0 10;13;21;30;32;35;36;37;38
0 12;16;17;27
0 4
0 1
12 #edges, tree 25
10;13;21;30;32;35;36;37;38 41
12;16;17;27 48
8 14
1 7;9;11;15;18;19;20;34;39;40;45;47;51
1 23;24;25;33
1 8
1 4
1 2;3
0 52
0 10;13;21;30;32;35;36;37;38
0 12;16;17;27
0 1
12 #edges, tree 26
10;13;21;30;32;35;36;37;38 41
12;16;17;27 48
14 23;24;25;33
8 14
1 7;9;11;15;18;19;20;34;39;40;45;47;51
1 8
1 4
1 2;3
0 52
0 10;13;21;30;32;35;36;37;38
0 12;16;17;27
0 1
12 #edges, tree 27
10;13;21;30;32;35;36;37;38 41
12;16;17;27 48
8 23;24;25;33
8 14
1 7;9;11;15;18;19;20;34;39;40;45;47;51
1 8
1 4
1 2;3
0 52
0 10;13;21;30;32;35;36;37;38
0 12;16;17;27
0 1
12 #edges, tree 28
10;13;21;30;32;35;36;37;38 41
12;16;17;27 48
8 14
1 7;9;11;15;18;19;20;34;39;40;45;47;51
1 8
1 4
1 2;3
0 52
0 10;13;21;30;32;35;36;37;38
0 23;24;25;33
0 12;16;17;27
0 1
12 #edges, tree 29
10;13;21;30;32;35;36;37;38 41
12;16;17;27 48
8 14
8 2;3
1 7;9;11;15;18;19;20;34;39;40;45;47;51
1 23;24;25;33
1 8
1 4
0 52
0 10;13;21;30;32;35;36;37;38
0 12;16;17;27
0 1
12 #edges, tree 30
10;13;21;30;32;35;36;37;38 41
12;16;17;27 48
8 14
8 2;3
1 7;9;11;15;18;19;20;34;39;40;45;47;51
1 8
1 4
0 52
0 10;13;21;30;32;35;36;37;38
0 23;24;25;33
0 12;16;17;27
0 1
12 #edges, tree 31
10;13;21;30;32;35;36;37;38 41
12;16;17;27 48
14 23;24;25;33
8 14
8 2;3
1 7;9;11;15;18;19;20;34;39;40;45;47;51
1 8
1 4
0 52
0 10;13;21;30;32;35;36;37;38
0 12;16;17;27
0 1
12 #edges, tree 32
10;13;21;30;32;35;36;37;38 41
12;16;17;27 48
8 23;24;25;33
8 14
8 2;3
1 7;9;11;15;18;19;20;34;39;40;45;47;51
1 8
1 4
0 52
0 10;13;21;30;32;35;36;37;38
0 12;16;17;27
0 1
12 #edges, tree 33
0 1
0 2;3
0 12;16;17;27
0 10;13;21;30;32;35;36;37;38
0 52
1 4
1 8
1 7;9;11;15;18;19;20;34;39;40;45;47;51
8 14
14 23;24;25;33
12;16;17;27 48
10;13;21;30;32;35;36;37;38 41
12 #edges, tree 34
0 1
0 2;3
0 12;16;17;27
0 10;13;21;30;32;35;36;37;38
0 52
1 4
1 8
1 7;9;11;15;18;19;20;34;39;40;45;47;51
8 14
8 23;24;25;33
12;16;17;27 48
10;13;21;30;32;35;36;37;38 41
12 #edges, tree 35
0 1
0 2;3
0 12;16;17;27
0 23;24;25;33
0 10;13;21;30;32;35;36;37;38
0 52
1 4
1 8
1 7;9;11;15;18;19;20;34;39;40;45;47;51
8 14
12;16;17;27 48
10;13;21;30;32;35;36;37;38 41
12 #edges, tree 36
0 1
0 2;3
0 12;16;17;27
0 10;13;21;30;32;35;36;37;38
0 52
1 4
1 8
1 23;24;25;33
1 7;9;11;15;18;19;20;34;39;40;45;47;51
8 14
12;16;17;27 48
10;13;21;30;32;35;36;37;38 41
12 #edges, tree 37
0 1
0 12;16;17;27
0 23;24;25;33
0 10;13;21;30;32;35;36;37;38
0 52
1 2;3
1 8
1 7;9;11;15;18;19;20;34;39;40;45;47;51
8 4
8 14
12;16;17;27 48
10;13;21;30;32;35;36;37;38 41
12 #edges, tree 38
0 1
0 12;16;17;27
0 23;24;25;33
0 10;13;21;30;32;35;36;37;38
0 52
1 2;3
1 8
1 7;9;11;15;18;19;20;34;39;40;45;47;51
8 14
14 4
12;16;17;27 48
10;13;21;30;32;35;36;37;38 41
12 #edges, tree 39
0 1
0 12;16;17;27
0 23;24;25;33
0 10;13;21;30;32;35;36;37;38
0 52
1 2;3
1 8
1 7;9;11;15;18;19;20;34;39;40;45;47;51
2;3 4
8 14
12;16;17;27 48
10;13;21;30;32;35;36;37;38 41
12 #edges, tree 40
0 1
0 12;16;17;27
0 23;24;25;33
0 10;13;21;30;32;35;36;37;38
0 52
1 8
1 7;9;11;15;18;19;20;34;39;40;45;47;51
8 2;3
8 14
14 4
12;16;17;27 48
10;13;21;30;32;35;36;37;38 41
12 #edges, tree 41
0 1
0 12;16;17;27
0 23;24;25;33
0 10;13;21;30;32;35;36;37;38
0 52
1 8
1 7;9;11;15;18;19;20;34;39;40;45;47;51
8 2;3
8 4
8 14
12;16;17;27 48
10;13;21;30;32;35;36;37;38 41
12 #edges, tree 42
0 1
0 12;16;17;27
0 23;24;25;33
0 10;13;21;30;32;35;36;37;38
0 52
1 8
1 7;9;11;15;18;19;20;34;39;40;45;47;51
2;3 4
8 2;3
8 14
12;16;17;27 48
10;13;21;30;32;35;36;37;38 41
12 #edges, tree 43
0 1
0 2;3
0 12;16;17;27
0 23;24;25;33
0 10;13;21;30;32;35;36;37;38
0 52
1 8
1 7;9;11;15;18;19;20;34;39;40;45;47;51
8 4
8 14
12;16;17;27 48
10;13;21;30;32;35;36;37;38 41
12 #edges, tree 44
0 1
0 2;3
0 12;16;17;27
0 23;24;25;33
0 10;13;21;30;32;35;36;37;38
0 52
1 8
1 7;9;11;15;18;19;20;34;39;40;45;47;51
2;3 4
8 14
12;16;17;27 48
10;13;21;30;32;35;36;37;38 41
12 #edges, tree 45
0 1
0 2;3
0 12;16;17;27
0 23;24;25;33
0 10;13;21;30;32;35;36;37;38
0 52
1 8
1 7;9;11;15;18;19;20;34;39;40;45;47;51
8 14
14 4
12;16;17;27 48
10;13;21;30;32;35;36;37;38 41
12 #edges, tree 46
0 1
0 12;16;17;27
0 10;13;21;30;32;35;36;37;38
0 52
1 2;3
1 8
1 7;9;11;15;18;19;20;34;39;40;45;47;51
2;3 4
8 14
8 23;24;25;33
12;16;17;27 48
10;13;21;30;32;35;36;37;38 41
12 #edges, tree 47
0 1
0 12;16;17;27
0 10;13;21;30;32;35;36;37;38
0 52
1 2;3
1 8
1 23;24;25;33
1 7;9;11;15;18;19;20;34;39;40;45;47;51
2;3 4
8 14
12;16;17;27 48
10;13;21;30;32;35;36;37;38 41
12 #edges, tree 48
0 1
0 12;16;17;27
0 10;13;21;30;32;35;36;37;38
0 52
1 2;3
1 8
1 7;9;11;15;18;19;20;34;39;40;45;47;51
2;3 4
8 14
14 23;24;25;33
12;16;17;27 48
10;13;21;30;32;35;36;37;38 41
12 #edges, tree 49
0 1
0 12;16;17;27
0 10;13;21;30;32;35;36;37;38
0 52
1 2;3
1 8
1 7;9;11;15;18;19;20;34;39;40;45;47;51
8 4
8 14
8 23;24;25;33
12;16;17;27 48
10;13;21;30;32;35;36;37;38 41
12 #edges, tree 50
0 1
0 12;16;17;27
0 10;13;21;30;32;35;36;37;38
0 52
1 2;3
1 8
1 7;9;11;15;18;19;20;34;39;40;45;47;51
8 14
8 23;24;25;33
14 4
12;16;17;27 48
10;13;21;30;32;35;36;37;38 41
12 #edges, tree 51
0 1
0 12;16;17;27
0 10;13;21;30;32;35;36;37;38
0 52
1 2;3
1 8
1 23;24;25;33
1 7;9;11;15;18;19;20;34;39;40;45;47;51
8 4
8 14
12;16;17;27 48
10;13;21;30;32;35;36;37;38 41
12 #edges, tree 52
0 1
0 12;16;17;27
0 10;13;21;30;32;35;36;37;38
0 52
1 2;3
1 8
1 7;9;11;15;18;19;20;34;39;40;45;47;51
8 4
8 14
14 23;24;25;33
12;16;17;27 48
10;13;21;30;32;35;36;37;38 41
12 #edges, tree 53
0 1
0 12;16;17;27
0 10;13;21;30;32;35;36;37;38
0 52
1 2;3
1 8
1 23;24;25;33
1 7;9;11;15;18;19;20;34;39;40;45;47;51
8 14
14 4
12;16;17;27 48
10;13;21;30;32;35;36;37;38 41
12 #edges, tree 54
0 1
0 12;16;17;27
0 10;13;21;30;32;35;36;37;38
0 52
1 2;3
1 8
1 7;9;11;15;18;19;20;34;39;40;45;47;51
8 14
14 4
14 23;24;25;33
12;16;17;27 48
10;13;21;30;32;35;36;37;38 41
12 #edges, tree 55
0 1
0 2;3
0 12;16;17;27
0 10;13;21;30;32;35;36;37;38
0 52
1 8
1 23;24;25;33
1 7;9;11;15;18;19;20;34;39;40;45;47;51
8 14
14 4
12;16;17;27 48
10;13;21;30;32;35;36;37;38 41
12 #edges, tree 56
0 1
0 2;3
0 12;16;17;27
0 10;13;21;30;32;35;36;37;38
0 52
1 8
1 23;24;25;33
1 7;9;11;15;18;19;20;34;39;40;45;47;51
8 4
8 14
12;16;17;27 48
10;13;21;30;32;35;36;37;38 41
12 #edges, tree 57
0 1
0 2;3
0 12;16;17;27
0 10;13;21;30;32;35;36;37;38
0 52
1 8
1 23;24;25;33
1 7;9;11;15;18;19;20;34;39;40;45;47;51
2;3 4
8 14
12;16;17;27 48
10;13;21;30;32;35;36;37;38 41
12 #edges, tree 58
0 1
0 2;3
0 12;16;17;27
0 10;13;21;30;32;35;36;37;38
0 52
1 8
1 7;9;11;15;18;19;20;34;39;40;45;47;51
8 14
14 4
14 23;24;25;33
12;16;17;27 48
10;13;21;30;32;35;36;37;38 41
12 #edges, tree 59
0 1
0 2;3
0 12;16;17;27
0 10;13;21;30;32;35;36;37;38
0 52
1 8
1 7;9;11;15;18;19;20;34;39;40;45;47;51
8 14
8 23;24;25;33
14 4
12;16;17;27 48
10;13;21;30;32;35;36;37;38 41
12 #edges, tree 60
0 1
0 2;3
0 12;16;17;27
0 10;13;21;30;32;35;36;37;38
0 52
1 8
1 7;9;11;15;18;19;20;34;39;40;45;47;51
2;3 4
8 14
14 23;24;25;33
12;16;17;27 48
10;13;21;30;32;35;36;37;38 41
12 #edges, tree 61
0 1
0 2;3
0 12;16;17;27
0 10;13;21;30;32;35;36;37;38
0 52
1 8
1 7;9;11;15;18;19;20;34;39;40;45;47;51
8 4
8 14
14 23;24;25;33
12;16;17;27 48
10;13;21;30;32;35;36;37;38 41
12 #edges, tree 62
0 1
0 2;3
0 12;16;17;27
0 10;13;21;30;32;35;36;37;38
0 52
1 8
1 7;9;11;15;18;19;20;34;39;40;45;47;51
8 4
8 14
8 23;24;25;33
12;16;17;27 48
10;13;21;30;32;35;36;37;38 41
12 #edges, tree 63
0 1
0 2;3
0 12;16;17;27
0 10;13;21;30;32;35;36;37;38
0 52
1 8
1 7;9;11;15;18;19;20;34;39;40;45;47;51
2;3 4
8 14
8 23;24;25;33
12;16;17;27 48
10;13;21;30;32;35;36;37;38 41
12 #edges, tree 64
0 1
0 12;16;17;27
0 10;13;21;30;32;35;36;37;38
0 52
1 8
1 23;24;25;33
1 7;9;11;15;18;19;20;34;39;40;45;47;51
8 2;3
8 4
8 14
12;16;17;27 48
10;13;21;30;32;35;36;37;38 41
12 #edges, tree 65
10;13;21;30;32;35;36;37;38 41
12;16;17;27 48
8 23;24;25;33
8 14
8 4
8 2;3
1 7;9;11;15;18;19;20;34;39;40;45;47;51
1 8
0 52
0 10;13;21;30;32;35;36;37;38
0 12;16;17;27
0 1
12 #edges, tree 66
10;13;21;30;32;35;36;37;38 41
12;16;17;27 48
14 23;24;25;33
8 14
8 4
8 2;3
1 7;9;11;15;18;19;20;34;39;40;45;47;51
1 8
0 52
0 10;13;21;30;32;35;36;37;38
0 12;16;17;27
0 1
12 #edges, tree 67
10;13;21;30;32;35;36;37;38 41
12;16;17;27 48
8 23;24;25;33
8 14
8 2;3
2;3 4
1 7;9;11;15;18;19;20;34;39;40;45;47;51
1 8
0 52
0 10;13;21;30;32;35;36;37;38
0 12;16;17;27
0 1
12 #edges, tree 68
10;13;21;30;32;35;36;37;38 41
12;16;17;27 48
14 4
8 23;24;25;33
8 14
8 2;3
1 7;9;11;15;18;19;20;34;39;40;45;47;51
1 8
0 52
0 10;13;21;30;32;35;36;37;38
0 12;16;17;27
0 1
12 #edges, tree 69
10;13;21;30;32;35;36;37;38 41
12;16;17;27 48
14 4
8 14
8 2;3
1 7;9;11;15;18;19;20;34;39;40;45;47;51
1 23;24;25;33
1 8
0 52
0 10;13;21;30;32;35;36;37;38
0 12;16;17;27
0 1
12 #edges, tree 70
10;13;21;30;32;35;36;37;38 41
12;16;17;27 48
14 23;24;25;33
14 4
8 14
8 2;3
1 7;9;11;15;18;19;20;34;39;40;45;47;51
1 8
0 52
0 10;13;21;30;32;35;36;37;38
0 12;16;17;27
0 1
12 #edges, tree 71
10;13;21;30;32;35;36;37;38 41
12;16;17;27 48
8 14
8 2;3
2;3 4
1 7;9;11;15;18;19;20;34;39;40;45;47;51
1 23;24;25;33
1 8
0 52
0 10;13;21;30;32;35;36;37;38
0 12;16;17;27
0 1
12 #edges, tree 72
10;13;21;30;32;35;36;37;38 41
12;16;17;27 48
14 23;24;25;33
8 14
8 2;3
2;3 4
1 7;9;11;15;18;19;20;34;39;40;45;47;51
1 8
0 52
0 10;13;21;30;32;35;36;37;38
0 12;16;17;27
0 1
12 #edges, tree 73
10;13;21;30;32;35;36;37;38 41
12;16;17;27 48
8 14
4 52
1 7;9;11;15;18;19;20;34;39;40;45;47;51
1 8
0 10;13;21;30;32;35;36;37;38
0 23;24;25;33
0 12;16;17;27
0 4
0 2;3
0 1
12 #edges, tree 74
10;13;21;30;32;35;36;37;38 41
12;16;17;27 48
8 23;24;25;33
8 14
4 52
1 7;9;11;15;18;19;20;34;39;40;45;47;51
1 8
0 10;13;21;30;32;35;36;37;38
0 12;16;17;27
0 4
0 2;3
0 1
12 #edges, tree 75
10;13;21;30;32;35;36;37;38 41
12;16;17;27 48
14 23;24;25;33
8 14
4 52
1 7;9;11;15;18;19;20;34;39;40;45;47;51
1 8
0 10;13;21;30;32;35;36;37;38
0 12;16;17;27
0 4
0 2;3
0 1
12 #edges, tree 76
10;13;21;30;32;35;36;37;38 41
12;16;17;27 48
8 14
4 52
1 7;9;11;15;18;19;20;34;39;40;45;47;51
1 23;24;25;33
1 8
0 10;13;21;30;32;35;36;37;38
0 12;16;17;27
0 4
0 2;3
0 1
12 #edges, tree 77
10;13;21;30;32;35;36;37;38 41
12;16;17;27 48
8 14
4 52
1 7;9;11;15;18;19;20;34;39;40;45;47;51
1 8
1 2;3
0 10;13;21;30;32;35;36;37;38
0 23;24;25;33
0 12;16;17;27
0 4
0 1
12 #edges, tree 78
10;13;21;30;32;35;36;37;38 41
12;16;17;27 48
8 14
8 2;3
4 52
1 7;9;11;15;18;19;20;34;39;40;45;47;51
1 8
0 10;13;21;30;32;35;36;37;38
0 23;24;25;33
0 12;16;17;27
0 4
0 1
12 #edges, tree 79
10;13;21;30;32;35;36;37;38 41
12;16;17;27 48
8 14
4 52
1 7;9;11;15;18;19;20;34;39;40;45;47;51
1 23;24;25;33
1 8
1 2;3
0 10;13;21;30;32;35;36;37;38
0 12;16;17;27
0 4
0 1
12 #edges, tree 80
10;13;21;30;32;35;36;37;38 41
12;16;17;27 48
8 14
8 2;3
4 52
1 7;9;11;15;18;19;20;34;39;40;45;47;51
1 23;24;25;33
1 8
0 10;13;21;30;32;35;36;37;38
0 12;16;17;27
0 4
0 1
12 #edges, tree 81
10;13;21;30;32;35;36;37;38 41
12;16;17;27 48
14 23;24;25;33
8 14
8 2;3
4 52
1 7;9;11;15;18;19;20;34;39;40;45;47;51
1 8
0 10;13;21;30;32;35;36;37;38
0 12;16;17;27
0 4
0 1
12 #edges, tree 82
10;13;21;30;32;35;36;37;38 41
12;16;17;27 48
8 23;24;25;33
8 14
8 2;3
4 52
1 7;9;11;15;18;19;20;34;39;40;45;47;51
1 8
0 10;13;21;30;32;35;36;37;38
0 12;16;17;27
0 4
0 1
12 #edges, tree 83
10;13;21;30;32;35;36;37;38 41
12;16;17;27 48
8 23;24;25;33
8 14
4 52
1 7;9;11;15;18;19;20;34;39;40;45;47;51
1 8
1 2;3
0 10;13;21;30;32;35;36;37;38
0 12;16;17;27
0 4
0 1
12 #edges, tree 84
10;13;21;30;32;35;36;37;38 41
12;16;17;27 48
14 23;24;25;33
8 14
4 52
1 7;9;11;15;18;19;20;34;39;40;45;47;51
1 8
1 2;3
0 10;13;21;30;32;35;36;37;38
0 12;16;17;27
0 4
0 1
12 #edges, tree 85
10;13;21;30;32;35;36;37;38 41
12;16;17;27 48
8 52
8 23;24;25;33
8 14
1 7;9;11;15;18;19;20;34;39;40;45;47;51
1 8
0 10;13;21;30;32;35;36;37;38
0 12;16;17;27
0 4
0 2;3
0 1
12 #edges, tree 86
7;9;11;15;18;19;20;34;39;40;45;47;51 52
10;13;21;30;32;35;36;37;38 41
12;16;17;27 48
8 23;24;25;33
8 14
1 7;9;11;15;18;19;20;34;39;40;45;47;51
1 8
0 10;13;21;30;32;35;36;37;38
0 12;16;17;27
0 4
0 2;3
0 1
12 #edges, tree 87
10;13;21;30;32;35;36;37;38 41
12;16;17;27 48
8 23;24;25;33
8 14
1 52
1 7;9;11;15;18;19;20;34;39;40;45;47;51
1 8
0 10;13;21;30;32;35;36;37;38
0 12;16;17;27
0 4
0 2;3
0 1
12 #edges, tree 88
10;13;21;30;32;35;36;37;38 41
12;16;17;27 48
14 52
8 23;24;25;33
8 14
1 7;9;11;15;18;19;20;34;39;40;45;47;51
1 8
0 10;13;21;30;32;35;36;37;38
0 12;16;17;27
0 4
0 2;3
0 1
12 #edges, tree 89
10;13;21;30;32;35;36;37;38 41
12;16;17;27 48
14 52
8 14
1 7;9;11;15;18;19;20;34;39;40;45;47;51
1 8
0 10;13;21;30;32;35;36;37;38
0 23;24;25;33
0 12;16;17;27
0 4
0 2;3
0 1
12 #edges, tree 90
10;13;21;30;32;35;36;37;38 41
12;16;17;27 48
8 14
1 52
1 7;9;11;15;18;19;20;34;39;40;45;47;51
1 8
0 10;13;21;30;32;35;36;37;38
0 23;24;25;33
0 12;16;17;27
0 4
0 2;3
0 1
12 #edges, tree 91
10;13;21;30;32;35;36;37;38 41
12;16;17;27 48
8 52
8 14
1 7;9;11;15;18;19;20;34;39;40;45;47;51
1 8
0 10;13;21;30;32;35;36;37;38
0 23;24;25;33
0 12;16;17;27
0 4
0 2;3
0 1
12 #edges, tree 92
7;9;11;15;18;19;20;34;39;40;45;47;51 52
10;13;21;30;32;35;36;37;38 41
12;16;17;27 48
8 14
1 7;9;11;15;18;19;20;34;39;40;45;47;51
1 8
0 10;13;21;30;32;35;36;37;38
0 23;24;25;33
0 12;16;17;27
0 4
0 2;3
0 1
12 #edges, tree 93
10;13;21;30;32;35;36;37;38 41
12;16;17;27 48
8 14
1 52
1 7;9;11;15;18;19;20;34;39;40;45;47;51
1 23;24;25;33
1 8
0 10;13;21;30;32;35;36;37;38
0 12;16;17;27
0 4
0 2;3
0 1
12 #edges, tree 94
7;9;11;15;18;19;20;34;39;40;45;47;51 52
10;13;21;30;32;35;36;37;38 41
12;16;17;27 48
8 14
1 7;9;11;15;18;19;20;34;39;40;45;47;51
1 23;24;25;33
1 8
0 10;13;21;30;32;35;36;37;38
0 12;16;17;27
0 4
0 2;3
0 1
12 #edges, tree 95
10;13;21;30;32;35;36;37;38 41
12;16;17;27 48
14 52
8 14
1 7;9;11;15;18;19;20;34;39;40;45;47;51
1 23;24;25;33
1 8
0 10;13;21;30;32;35;36;37;38
0 12;16;17;27
0 4
0 2;3
0 1
12 #edges, tree 96
10;13;21;30;32;35;36;37;38 41
12;16;17;27 48
8 52
8 14
1 7;9;11;15;18;19;20;34;39;40;45;47;51
1 23;24;25;33
1 8
0 10;13;21;30;32;35;36;37;38
0 12;16;17;27
0 4
0 2;3
0 1
12 #edges, tree 97
10;13;21;30;32;35;36;37;38 41
12;16;17;27 48
14 52
14 23;24;25;33
8 14
1 7;9;11;15;18;19;20;34;39;40;45;47;51
1 8
0 10;13;21;30;32;35;36;37;38
0 12;16;17;27
0 4
0 2;3
0 1
12 #edges, tree 98
10;13;21;30;32;35;36;37;38 41
12;16;17;27 48
14 23;24;25;33
8 52
8 14
1 7;9;11;15;18;19;20;34;39;40;45;47;51
1 8
0 10;13;21;30;32;35;36;37;38
0 12;16;17;27
0 4
0 2;3
0 1
12 #edges, tree 99
7;9;11;15;18;19;20;34;39;40;45;47;51 52
10;13;21;30;32;35;36;37;38 41
12;16;17;27 48
14 23;24;25;33
8 14
1 7;9;11;15;18;19;20;34;39;40;45;47;51
1 8
0 10;13;21;30;32;35;36;37;38
0 12;16;17;27
0 4
0 2;3
0 1
12 #edges, tree 100
10;13;21;30;32;35;36;37;38 41
12;16;17;27 48
14 23;24;25;33
8 14
1 52
1 7;9;11;15;18;19;20;34;39;40;45;47;51
1 8
0 10;13;21;30;32;35;36;37;38
0 12;16;17;27
0 4
0 2;3
0 1
12 #edges, tree 101
10;13;21;30;32;35;36;37;38 41
12;16;17;27 48
14 52
8 14
1 7;9;11;15;18;19;20;34;39;40;45;47;51
1 8
1 2;3
0 10;13;21;30;32;35;36;37;38
0 23;24;25;33
0 12;16;17;27
0 4
0 1
12 #edges, tree 102
7;9;11;15;18;19;20;34;39;40;45;47;51 52
10;13;21;30;32;35;36;37;38 41
12;16;17;27 48
8 14
1 7;9;11;15;18;19;20;34;39;40;45;47;51
1 8
1 2;3
0 10;13;21;30;32;35;36;37;38
0 23;24;25;33
0 12;16;17;27
0 4
0 1
12 #edges, tree 103
10;13;21;30;32;35;36;37;38 41
12;16;17;27 48
8 14
1 52
1 7;9;11;15;18;19;20;34;39;40;45;47;51
1 8
1 2;3
0 10;13;21;30;32;35;36;37;38
0 23;24;25;33
0 12;16;17;27
0 4
0 1
12 #edges, tree 104
10;13;21;30;32;35;36;37;38 41
12;16;17;27 48
8 52
8 14
1 7;9;11;15;18;19;20;34;39;40;45;47;51
1 8
1 2;3
0 10;13;21;30;32;35;36;37;38
0 23;24;25;33
0 12;16;17;27
0 4
0 1
12 #edges, tree 105
10;13;21;30;32;35;36;37;38 41
12;16;17;27 48
8 52
8 14
8 2;3
1 7;9;11;15;18;19;20;34;39;40;45;47;51
1 8
0 10;13;21;30;32;35;36;37;38
0 23;24;25;33
0 12;16;17;27
0 4
0 1
12 #edges, tree 106
10;13;21;30;32;35;36;37;38 41
12;16;17;27 48
8 14
8 2;3
1 52
1 7;9;11;15;18;19;20;34;39;40;45;47;51
1 8
0 10;13;21;30;32;35;36;37;38
0 23;24;25;33
0 12;16;17;27
0 4
0 1
12 #edges, tree 107
10;13;21;30;32;35;36;37;38 41
12;16;17;27 48
14 52
8 14
8 2;3
1 7;9;11;15;18;19;20;34;39;40;45;47;51
1 8
0 10;13;21;30;32;35;36;37;38
0 23;24;25;33
0 12;16;17;27
0 4
0 1
12 #edges, tree 108
7;9;11;15;18;19;20;34;39;40;45;47;51 52
10;13;21;30;32;35;36;37;38 41
12;16;17;27 48
8 14
8 2;3
1 7;9;11;15;18;19;20;34;39;40;45;47;51
1 8
0 10;13;21;30;32;35;36;37;38
0 23;24;25;33
0 12;16;17;27
0 4
0 1
12 #edges, tree 109
10;13;21;30;32;35;36;37;38 41
12;16;17;27 48
8 14
1 52
1 7;9;11;15;18;19;20;34;39;40;45;47;51
1 23;24;25;33
1 8
1 2;3
0 10;13;21;30;32;35;36;37;38
0 12;16;17;27
0 4
0 1
12 #edges, tree 110
10;13;21;30;32;35;36;37;38 41
12;16;17;27 48
8 23;24;25;33
8 14
1 52
1 7;9;11;15;18;19;20;34;39;40;45;47;51
1 8
1 2;3
0 10;13;21;30;32;35;36;37;38
0 12;16;17;27
0 4
0 1
12 #edges, tree 111
10;13;21;30;32;35;36;37;38 41
12;16;17;27 48
14 23;24;25;33
8 14
1 52
1 7;9;11;15;18;19;20;34;39;40;45;47;51
1 8
1 2;3
0 10;13;21;30;32;35;36;37;38
0 12;16;17;27
0 4
0 1
12 #edges, tree 112
10;13;21;30;32;35;36;37;38 41
12;16;17;27 48
8 52
8 14
1 7;9;11;15;18;19;20;34;39;40;45;47;51
1 23;24;25;33
1 8
1 2;3
0 10;13;21;30;32;35;36;37;38
0 12;16;17;27
0 4
0 1
12 #edges, tree 113
10;13;21;30;32;35;36;37;38 41
12;16;17;27 48
14 52
8 14
1 7;9;11;15;18;19;20;34;39;40;45;47;51
1 23;24;25;33
1 8
1 2;3
0 10;13;21;30;32;35;36;37;38
0 12;16;17;27
0 4
0 1
12 #edges, tree 114
7;9;11;15;18;19;20;34;39;40;45;47;51 52
10;13;21;30;32;35;36;37;38 41
12;16;17;27 48
8 14
1 7;9;11;15;18;19;20;34;39;40;45;47;51
1 23;24;25;33
1 8
1 2;3
0 10;13;21;30;32;35;36;37;38
0 12;16;17;27
0 4
0 1
12 #edges, tree 115
10;13;21;30;32;35;36;37;38 41
12;16;17;27 48
8 52
8 23;24;25;33
8 14
1 7;9;11;15;18;19;20;34;39;40;45;47;51
1 8
1 2;3
0 10;13;21;30;32;35;36;37;38
0 12;16;17;27
0 4
0 1
12 #edges, tree 116
7;9;11;15;18;19;20;34;39;40;45;47;51 52
10;13;21;30;32;35;36;37;38 41
12;16;17;27 48
8 23;24;25;33
8 14
1 7;9;11;15;18;19;20;34;39;40;45;47;51
1 8
1 2;3
0 10;13;21;30;32;35;36;37;38
0 12;16;17;27
0 4
0 1
12 #edges, tree 117
10;13;21;30;32;35;36;37;38 41
12;16;17;27 48
14 52
8 23;24;25;33
8 14
1 7;9;11;15;18;19;20;34;39;40;45;47;51
1 8
1 2;3
0 10;13;21;30;32;35;36;37;38
0 12;16;17;27
0 4
0 1
12 #edges, tree 118
10;13;21;30;32;35;36;37;38 41
12;16;17;27 48
14 23;24;25;33
8 52
8 14
1 7;9;11;15;18;19;20;34;39;40;45;47;51
1 8
1 2;3
0 10;13;21;30;32;35;36;37;38
0 12;16;17;27
0 4
0 1
12 #edges, tree 119
7;9;11;15;18;19;20;34;39;40;45;47;51 52
10;13;21;30;32;35;36;37;38 41
12;16;17;27 48
14 23;24;25;33
8 14
1 7;9;11;15;18;19;20;34;39;40;45;47;51
1 8
1 2;3
0 10;13;21;30;32;35;36;37;38
0 12;16;17;27
0 4
0 1
12 #edges, tree 120
10;13;21;30;32;35;36;37;38 41
12;16;17;27 48
14 52
14 23;24;25;33
8 14
1 7;9;11;15;18;19;20;34;39;40;45;47;51
1 8
1 2;3
0 10;13;21;30;32;35;36;37;38
0 12;16;17;27
0 4
0 1
12 #edges, tree 121
10;13;21;30;32;35;36;37;38 41
12;16;17;27 48
8 14
8 2;3
1 52
1 7;9;11;15;18;19;20;34;39;40;45;47;51
1 23;24;25;33
1 8
0 10;13;21;30;32;35;36;37;38
0 12;16;17;27
0 4
0 1
12 #edges, tree 122
10;13;21;30;32;35;36;37;38 41
12;16;17;27 48
8 23;24;25;33
8 14
8 2;3
1 52
1 7;9;11;15;18;19;20;34;39;40;45;47;51
1 8
0 10;13;21;30;32;35;36;37;38
0 12;16;17;27
0 4
0 1
12 #edges, tree 123
10;13;21;30;32;35;36;37;38 41
12;16;17;27 48
14 23;24;25;33
8 14
8 2;3
1 52
1 7;9;11;15;18;19;20;34;39;40;45;47;51
1 8
0 10;13;21;30;32;35;36;37;38
0 12;16;17;27
0 4
0 1
12 #edges, tree 124
10;13;21;30;32;35;36;37;38 41
12;16;17;27 48
8 52
8 14
8 2;3
1 7;9;11;15;18;19;20;34;39;40;45;47;51
1 23;24;25;33
1 8
0 10;13;21;30;32;35;36;37;38
0 12;16;17;27
0 4
0 1
12 #edges, tree 125
7;9;11;15;18;19;20;34;39;40;45;47;51 52
10;13;21;30;32;35;36;37;38 41
12;16;17;27 48
8 14
8 2;3
1 7;9;11;15;18;19;20;34;39;40;45;47;51
1 23;24;25;33
1 8
0 10;13;21;30;32;35;36;37;38
0 12;16;17;27
0 4
0 1
12 #edges, tree 126
10;13;21;30;32;35;36;37;38 41
12;16;17;27 48
14 52
8 14
8 2;3
1 7;9;11;15;18;19;20;34;39;40;45;47;51
1 23;24;25;33
1 8
0 10;13;21;30;32;35;36;37;38
0 12;16;17;27
0 4
0 1
12 #edges, tree 127
10;13;21;30;32;35;36;37;38 41
12;16;17;27 48
8 52
8 23;24;25;33
8 14
8 2;3
1 7;9;11;15;18;19;20;34;39;40;45;47;51
1 8
0 10;13;21;30;32;35;36;37;38
0 12;16;17;27
0 4
0 1
12 #edges, tree 128
10;13;21;30;32;35;36;37;38 41
12;16;17;27 48
14 23;24;25;33
8 52
8 14
8 2;3
1 7;9;11;15;18;19;20;34;39;40;45;47;51
1 8
0 10;13;21;30;32;35;36;37;38
0 12;16;17;27
0 4
0 1
12 #edges, tree 129
0 1
0 4
0 12;16;17;27
0 10;13;21;30;32;35;36;37;38
1 8
1 7;9;11;15;18;19;20;34;39;40;45;47;51
8 2;3
8 14
14 23;24;25;33
14 52
12;16;17;27 48
10;13;21;30;32;35;36;37;38 41
12 #edges, tree 130
0 1
0 4
0 12;16;17;27
0 10;13;21;30;32;35;36;37;38
1 8
1 7;9;11;15;18;19;20;34;39;40;45;47;51
8 2;3
8 14
14 23;24;25;33
12;16;17;27 48
10;13;21;30;32;35;36;37;38 41
7;9;11;15;18;19;20;34;39;40;45;47;51 52
12 #edges, tree 131
0 1
0 4
0 12;16;17;27
0 10;13;21;30;32;35;36;37;38
1 8
1 7;9;11;15;18;19;20;34;39;40;45;47;51
8 2;3
8 14
8 23;24;25;33
12;16;17;27 48
10;13;21;30;32;35;36;37;38 41
7;9;11;15;18;19;20;34;39;40;45;47;51 52
12 #edges, tree 132
0 1
0 4
0 12;16;17;27
0 10;13;21;30;32;35;36;37;38
1 8
1 7;9;11;15;18;19;20;34;39;40;45;47;51
8 2;3
8 14
8 23;24;25;33
14 52
12;16;17;27 48
10;13;21;30;32;35;36;37;38 41
12 #edges, tree 133
0 1
0 2;3
0 12;16;17;27
0 23;24;25;33
0 10;13;21;30;32;35;36;37;38
1 4
1 8
1 7;9;11;15;18;19;20;34;39;40;45;47;51
1 52
8 14
12;16;17;27 48
10;13;21;30;32;35;36;37;38 41
12 #edges, tree 134
0 1
0 2;3
0 12;16;17;27
0 23;24;25;33
0 10;13;21;30;32;35;36;37;38
1 8
1 7;9;11;15;18;19;20;34;39;40;45;47;51
1 52
2;3 4
8 14
12;16;17;27 48
10;13;21;30;32;35;36;37;38 41
12 #edges, tree 135
0 1
0 2;3
0 12;16;17;27
0 23;24;25;33
0 10;13;21;30;32;35;36;37;38
1 8
1 7;9;11;15;18;19;20;34;39;40;45;47;51
1 52
8 14
12;16;17;27 48
10;13;21;30;32;35;36;37;38 41
52 4
12 #edges, tree 136
0 1
0 2;3
0 12;16;17;27
0 23;24;25;33
0 10;13;21;30;32;35;36;37;38
1 8
1 7;9;11;15;18;19;20;34;39;40;45;47;51
1 52
8 14
14 4
12;16;17;27 48
10;13;21;30;32;35;36;37;38 41
12 #edges, tree 137
0 1
0 2;3
0 12;16;17;27
0 23;24;25;33
0 10;13;21;30;32;35;36;37;38
1 8
1 7;9;11;15;18;19;20;34;39;40;45;47;51
1 52
8 4
8 14
12;16;17;27 48
10;13;21;30;32;35;36;37;38 41
12 #edges, tree 138
0 1
0 12;16;17;27
0 23;24;25;33
0 10;13;21;30;32;35;36;37;38
1 4
1 8
1 7;9;11;15;18;19;20;34;39;40;45;47;51
1 52
8 2;3
8 14
12;16;17;27 48
10;13;21;30;32;35;36;37;38 41
12 #edges, tree 139
0 1
0 12;16;17;27
0 23;24;25;33
0 10;13;21;30;32;35;36;37;38
1 2;3
1 4
1 8
1 7;9;11;15;18;19;20;34;39;40;45;47;51
1 52
8 14
12;16;17;27 48
10;13;21;30;32;35;36;37;38 41
12 #edges, tree 140
0 1
0 12;16;17;27
0 23;24;25;33
0 10;13;21;30;32;35;36;37;38
1 8
1 7;9;11;15;18;19;20;34;39;40;45;47;51
1 52
8 2;3
8 14
12;16;17;27 48
10;13;21;30;32;35;36;37;38 41
52 4
12 #edges, tree 141
0 1
0 12;16;17;27
0 23;24;25;33
0 10;13;21;30;32;35;36;37;38
1 2;3
1 8
1 7;9;11;15;18;19;20;34;39;40;45;47;51
1 52
8 14
12;16;17;27 48
10;13;21;30;32;35;36;37;38 41
52 4
12 #edges, tree 142
0 1
0 12;16;17;27
0 23;24;25;33
0 10;13;21;30;32;35;36;37;38
1 2;3
1 8
1 7;9;11;15;18;19;20;34;39;40;45;47;51
1 52
2;3 4
8 14
12;16;17;27 48
10;13;21;30;32;35;36;37;38 41
12 #edges, tree 143
0 1
0 12;16;17;27
0 23;24;25;33
0 10;13;21;30;32;35;36;37;38
1 2;3
1 8
1 7;9;11;15;18;19;20;34;39;40;45;47;51
1 52
8 4
8 14
12;16;17;27 48
10;13;21;30;32;35;36;37;38 41
12 #edges, tree 144
0 1
0 12;16;17;27
0 23;24;25;33
0 10;13;21;30;32;35;36;37;38
1 2;3
1 8
1 7;9;11;15;18;19;20;34;39;40;45;47;51
1 52
8 14
14 4
12;16;17;27 48
10;13;21;30;32;35;36;37;38 41
12 #edges, tree 145
0 1
0 12;16;17;27
0 23;24;25;33
0 10;13;21;30;32;35;36;37;38
1 8
1 7;9;11;15;18;19;20;34;39;40;45;47;51
1 52
8 2;3
8 4
8 14
12;16;17;27 48
10;13;21;30;32;35;36;37;38 41
12 #edges, tree 146
0 1
0 12;16;17;27
0 23;24;25;33
0 10;13;21;30;32;35;36;37;38
1 8
1 7;9;11;15;18;19;20;34;39;40;45;47;51
1 52
2;3 4
8 2;3
8 14
12;16;17;27 48
10;13;21;30;32;35;36;37;38 41
12 #edges, tree 147
0 1
0 12;16;17;27
0 23;24;25;33
0 10;13;21;30;32;35;36;37;38
1 8
1 7;9;11;15;18;19;20;34;39;40;45;47;51
1 52
8 2;3
8 14
14 4
12;16;17;27 48
10;13;21;30;32;35;36;37;38 41
12 #edges, tree 148
0 1
0 2;3
0 12;16;17;27
0 23;24;25;33
0 10;13;21;30;32;35;36;37;38
1 8
1 7;9;11;15;18;19;20;34;39;40;45;47;51
2;3 4
8 14
12;16;17;27 48
10;13;21;30;32;35;36;37;38 41
7;9;11;15;18;19;20;34;39;40;45;47;51 52
12 #edges, tree 149
0 1
0 2;3
0 12;16;17;27
0 23;24;25;33
0 10;13;21;30;32;35;36;37;38
1 8
1 7;9;11;15;18;19;20;34;39;40;45;47;51
2;3 4
8 14
8 52
12;16;17;27 48
10;13;21;30;32;35;36;37;38 41
12 #edges, tree 150
0 1
0 2;3
0 12;16;17;27
0 23;24;25;33
0 10;13;21;30;32;35;36;37;38
1 8
1 7;9;11;15;18;19;20;34;39;40;45;47;51
2;3 4
8 14
14 52
12;16;17;27 48
10;13;21;30;32;35;36;37;38 41
12 #edges, tree 151
0 1
0 2;3
0 12;16;17;27
0 23;24;25;33
0 10;13;21;30;32;35;36;37;38
1 4
1 8
1 7;9;11;15;18;19;20;34;39;40;45;47;51
4 52
8 14
12;16;17;27 48
10;13;21;30;32;35;36;37;38 41
12 #edges, tree 152
0 1
0 2;3
0 12;16;17;27
0 23;24;25;33
0 10;13;21;30;32;35;36;37;38
1 4
1 8
1 7;9;11;15;18;19;20;34;39;40;45;47;51
8 14
12;16;17;27 48
10;13;21;30;32;35;36;37;38 41
7;9;11;15;18;19;20;34;39;40;45;47;51 52
12 #edges, tree 153
0 1
0 2;3
0 12;16;17;27
0 23;24;25;33
0 10;13;21;30;32;35;36;37;38
1 4
1 8
1 7;9;11;15;18;19;20;34;39;40;45;47;51
8 14
8 52
12;16;17;27 48
10;13;21;30;32;35;36;37;38 41
12 #edges, tree 154
0 1
0 2;3
0 12;16;17;27
0 23;24;25;33
0 10;13;21;30;32;35;36;37;38
1 4
1 8
1 7;9;11;15;18;19;20;34;39;40;45;47;51
8 14
14 52
12;16;17;27 48
10;13;21;30;32;35;36;37;38 41
12 #edges, tree 155
0 1
0 2;3
0 12;16;17;27
0 23;24;25;33
0 10;13;21;30;32;35;36;37;38
1 8
1 7;9;11;15;18;19;20;34;39;40;45;47;51
8 4
8 14
12;16;17;27 48
10;13;21;30;32;35;36;37;38 41
7;9;11;15;18;19;20;34;39;40;45;47;51 52
12 #edges, tree 156
0 1
0 2;3
0 12;16;17;27
0 23;24;25;33
0 10;13;21;30;32;35;36;37;38
1 8
1 7;9;11;15;18;19;20;34;39;40;45;47;51
8 14
14 4
12;16;17;27 48
10;13;21;30;32;35;36;37;38 41
7;9;11;15;18;19;20;34;39;40;45;47;51 52
12 #edges, tree 157
0 1
0 2;3
0 12;16;17;27
0 23;24;25;33
0 10;13;21;30;32;35;36;37;38
1 8
1 7;9;11;15;18;19;20;34;39;40;45;47;51
8 4
8 14
8 52
12;16;17;27 48
10;13;21;30;32;35;36;37;38 41
12 #edges, tree 158
0 1
0 2;3
0 12;16;17;27
0 23;24;25;33
0 10;13;21;30;32;35;36;37;38
1 8
1 7;9;11;15;18;19;20;34;39;40;45;47;51
8 4
8 14
14 52
12;16;17;27 48
10;13;21;30;32;35;36;37;38 41
12 #edges, tree 159
0 1
0 2;3
0 12;16;17;27
0 23;24;25;33
0 10;13;21;30;32;35;36;37;38
1 8
1 7;9;11;15;18;19;20;34;39;40;45;47;51
4 52
8 4
8 14
12;16;17;27 48
10;13;21;30;32;35;36;37;38 41
12 #edges, tree 160
0 1
0 2;3
0 12;16;17;27
0 23;24;25;33
0 10;13;21;30;32;35;36;37;38
1 8
1 7;9;11;15;18;19;20;34;39;40;45;47;51
8 14
14 52
12;16;17;27 48
10;13;21;30;32;35;36;37;38 41
52 4
12 #edges, tree 161
0 1
0 2;3
0 12;16;17;27
0 23;24;25;33
0 10;13;21;30;32;35;36;37;38
1 8
1 7;9;11;15;18;19;20;34;39;40;45;47;51
8 14
14 4
14 52
12;16;17;27 48
10;13;21;30;32;35;36;37;38 41
12 #edges, tree 162
0 1
0 2;3
0 12;16;17;27
0 23;24;25;33
0 10;13;21;30;32;35;36;37;38
1 8
1 7;9;11;15;18;19;20;34;39;40;45;47;51
8 14
8 52
12;16;17;27 48
10;13;21;30;32;35;36;37;38 41
52 4
12 #edges, tree 163
0 1
0 2;3
0 12;16;17;27
0 23;24;25;33
0 10;13;21;30;32;35;36;37;38
1 8
1 7;9;11;15;18;19;20;34;39;40;45;47;51
8 14
8 52
14 4
12;16;17;27 48
10;13;21;30;32;35;36;37;38 41
12 #edges, tree 164
0 1
0 2;3
0 12;16;17;27
0 23;24;25;33
0 10;13;21;30;32;35;36;37;38
1 8
1 7;9;11;15;18;19;20;34;39;40;45;47;51
4 52
8 14
14 4
12;16;17;27 48
10;13;21;30;32;35;36;37;38 41
12 #edges, tree 165
0 1
0 12;16;17;27
0 23;24;25;33
0 10;13;21;30;32;35;36;37;38
1 2;3
1 8
1 7;9;11;15;18;19;20;34;39;40;45;47;51
2;3 4
8 14
12;16;17;27 48
10;13;21;30;32;35;36;37;38 41
7;9;11;15;18;19;20;34;39;40;45;47;51 52
12 #edges, tree 166
0 1
0 12;16;17;27
0 23;24;25;33
0 10;13;21;30;32;35;36;37;38
1 2;3
1 8
1 7;9;11;15;18;19;20;34;39;40;45;47;51
2;3 4
8 14
8 52
12;16;17;27 48
10;13;21;30;32;35;36;37;38 41
12 #edges, tree 167
0 1
0 12;16;17;27
0 23;24;25;33
0 10;13;21;30;32;35;36;37;38
1 2;3
1 8
1 7;9;11;15;18;19;20;34;39;40;45;47;51
2;3 4
8 14
14 52
12;16;17;27 48
10;13;21;30;32;35;36;37;38 41
12 #edges, tree 168
0 1
0 12;16;17;27
0 23;24;25;33
0 10;13;21;30;32;35;36;37;38
1 2;3
1 4
1 8
1 7;9;11;15;18;19;20;34;39;40;45;47;51
4 52
8 14
12;16;17;27 48
10;13;21;30;32;35;36;37;38 41
12 #edges, tree 169
0 1
0 12;16;17;27
0 23;24;25;33
0 10;13;21;30;32;35;36;37;38
1 2;3
1 4
1 8
1 7;9;11;15;18;19;20;34;39;40;45;47;51
8 14
12;16;17;27 48
10;13;21;30;32;35;36;37;38 41
7;9;11;15;18;19;20;34;39;40;45;47;51 52
12 #edges, tree 170
0 1
0 12;16;17;27
0 23;24;25;33
0 10;13;21;30;32;35;36;37;38
1 2;3
1 4
1 8
1 7;9;11;15;18;19;20;34;39;40;45;47;51
8 14
14 52
12;16;17;27 48
10;13;21;30;32;35;36;37;38 41
12 #edges, tree 171
0 1
0 12;16;17;27
0 23;24;25;33
0 10;13;21;30;32;35;36;37;38
1 2;3
1 4
1 8
1 7;9;11;15;18;19;20;34;39;40;45;47;51
8 14
8 52
12;16;17;27 48
10;13;21;30;32;35;36;37;38 41
12 #edges, tree 172
0 1
0 12;16;17;27
0 23;24;25;33
0 10;13;21;30;32;35;36;37;38
1 2;3
1 8
1 7;9;11;15;18;19;20;34;39;40;45;47;51
8 14
8 52
12;16;17;27 48
10;13;21;30;32;35;36;37;38 41
52 4
12 #edges, tree 173
0 1
0 12;16;17;27
0 23;24;25;33
0 10;13;21;30;32;35;36;37;38
1 2;3
1 8
1 7;9;11;15;18;19;20;34;39;40;45;47;51
8 4
8 14
8 52
12;16;17;27 48
10;13;21;30;32;35;36;37;38 41
12 #edges, tree 174
0 1
0 12;16;17;27
0 23;24;25;33
0 10;13;21;30;32;35;36;37;38
1 2;3
1 8
1 7;9;11;15;18;19;20;34;39;40;45;47;51
8 14
8 52
14 4
12;16;17;27 48
10;13;21;30;32;35;36;37;38 41
12 #edges, tree 175
0 1
0 12;16;17;27
0 23;24;25;33
0 10;13;21;30;32;35;36;37;38
1 2;3
1 8
1 7;9;11;15;18;19;20;34;39;40;45;47;51
8 4
8 14
12;16;17;27 48
10;13;21;30;32;35;36;37;38 41
7;9;11;15;18;19;20;34;39;40;45;47;51 52
12 #edges, tree 176
0 1
0 12;16;17;27
0 23;24;25;33
0 10;13;21;30;32;35;36;37;38
1 2;3
1 8
1 7;9;11;15;18;19;20;34;39;40;45;47;51
8 14
14 4
12;16;17;27 48
10;13;21;30;32;35;36;37;38 41
7;9;11;15;18;19;20;34;39;40;45;47;51 52
12 #edges, tree 177
0 1
0 12;16;17;27
0 23;24;25;33
0 10;13;21;30;32;35;36;37;38
1 2;3
1 8
1 7;9;11;15;18;19;20;34;39;40;45;47;51
8 14
14 52
12;16;17;27 48
10;13;21;30;32;35;36;37;38 41
52 4
12 #edges, tree 178
0 1
0 12;16;17;27
0 23;24;25;33
0 10;13;21;30;32;35;36;37;38
1 2;3
1 8
1 7;9;11;15;18;19;20;34;39;40;45;47;51
8 4
8 14
14 52
12;16;17;27 48
10;13;21;30;32;35;36;37;38 41
12 #edges, tree 179
0 1
0 12;16;17;27
0 23;24;25;33
0 10;13;21;30;32;35;36;37;38
1 2;3
1 8
1 7;9;11;15;18;19;20;34;39;40;45;47;51
8 14
14 4
14 52
12;16;17;27 48
10;13;21;30;32;35;36;37;38 41
12 #edges, tree 180
0 1
0 12;16;17;27
0 23;24;25;33
0 10;13;21;30;32;35;36;37;38
1 2;3
1 8
1 7;9;11;15;18;19;20;34;39;40;45;47;51
4 52
8 14
14 4
12;16;17;27 48
10;13;21;30;32;35;36;37;38 41
12 #edges, tree 181
0 1
0 12;16;17;27
0 23;24;25;33
0 10;13;21;30;32;35;36;37;38
1 2;3
1 8
1 7;9;11;15;18;19;20;34;39;40;45;47;51
4 52
8 4
8 14
12;16;17;27 48
10;13;21;30;32;35;36;37;38 41
12 #edges, tree 182
0 1
0 12;16;17;27
0 23;24;25;33
0 10;13;21;30;32;35;36;37;38
1 8
1 7;9;11;15;18;19;20;34;39;40;45;47;51
2;3 4
8 2;3
8 14
12;16;17;27 48
10;13;21;30;32;35;36;37;38 41
7;9;11;15;18;19;20;34;39;40;45;47;51 52
12 #edges, tree 183
0 1
0 12;16;17;27
0 23;24;25;33
0 10;13;21;30;32;35;36;37;38
1 8
1 7;9;11;15;18;19;20;34;39;40;45;47;51
8 2;3
8 4
8 14
12;16;17;27 48
10;13;21;30;32;35;36;37;38 41
7;9;11;15;18;19;20;34;39;40;45;47;51 52
12 #edges, tree 184
0 1
0 12;16;17;27
0 23;24;25;33
0 10;13;21;30;32;35;36;37;38
1 4
1 8
1 7;9;11;15;18;19;20;34;39;40;45;47;51
8 2;3
8 14
12;16;17;27 48
10;13;21;30;32;35;36;37;38 41
7;9;11;15;18;19;20;34;39;40;45;47;51 52
12 #edges, tree 185
0 1
0 12;16;17;27
0 23;24;25;33
0 10;13;21;30;32;35;36;37;38
1 8
1 7;9;11;15;18;19;20;34;39;40;45;47;51
8 2;3
8 14
14 4
12;16;17;27 48
10;13;21;30;32;35;36;37;38 41
7;9;11;15;18;19;20;34;39;40;45;47;51 52
12 #edges, tree 186
0 1
0 12;16;17;27
0 23;24;25;33
0 10;13;21;30;32;35;36;37;38
1 4
1 8
1 7;9;11;15;18;19;20;34;39;40;45;47;51
8 2;3
8 14
14 52
12;16;17;27 48
10;13;21;30;32;35;36;37;38 41
12 #edges, tree 187
0 1
0 12;16;17;27
0 23;24;25;33
0 10;13;21;30;32;35;36;37;38
1 4
1 8
1 7;9;11;15;18;19;20;34;39;40;45;47;51
8 2;3
8 14
8 52
12;16;17;27 48
10;13;21;30;32;35;36;37;38 41
12 #edges, tree 188
0 1
0 12;16;17;27
0 23;24;25;33
0 10;13;21;30;32;35;36;37;38
1 4
1 8
1 7;9;11;15;18;19;20;34;39;40;45;47;51
4 52
8 2;3
8 14
12;16;17;27 48
10;13;21;30;32;35;36;37;38 41
12 #edges, tree 189
0 1
0 12;16;17;27
0 23;24;25;33
0 10;13;21;30;32;35;36;37;38
1 8
1 7;9;11;15;18;19;20;34;39;40;45;47;51
8 2;3
8 4
8 14
8 52
12;16;17;27 48
10;13;21;30;32;35;36;37;38 41
12 #edges, tree 190
0 1
0 12;16;17;27
0 23;24;25;33
0 10;13;21;30;32;35;36;37;38
1 8
1 7;9;11;15;18;19;20;34;39;40;45;47;51
4 52
8 2;3
8 4
8 14
12;16;17;27 48
10;13;21;30;32;35;36;37;38 41
12 #edges, tree 191
0 1
0 12;16;17;27
0 23;24;25;33
0 10;13;21;30;32;35;36;37;38
1 8
1 7;9;11;15;18;19;20;34;39;40;45;47;51
8 2;3
8 4
8 14
14 52
12;16;17;27 48
10;13;21;30;32;35;36;37;38 41
12 #edges, tree 192
0 1
0 12;16;17;27
0 23;24;25;33
0 10;13;21;30;32;35;36;37;38
1 8
1 7;9;11;15;18;19;20;34;39;40;45;47;51
2;3 4
8 2;3
8 14
8 52
12;16;17;27 48
10;13;21;30;32;35;36;37;38 41
12 #edges, tree 193
0 1
0 12;16;17;27
0 23;24;25;33
0 10;13;21;30;32;35;36;37;38
1 8
1 7;9;11;15;18;19;20;34;39;40;45;47;51
8 2;3
8 14
8 52
14 4
12;16;17;27 48
10;13;21;30;32;35;36;37;38 41
12 #edges, tree 194
0 1
0 12;16;17;27
0 23;24;25;33
0 10;13;21;30;32;35;36;37;38
1 8
1 7;9;11;15;18;19;20;34;39;40;45;47;51
8 2;3
8 14
8 52
12;16;17;27 48
10;13;21;30;32;35;36;37;38 41
52 4
12 #edges, tree 195
0 1
0 12;16;17;27
0 23;24;25;33
0 10;13;21;30;32;35;36;37;38
1 8
1 7;9;11;15;18;19;20;34;39;40;45;47;51
8 2;3
8 14
14 4
14 52
12;16;17;27 48
10;13;21;30;32;35;36;37;38 41
12 #edges, tree 196
0 1
0 12;16;17;27
0 23;24;25;33
0 10;13;21;30;32;35;36;37;38
1 8
1 7;9;11;15;18;19;20;34;39;40;45;47;51
4 52
8 2;3
8 14
14 4
12;16;17;27 48
10;13;21;30;32;35;36;37;38 41
12 #edges, tree 197
0 1
0 12;16;17;27
0 23;24;25;33
0 10;13;21;30;32;35;36;37;38
1 8
1 7;9;11;15;18;19;20;34;39;40;45;47;51
8 2;3
8 14
14 52
12;16;17;27 48
10;13;21;30;32;35;36;37;38 41
52 4
12 #edges, tree 198
0 1
0 12;16;17;27
0 23;24;25;33
0 10;13;21;30;32;35;36;37;38
1 8
1 7;9;11;15;18;19;20;34;39;40;45;47;51
2;3 4
8 2;3
8 14
14 52
12;16;17;27 48
10;13;21;30;32;35;36;37;38 41
12 #edges, tree 199
0 1
0 2;3
0 12;16;17;27
0 10;13;21;30;32;35;36;37;38
1 8
1 23;24;25;33
1 7;9;11;15;18;19;20;34;39;40;45;47;51
1 52
2;3 4
8 14
12;16;17;27 48
10;13;21;30;32;35;36;37;38 41
12 #edges, tree 200
0 1
0 2;3
0 12;16;17;27
0 10;13;21;30;32;35;36;37;38
1 8
1 7;9;11;15;18;19;20;34;39;40;45;47;51
1 52
2;3 4
8 14
14 23;24;25;33
12;16;17;27 48
10;13;21;30;32;35;36;37;38 41
12 #edges, tree 201
0 1
0 2;3
0 12;16;17;27
0 10;13;21;30;32;35;36;37;38
1 8
1 7;9;11;15;18;19;20;34;39;40;45;47;51
1 52
2;3 4
8 14
8 23;24;25;33
12;16;17;27 48
10;13;21;30;32;35;36;37;38 41
12 #edges, tree 202
0 1
0 2;3
0 12;16;17;27
0 10;13;21;30;32;35;36;37;38
1 4
1 8
1 23;24;25;33
1 7;9;11;15;18;19;20;34;39;40;45;47;51
1 52
8 14
12;16;17;27 48
10;13;21;30;32;35;36;37;38 41
12 #edges, tree 203
0 1
0 2;3
0 12;16;17;27
0 10;13;21;30;32;35;36;37;38
1 8
1 23;24;25;33
1 7;9;11;15;18;19;20;34;39;40;45;47;51
1 52
8 4
8 14
12;16;17;27 48
10;13;21;30;32;35;36;37;38 41
12 #edges, tree 204
0 1
0 2;3
0 12;16;17;27
0 10;13;21;30;32;35;36;37;38
1 8
1 23;24;25;33
1 7;9;11;15;18;19;20;34;39;40;45;47;51
1 52
8 14
12;16;17;27 48
10;13;21;30;32;35;36;37;38 41
52 4
12 #edges, tree 205
0 1
0 2;3
0 12;16;17;27
0 10;13;21;30;32;35;36;37;38
1 8
1 23;24;25;33
1 7;9;11;15;18;19;20;34;39;40;45;47;51
1 52
8 14
14 4
12;16;17;27 48
10;13;21;30;32;35;36;37;38 41
12 #edges, tree 206
0 1
0 2;3
0 12;16;17;27
0 10;13;21;30;32;35;36;37;38
1 4
1 8
1 7;9;11;15;18;19;20;34;39;40;45;47;51
1 52
8 14
14 23;24;25;33
12;16;17;27 48
10;13;21;30;32;35;36;37;38 41
12 #edges, tree 207
0 1
0 2;3
0 12;16;17;27
0 10;13;21;30;32;35;36;37;38
1 4
1 8
1 7;9;11;15;18;19;20;34;39;40;45;47;51
1 52
8 14
8 23;24;25;33
12;16;17;27 48
10;13;21;30;32;35;36;37;38 41
12 #edges, tree 208
0 1
0 2;3
0 12;16;17;27
0 10;13;21;30;32;35;36;37;38
1 8
1 7;9;11;15;18;19;20;34;39;40;45;47;51
1 52
8 14
8 23;24;25;33
12;16;17;27 48
10;13;21;30;32;35;36;37;38 41
52 4
12 #edges, tree 209
0 1
0 2;3
0 12;16;17;27
0 10;13;21;30;32;35;36;37;38
1 8
1 7;9;11;15;18;19;20;34;39;40;45;47;51
1 52
8 14
14 23;24;25;33
12;16;17;27 48
10;13;21;30;32;35;36;37;38 41
52 4
12 #edges, tree 210
0 1
0 2;3
0 12;16;17;27
0 10;13;21;30;32;35;36;37;38
1 8
1 7;9;11;15;18;19;20;34;39;40;45;47;51
1 52
8 4
8 14
8 23;24;25;33
12;16;17;27 48
10;13;21;30;32;35;36;37;38 41
12 #edges, tree 211
0 1
0 2;3
0 12;16;17;27
0 10;13;21;30;32;35;36;37;38
1 8
1 7;9;11;15;18;19;20;34;39;40;45;47;51
1 52
8 14
8 23;24;25;33
14 4
12;16;17;27 48
10;13;21;30;32;35;36;37;38 41
12 #edges, tree 212
0 1
0 2;3
0 12;16;17;27
0 10;13;21;30;32;35;36;37;38
1 8
1 7;9;11;15;18;19;20;34;39;40;45;47;51
1 52
8 4
8 14
14 23;24;25;33
12;16;17;27 48
10;13;21;30;32;35;36;37;38 41
12 #edges, tree 213
0 1
0 2;3
0 12;16;17;27
0 10;13;21;30;32;35;36;37;38
1 8
1 7;9;11;15;18;19;20;34;39;40;45;47;51
1 52
8 14
14 4
14 23;24;25;33
12;16;17;27 48
10;13;21;30;32;35;36;37;38 41
12 #edges, tree 214
0 1
0 2;3
0 12;16;17;27
0 10;13;21;30;32;35;36;37;38
1 8
1 23;24;25;33
1 7;9;11;15;18;19;20;34;39;40;45;47;51
8 4
8 14
8 52
12;16;17;27 48
10;13;21;30;32;35;36;37;38 41
12 #edges, tree 215
0 1
0 2;3
0 12;16;17;27
0 10;13;21;30;32;35;36;37;38
1 8
1 7;9;11;15;18;19;20;34;39;40;45;47;51
8 4
8 14
8 23;24;25;33
8 52
12;16;17;27 48
10;13;21;30;32;35;36;37;38 41
12 #edges, tree 216
0 1
0 2;3
0 12;16;17;27
0 10;13;21;30;32;35;36;37;38
1 8
1 7;9;11;15;18;19;20;34;39;40;45;47;51
8 4
8 14
8 52
14 23;24;25;33
12;16;17;27 48
10;13;21;30;32;35;36;37;38 41
12 #edges, tree 217
0 1
0 2;3
0 12;16;17;27
0 10;13;21;30;32;35;36;37;38
1 8
1 23;24;25;33
1 7;9;11;15;18;19;20;34;39;40;45;47;51
8 14
8 52
14 4
12;16;17;27 48
10;13;21;30;32;35;36;37;38 41
12 #edges, tree 218
0 1
0 2;3
0 12;16;17;27
0 10;13;21;30;32;35;36;37;38
1 4
1 8
1 23;24;25;33
1 7;9;11;15;18;19;20;34;39;40;45;47;51
8 14
8 52
12;16;17;27 48
10;13;21;30;32;35;36;37;38 41
12 #edges, tree 219
0 1
0 2;3
0 12;16;17;27
0 10;13;21;30;32;35;36;37;38
1 8
1 23;24;25;33
1 7;9;11;15;18;19;20;34;39;40;45;47;51
2;3 4
8 14
8 52
12;16;17;27 48
10;13;21;30;32;35;36;37;38 41
12 #edges, tree 220
0 1
0 2;3
0 12;16;17;27
0 10;13;21;30;32;35;36;37;38
1 8
1 23;24;25;33
1 7;9;11;15;18;19;20;34;39;40;45;47;51
8 14
8 52
12;16;17;27 48
10;13;21;30;32;35;36;37;38 41
52 4
12 #edges, tree 221
0 1
0 2;3
0 12;16;17;27
0 10;13;21;30;32;35;36;37;38
1 8
1 7;9;11;15;18;19;20;34;39;40;45;47;51
8 14
8 23;24;25;33
8 52
12;16;17;27 48
10;13;21;30;32;35;36;37;38 41
52 4
12 #edges, tree 222
0 1
0 2;3
0 12;16;17;27
0 10;13;21;30;32;35;36;37;38
1 8
1 7;9;11;15;18;19;20;34;39;40;45;47;51
8 14
8 52
14 23;24;25;33
12;16;17;27 48
10;13;21;30;32;35;36;37;38 41
52 4
12 #edges, tree 223
0 1
0 2;3
0 12;16;17;27
0 10;13;21;30;32;35;36;37;38
1 8
1 7;9;11;15;18;19;20;34;39;40;45;47;51
2;3 4
8 14
8 23;24;25;33
8 52
12;16;17;27 48
10;13;21;30;32;35;36;37;38 41
12 #edges, tree 224
0 1
0 2;3
0 12;16;17;27
0 10;13;21;30;32;35;36;37;38
1 8
1 7;9;11;15;18;19;20;34;39;40;45;47;51
2;3 4
8 14
8 52
14 23;24;25;33
12;16;17;27 48
10;13;21;30;32;35;36;37;38 41
12 #edges, tree 225
0 1
0 2;3
0 12;16;17;27
0 10;13;21;30;32;35;36;37;38
1 8
1 7;9;11;15;18;19;20;34;39;40;45;47;51
8 14
8 52
14 4
14 23;24;25;33
12;16;17;27 48
10;13;21;30;32;35;36;37;38 41
12 #edges, tree 226
0 1
0 2;3
0 12;16;17;27
0 10;13;21;30;32;35;36;37;38
1 4
1 8
1 7;9;11;15;18;19;20;34;39;40;45;47;51
8 14
8 52
14 23;24;25;33
12;16;17;27 48
10;13;21;30;32;35;36;37;38 41
12 #edges, tree 227
0 1
0 2;3
0 12;16;17;27
0 10;13;21;30;32;35;36;37;38
1 8
1 7;9;11;15;18;19;20;34;39;40;45;47;51
8 14
8 23;24;25;33
8 52
14 4
12;16;17;27 48
10;13;21;30;32;35;36;37;38 41
12 #edges, tree 228
0 1
0 2;3
0 12;16;17;27
0 10;13;21;30;32;35;36;37;38
1 4
1 8
1 7;9;11;15;18;19;20;34;39;40;45;47;51
8 14
8 23;24;25;33
8 52
12;16;17;27 48
10;13;21;30;32;35;36;37;38 41
12 #edges, tree 229
0 1
0 2;3
0 12;16;17;27
0 10;13;21;30;32;35;36;37;38
1 4
1 8
1 7;9;11;15;18;19;20;34;39;40;45;47;51
8 14
8 23;24;25;33
12;16;17;27 48
10;13;21;30;32;35;36;37;38 41
7;9;11;15;18;19;20;34;39;40;45;47;51 52
12 #edges, tree 230
0 1
0 2;3
0 12;16;17;27
0 10;13;21;30;32;35;36;37;38
1 4
1 8
1 7;9;11;15;18;19;20;34;39;40;45;47;51
4 52
8 14
8 23;24;25;33
12;16;17;27 48
10;13;21;30;32;35;36;37;38 41
12 #edges, tree 231
0 1
0 2;3
0 12;16;17;27
0 10;13;21;30;32;35;36;37;38
1 4
1 8
1 7;9;11;15;18;19;20;34;39;40;45;47;51
8 14
8 23;24;25;33
14 52
12;16;17;27 48
10;13;21;30;32;35;36;37;38 41
12 #edges, tree 232
0 1
0 2;3
0 12;16;17;27
0 10;13;21;30;32;35;36;37;38
1 8
1 7;9;11;15;18;19;20;34;39;40;45;47;51
8 4
8 14
8 23;24;25;33
14 52
12;16;17;27 48
10;13;21;30;32;35;36;37;38 41
12 #edges, tree 233
0 1
0 2;3
0 12;16;17;27
0 10;13;21;30;32;35;36;37;38
1 8
1 7;9;11;15;18;19;20;34;39;40;45;47;51
4 52
8 4
8 14
8 23;24;25;33
12;16;17;27 48
10;13;21;30;32;35;36;37;38 41
12 #edges, tree 234
0 1
0 2;3
0 12;16;17;27
0 10;13;21;30;32;35;36;37;38
1 8
1 7;9;11;15;18;19;20;34;39;40;45;47;51
8 4
8 14
8 23;24;25;33
12;16;17;27 48
10;13;21;30;32;35;36;37;38 41
7;9;11;15;18;19;20;34;39;40;45;47;51 52
12 #edges, tree 235
0 1
0 2;3
0 12;16;17;27
0 10;13;21;30;32;35;36;37;38
1 8
1 7;9;11;15;18;19;20;34;39;40;45;47;51
2;3 4
8 14
8 23;24;25;33
12;16;17;27 48
10;13;21;30;32;35;36;37;38 41
7;9;11;15;18;19;20;34;39;40;45;47;51 52
12 #edges, tree 236
0 1
0 2;3
0 12;16;17;27
0 10;13;21;30;32;35;36;37;38
1 8
1 7;9;11;15;18;19;20;34;39;40;45;47;51
8 14
8 23;24;25;33
14 4
12;16;17;27 48
10;13;21;30;32;35;36;37;38 41
7;9;11;15;18;19;20;34;39;40;45;47;51 52
12 #edges, tree 237
0 1
0 2;3
0 12;16;17;27
0 10;13;21;30;32;35;36;37;38
1 8
1 7;9;11;15;18;19;20;34;39;40;45;47;51
8 14
8 23;24;25;33
14 4
14 52
12;16;17;27 48
10;13;21;30;32;35;36;37;38 41
12 #edges, tree 238
0 1
0 2;3
0 12;16;17;27
0 10;13;21;30;32;35;36;37;38
1 8
1 7;9;11;15;18;19;20;34;39;40;45;47;51
4 52
8 14
8 23;24;25;33
14 4
12;16;17;27 48
10;13;21;30;32;35;36;37;38 41
12 #edges, tree 239
0 1
0 2;3
0 12;16;17;27
0 10;13;21;30;32;35;36;37;38
1 8
1 7;9;11;15;18;19;20;34;39;40;45;47;51
2;3 4
8 14
8 23;24;25;33
14 52
12;16;17;27 48
10;13;21;30;32;35;36;37;38 41
12 #edges, tree 240
0 1
0 2;3
0 12;16;17;27
0 10;13;21;30;32;35;36;37;38
1 8
1 7;9;11;15;18;19;20;34;39;40;45;47;51
8 14
8 23;24;25;33
14 52
12;16;17;27 48
10;13;21;30;32;35;36;37;38 41
52 4
12 #edges, tree 241
0 1
0 2;3
0 12;16;17;27
0 10;13;21;30;32;35;36;37;38
1 8
1 7;9;11;15;18;19;20;34;39;40;45;47;51
8 4
8 14
14 23;24;25;33
12;16;17;27 48
10;13;21;30;32;35;36;37;38 41
7;9;11;15;18;19;20;34;39;40;45;47;51 52
12 #edges, tree 242
0 1
0 2;3
0 12;16;17;27
0 10;13;21;30;32;35;36;37;38
1 8
1 7;9;11;15;18;19;20;34;39;40;45;47;51
4 52
8 4
8 14
14 23;24;25;33
12;16;17;27 48
10;13;21;30;32;35;36;37;38 41
12 #edges, tree 243
0 1
0 2;3
0 12;16;17;27
0 10;13;21;30;32;35;36;37;38
1 8
1 7;9;11;15;18;19;20;34;39;40;45;47;51
8 4
8 14
14 23;24;25;33
14 52
12;16;17;27 48
10;13;21;30;32;35;36;37;38 41
12 #edges, tree 244
0 1
0 2;3
0 12;16;17;27
0 10;13;21;30;32;35;36;37;38
1 8
1 23;24;25;33
1 7;9;11;15;18;19;20;34;39;40;45;47;51
4 52
8 4
8 14
12;16;17;27 48
10;13;21;30;32;35;36;37;38 41
12 #edges, tree 245
0 1
0 2;3
0 12;16;17;27
0 10;13;21;30;32;35;36;37;38
1 8
1 23;24;25;33
1 7;9;11;15;18;19;20;34;39;40;45;47;51
8 4
8 14
12;16;17;27 48
10;13;21;30;32;35;36;37;38 41
7;9;11;15;18;19;20;34;39;40;45;47;51 52
12 #edges, tree 246
0 1
0 2;3
0 12;16;17;27
0 10;13;21;30;32;35;36;37;38
1 8
1 23;24;25;33
1 7;9;11;15;18;19;20;34;39;40;45;47;51
8 4
8 14
14 52
12;16;17;27 48
10;13;21;30;32;35;36;37;38 41
12 #edges, tree 247
0 1
0 2;3
0 12;16;17;27
0 10;13;21;30;32;35;36;37;38
1 8
1 23;24;25;33
1 7;9;11;15;18;19;20;34;39;40;45;47;51
2;3 4
8 14
12;16;17;27 48
10;13;21;30;32;35;36;37;38 41
7;9;11;15;18;19;20;34;39;40;45;47;51 52
12 #edges, tree 248
0 1
0 2;3
0 12;16;17;27
0 10;13;21;30;32;35;36;37;38
1 8
1 23;24;25;33
1 7;9;11;15;18;19;20;34;39;40;45;47;51
2;3 4
8 14
14 52
12;16;17;27 48
10;13;21;30;32;35;36;37;38 41
12 #edges, tree 249
0 1
0 2;3
0 12;16;17;27
0 10;13;21;30;32;35;36;37;38
1 8
1 7;9;11;15;18;19;20;34;39;40;45;47;51
2;3 4
8 14
14 23;24;25;33
14 52
12;16;17;27 48
10;13;21;30;32;35;36;37;38 41
12 #edges, tree 250
0 1
0 2;3
0 12;16;17;27
0 10;13;21;30;32;35;36;37;38
1 8
1 7;9;11;15;18;19;20;34;39;40;45;47;51
2;3 4
8 14
14 23;24;25;33
12;16;17;27 48
10;13;21;30;32;35;36;37;38 41
7;9;11;15;18;19;20;34;39;40;45;47;51 52
12 #edges, tree 251
0 1
0 2;3
0 12;16;17;27
0 10;13;21;30;32;35;36;37;38
1 4
1 8
1 23;24;25;33
1 7;9;11;15;18;19;20;34;39;40;45;47;51
8 14
12;16;17;27 48
10;13;21;30;32;35;36;37;38 41
7;9;11;15;18;19;20;34;39;40;45;47;51 52
12 #edges, tree 252
0 1
0 2;3
0 12;16;17;27
0 10;13;21;30;32;35;36;37;38
1 4
1 8
1 23;24;25;33
1 7;9;11;15;18;19;20;34;39;40;45;47;51
4 52
8 14
12;16;17;27 48
10;13;21;30;32;35;36;37;38 41
12 #edges, tree 253
0 1
0 2;3
0 12;16;17;27
0 10;13;21;30;32;35;36;37;38
1 4
1 8
1 23;24;25;33
1 7;9;11;15;18;19;20;34;39;40;45;47;51
8 14
14 52
12;16;17;27 48
10;13;21;30;32;35;36;37;38 41
12 #edges, tree 254
0 1
0 2;3
0 12;16;17;27
0 10;13;21;30;32;35;36;37;38
1 4
1 8
1 7;9;11;15;18;19;20;34;39;40;45;47;51
8 14
14 23;24;25;33
14 52
12;16;17;27 48
10;13;21;30;32;35;36;37;38 41
12 #edges, tree 255
0 1
0 2;3
0 12;16;17;27
0 10;13;21;30;32;35;36;37;38
1 4
1 8
1 7;9;11;15;18;19;20;34;39;40;45;47;51
4 52
8 14
14 23;24;25;33
12;16;17;27 48
10;13;21;30;32;35;36;37;38 41
12 #edges, tree 256
0 1
0 2;3
0 12;16;17;27
0 10;13;21;30;32;35;36;37;38
1 4
1 8
1 7;9;11;15;18;19;20;34;39;40;45;47;51
8 14
14 23;24;25;33
12;16;17;27 48
10;13;21;30;32;35;36;37;38 41
7;9;11;15;18;19;20;34;39;40;45;47;51 52
12 #edges, tree 257
7;9;11;15;18;19;20;34;39;40;45;47;51 52
10;13;21;30;32;35;36;37;38 41
12;16;17;27 48
14 4
8 14
1 7;9;11;15;18;19;20;34;39;40;45;47;51
1 23;24;25;33
1 8
0 10;13;21;30;32;35;36;37;38
0 12;16;17;27
0 2;3
0 1
12 #edges, tree 258
7;9;11;15;18;19;20;34;39;40;45;47;51 52
10;13;21;30;32;35;36;37;38 41
12;16;17;27 48
14 23;24;25;33
14 4
8 14
1 7;9;11;15;18;19;20;34;39;40;45;47;51
1 8
0 10;13;21;30;32;35;36;37;38
0 12;16;17;27
0 2;3
0 1
12 #edges, tree 259
10;13;21;30;32;35;36;37;38 41
12;16;17;27 48
14 4
8 14
4 52
1 7;9;11;15;18;19;20;34;39;40;45;47;51
1 23;24;25;33
1 8
0 10;13;21;30;32;35;36;37;38
0 12;16;17;27
0 2;3
0 1
12 #edges, tree 260
10;13;21;30;32;35;36;37;38 41
12;16;17;27 48
14 52
14 4
8 14
1 7;9;11;15;18;19;20;34;39;40;45;47;51
1 23;24;25;33
1 8
0 10;13;21;30;32;35;36;37;38
0 12;16;17;27
0 2;3
0 1
12 #edges, tree 261
52 4
10;13;21;30;32;35;36;37;38 41
12;16;17;27 48
14 52
8 14
1 7;9;11;15;18;19;20;34;39;40;45;47;51
1 23;24;25;33
1 8
0 10;13;21;30;32;35;36;37;38
0 12;16;17;27
0 2;3
0 1
12 #edges, tree 262
52 4
10;13;21;30;32;35;36;37;38 41
12;16;17;27 48
14 52
14 23;24;25;33
8 14
1 7;9;11;15;18;19;20;34;39;40;45;47;51
1 8
0 10;13;21;30;32;35;36;37;38
0 12;16;17;27
0 2;3
0 1
12 #edges, tree 263
10;13;21;30;32;35;36;37;38 41
12;16;17;27 48
14 52
14 23;24;25;33
14 4
8 14
1 7;9;11;15;18;19;20;34;39;40;45;47;51
1 8
0 10;13;21;30;32;35;36;37;38
0 12;16;17;27
0 2;3
0 1
12 #edges, tree 264
10;13;21;30;32;35;36;37;38 41
12;16;17;27 48
14 23;24;25;33
14 4
8 14
4 52
1 7;9;11;15;18;19;20;34;39;40;45;47;51
1 8
0 10;13;21;30;32;35;36;37;38
0 12;16;17;27
0 2;3
0 1
12 #edges, tree 265
10;13;21;30;32;35;36;37;38 41
12;16;17;27 48
8 14
1 52
1 7;9;11;15;18;19;20;34;39;40;45;47;51
1 23;24;25;33
1 8
1 4
1 2;3
0 10;13;21;30;32;35;36;37;38
0 12;16;17;27
0 1
12 #edges, tree 266
10;13;21;30;32;35;36;37;38 41
12;16;17;27 48
14 23;24;25;33
8 14
1 52
1 7;9;11;15;18;19;20;34;39;40;45;47;51
1 8
1 4
1 2;3
0 10;13;21;30;32;35;36;37;38
0 12;16;17;27
0 1
12 #edges, tree 267
10;13;21;30;32;35;36;37;38 41
12;16;17;27 48
8 23;24;25;33
8 14
1 52
1 7;9;11;15;18;19;20;34;39;40;45;47;51
1 8
1 4
1 2;3
0 10;13;21;30;32;35;36;37;38
0 12;16;17;27
0 1
12 #edges, tree 268
10;13;21;30;32;35;36;37;38 41
12;16;17;27 48
8 14
8 2;3
1 52
1 7;9;11;15;18;19;20;34;39;40;45;47;51
1 23;24;25;33
1 8
1 4
0 10;13;21;30;32;35;36;37;38
0 12;16;17;27
0 1
12 #edges, tree 269
10;13;21;30;32;35;36;37;38 41
12;16;17;27 48
8 23;24;25;33
8 14
8 2;3
1 52
1 7;9;11;15;18;19;20;34;39;40;45;47;51
1 8
1 4
0 10;13;21;30;32;35;36;37;38
0 12;16;17;27
0 1
12 #edges, tree 270
10;13;21;30;32;35;36;37;38 41
12;16;17;27 48
14 23;24;25;33
8 14
8 2;3
1 52
1 7;9;11;15;18;19;20;34;39;40;45;47;51
1 8
1 4
0 10;13;21;30;32;35;36;37;38
0 12;16;17;27
0 1
12 #edges, tree 271
7;9;11;15;18;19;20;34;39;40;45;47;51 52
10;13;21;30;32;35;36;37;38 41
12;16;17;27 48
8 14
1 7;9;11;15;18;19;20;34;39;40;45;47;51
1 23;24;25;33
1 8
1 4
1 2;3
0 10;13;21;30;32;35;36;37;38
0 12;16;17;27
0 1
12 #edges, tree 272
7;9;11;15;18;19;20;34;39;40;45;47;51 52
10;13;21;30;32;35;36;37;38 41
12;16;17;27 48
8 23;24;25;33
8 14
1 7;9;11;15;18;19;20;34;39;40;45;47;51
1 8
1 4
1 2;3
0 10;13;21;30;32;35;36;37;38
0 12;16;17;27
0 1
12 #edges, tree 273
7;9;11;15;18;19;20;34;39;40;45;47;51 52
10;13;21;30;32;35;36;37;38 41
12;16;17;27 48
14 23;24;25;33
8 14
1 7;9;11;15;18;19;20;34;39;40;45;47;51
1 8
1 4
1 2;3
0 10;13;21;30;32;35;36;37;38
0 12;16;17;27
0 1
12 #edges, tree 274
10;13;21;30;32;35;36;37;38 41
12;16;17;27 48
8 52
8 14
1 7;9;11;15;18;19;20;34;39;40;45;47;51
1 23;24;25;33
1 8
1 4
1 2;3
0 10;13;21;30;32;35;36;37;38
0 12;16;17;27
0 1
12 #edges, tree 275
10;13;21;30;32;35;36;37;38 41
12;16;17;27 48
14 52
8 14
1 7;9;11;15;18;19;20;34;39;40;45;47;51
1 23;24;25;33
1 8
1 4
1 2;3
0 10;13;21;30;32;35;36;37;38
0 12;16;17;27
0 1
12 #edges, tree 276
10;13;21;30;32;35;36;37;38 41
12;16;17;27 48
8 14
4 52
1 7;9;11;15;18;19;20;34;39;40;45;47;51
1 23;24;25;33
1 8
1 4
1 2;3
0 10;13;21;30;32;35;36;37;38
0 12;16;17;27
0 1
12 #edges, tree 277
10;13;21;30;32;35;36;37;38 41
12;16;17;27 48
14 52
8 23;24;25;33
8 14
1 7;9;11;15;18;19;20;34;39;40;45;47;51
1 8
1 4
1 2;3
0 10;13;21;30;32;35;36;37;38
0 12;16;17;27
0 1
12 #edges, tree 278
10;13;21;30;32;35;36;37;38 41
12;16;17;27 48
14 52
14 23;24;25;33
8 14
1 7;9;11;15;18;19;20;34;39;40;45;47;51
1 8
1 4
1 2;3
0 10;13;21;30;32;35;36;37;38
0 12;16;17;27
0 1
12 #edges, tree 279
10;13;21;30;32;35;36;37;38 41
12;16;17;27 48
8 23;24;25;33
8 14
4 52
1 7;9;11;15;18;19;20;34;39;40;45;47;51
1 8
1 4
1 2;3
0 10;13;21;30;32;35;36;37;38
0 12;16;17;27
0 1
12 #edges, tree 280
10;13;21;30;32;35;36;37;38 41
12;16;17;27 48
8 52
8 23;24;25;33
8 14
1 7;9;11;15;18;19;20;34;39;40;45;47;51
1 8
1 4
1 2;3
0 10;13;21;30;32;35;36;37;38
0 12;16;17;27
0 1
12 #edges, tree 281
10;13;21;30;32;35;36;37;38 41
12;16;17;27 48
14 23;24;25;33
8 14
4 52
1 7;9;11;15;18;19;20;34;39;40;45;47;51
1 8
1 4
1 2;3
0 10;13;21;30;32;35;36;37;38
0 12;16;17;27
0 1
12 #edges, tree 282
10;13;21;30;32;35;36;37;38 41
12;16;17;27 48
14 23;24;25;33
8 52
8 14
1 7;9;11;15;18;19;20;34;39;40;45;47;51
1 8
1 4
1 2;3
0 10;13;21;30;32;35;36;37;38
0 12;16;17;27
0 1
12 #edges, tree 283
10;13;21;30;32;35;36;37;38 41
12;16;17;27 48
8 52
8 23;24;25;33
8 14
8 2;3
1 7;9;11;15;18;19;20;34;39;40;45;47;51
1 8
1 4
0 10;13;21;30;32;35;36;37;38
0 12;16;17;27
0 1
12 #edges, tree 284
10;13;21;30;32;35;36;37;38 41
12;16;17;27 48
8 52
8 14
8 2;3
1 7;9;11;15;18;19;20;34;39;40;45;47;51
1 23;24;25;33
1 8
1 4
0 10;13;21;30;32;35;36;37;38
0 12;16;17;27
0 1
12 #edges, tree 285
10;13;21;30;32;35;36;37;38 41
12;16;17;27 48
14 23;24;25;33
8 52
8 14
8 2;3
1 7;9;11;15;18;19;20;34;39;40;45;47;51
1 8
1 4
0 10;13;21;30;32;35;36;37;38
0 12;16;17;27
0 1
12 #edges, tree 286
10;13;21;30;32;35;36;37;38 41
12;16;17;27 48
8 14
8 2;3
4 52
1 7;9;11;15;18;19;20;34;39;40;45;47;51
1 23;24;25;33
1 8
1 4
0 10;13;21;30;32;35;36;37;38
0 12;16;17;27
0 1
12 #edges, tree 287
10;13;21;30;32;35;36;37;38 41
12;16;17;27 48
14 23;24;25;33
8 14
8 2;3
4 52
1 7;9;11;15;18;19;20;34;39;40;45;47;51
1 8
1 4
0 10;13;21;30;32;35;36;37;38
0 12;16;17;27
0 1
12 #edges, tree 288
10;13;21;30;32;35;36;37;38 41
12;16;17;27 48
8 23;24;25;33
8 14
8 2;3
4 52
1 7;9;11;15;18;19;20;34;39;40;45;47;51
1 8
1 4
0 10;13;21;30;32;35;36;37;38
0 12;16;17;27
0 1
12 #edges, tree 289
10;13;21;30;32;35;36;37;38 41
12;16;17;27 48
14 52
8 14
8 2;3
1 7;9;11;15;18;19;20;34;39;40;45;47;51
1 23;24;25;33
1 8
1 4
0 10;13;21;30;32;35;36;37;38
0 12;16;17;27
0 1
12 #edges, tree 290
7;9;11;15;18;19;20;34;39;40;45;47;51 52
10;13;21;30;32;35;36;37;38 41
12;16;17;27 48
8 14
8 2;3
1 7;9;11;15;18;19;20;34;39;40;45;47;51
1 23;24;25;33
1 8
1 4
0 10;13;21;30;32;35;36;37;38
0 12;16;17;27
0 1
12 #edges, tree 291
10;13;21;30;32;35;36;37;38 41
12;16;17;27 48
14 52
14 23;24;25;33
8 14
8 2;3
1 7;9;11;15;18;19;20;34;39;40;45;47;51
1 8
1 4
0 10;13;21;30;32;35;36;37;38
0 12;16;17;27
0 1
12 #edges, tree 292
7;9;11;15;18;19;20;34;39;40;45;47;51 52
10;13;21;30;32;35;36;37;38 41
12;16;17;27 48
14 23;24;25;33
8 14
8 2;3
1 7;9;11;15;18;19;20;34;39;40;45;47;51
1 8
1 4
0 10;13;21;30;32;35;36;37;38
0 12;16;17;27
0 1
12 #edges, tree 293
10;13;21;30;32;35;36;37;38 41
12;16;17;27 48
14 52
8 23;24;25;33
8 14
8 2;3
1 7;9;11;15;18;19;20;34;39;40;45;47;51
1 8
1 4
0 10;13;21;30;32;35;36;37;38
0 12;16;17;27
0 1
12 #edges, tree 294
7;9;11;15;18;19;20;34;39;40;45;47;51 52
10;13;21;30;32;35;36;37;38 41
12;16;17;27 48
8 23;24;25;33
8 14
8 2;3
1 7;9;11;15;18;19;20;34;39;40;45;47;51
1 8
1 4
0 10;13;21;30;32;35;36;37;38
0 12;16;17;27
0 1
12 #edges, tree 295
52 4
10;13;21;30;32;35;36;37;38 41
12;16;17;27 48
8 52
8 14
1 7;9;11;15;18;19;20;34;39;40;45;47;51
1 23;24;25;33
1 8
1 2;3
0 10;13;21;30;32;35;36;37;38
0 12;16;17;27
0 1
12 #edges, tree 296
10;13;21;30;32;35;36;37;38 41
12;16;17;27 48
14 4
8 52
8 14
1 7;9;11;15;18;19;20;34;39;40;45;47;51
1 23;24;25;33
1 8
1 2;3
0 10;13;21;30;32;35;36;37;38
0 12;16;17;27
0 1
12 #edges, tree 297
10;13;21;30;32;35;36;37;38 41
12;16;17;27 48
8 52
8 14
8 4
1 7;9;11;15;18;19;20;34;39;40;45;47;51
1 23;24;25;33
1 8
1 2;3
0 10;13;21;30;32;35;36;37;38
0 12;16;17;27
0 1
12 #edges, tree 298
10;13;21;30;32;35;36;37;38 41
12;16;17;27 48
8 52
8 14
2;3 4
1 7;9;11;15;18;19;20;34;39;40;45;47;51
1 23;24;25;33
1 8
1 2;3
0 10;13;21;30;32;35;36;37;38
0 12;16;17;27
0 1
12 #edges, tree 299
10;13;21;30;32;35;36;37;38 41
12;16;17;27 48
8 52
8 14
8 4
8 2;3
1 7;9;11;15;18;19;20;34;39;40;45;47;51
1 23;24;25;33
1 8
0 10;13;21;30;32;35;36;37;38
0 12;16;17;27
0 1
12 #edges, tree 300
52 4
10;13;21;30;32;35;36;37;38 41
12;16;17;27 48
8 52
8 14
8 2;3
1 7;9;11;15;18;19;20;34;39;40;45;47;51
1 23;24;25;33
1 8
0 10;13;21;30;32;35;36;37;38
0 12;16;17;27
0 1
12 #edges, tree 301
10;13;21;30;32;35;36;37;38 41
12;16;17;27 48
14 4
8 52
8 14
8 2;3
1 7;9;11;15;18;19;20;34;39;40;45;47;51
1 23;24;25;33
1 8
0 10;13;21;30;32;35;36;37;38
0 12;16;17;27
0 1
12 #edges, tree 302
10;13;21;30;32;35;36;37;38 41
12;16;17;27 48
8 52
8 14
8 2;3
2;3 4
1 7;9;11;15;18;19;20;34;39;40;45;47;51
1 23;24;25;33
1 8
0 10;13;21;30;32;35;36;37;38
0 12;16;17;27
0 1
12 #edges, tree 303
52 4
10;13;21;30;32;35;36;37;38 41
12;16;17;27 48
14 23;24;25;33
8 52
8 14
1 7;9;11;15;18;19;20;34;39;40;45;47;51
1 8
1 2;3
0 10;13;21;30;32;35;36;37;38
0 12;16;17;27
0 1
12 #edges, tree 304
52 4
10;13;21;30;32;35;36;37;38 41
12;16;17;27 48
8 52
8 23;24;25;33
8 14
1 7;9;11;15;18;19;20;34;39;40;45;47;51
1 8
1 2;3
0 10;13;21;30;32;35;36;37;38
0 12;16;17;27
0 1
12 #edges, tree 305
52 4
10;13;21;30;32;35;36;37;38 41
12;16;17;27 48
14 23;24;25;33
8 52
8 14
8 2;3
1 7;9;11;15;18;19;20;34;39;40;45;47;51
1 8
0 10;13;21;30;32;35;36;37;38
0 12;16;17;27
0 1
12 #edges, tree 306
52 4
10;13;21;30;32;35;36;37;38 41
12;16;17;27 48
8 52
8 23;24;25;33
8 14
8 2;3
1 7;9;11;15;18;19;20;34;39;40;45;47;51
1 8
0 10;13;21;30;32;35;36;37;38
0 12;16;17;27
0 1
12 #edges, tree 307
10;13;21;30;32;35;36;37;38 41
12;16;17;27 48
14 23;24;25;33
8 52
8 14
8 4
1 7;9;11;15;18;19;20;34;39;40;45;47;51
1 8
1 2;3
0 10;13;21;30;32;35;36;37;38
0 12;16;17;27
0 1
12 #edges, tree 308
10;13;21;30;32;35;36;37;38 41
12;16;17;27 48
14 23;24;25;33
8 52
8 14
8 4
8 2;3
1 7;9;11;15;18;19;20;34;39;40;45;47;51
1 8
0 10;13;21;30;32;35;36;37;38
0 12;16;17;27
0 1
12 #edges, tree 309
10;13;21;30;32;35;36;37;38 41
12;16;17;27 48
14 23;24;25;33
14 4
8 52
8 14
8 2;3
1 7;9;11;15;18;19;20;34;39;40;45;47;51
1 8
0 10;13;21;30;32;35;36;37;38
0 12;16;17;27
0 1
12 #edges, tree 310
10;13;21;30;32;35;36;37;38 41
12;16;17;27 48
14 23;24;25;33
8 52
8 14
8 2;3
2;3 4
1 7;9;11;15;18;19;20;34;39;40;45;47;51
1 8
0 10;13;21;30;32;35;36;37;38
0 12;16;17;27
0 1
12 #edges, tree 311
10;13;21;30;32;35;36;37;38 41
12;16;17;27 48
14 23;24;25;33
14 4
8 52
8 14
1 7;9;11;15;18;19;20;34;39;40;45;47;51
1 8
1 2;3
0 10;13;21;30;32;35;36;37;38
0 12;16;17;27
0 1
12 #edges, tree 312
10;13;21;30;32;35;36;37;38 41
12;16;17;27 48
14 23;24;25;33
8 52
8 14
2;3 4
1 7;9;11;15;18;19;20;34;39;40;45;47;51
1 8
1 2;3
0 10;13;21;30;32;35;36;37;38
0 12;16;17;27
0 1
12 #edges, tree 313
10;13;21;30;32;35;36;37;38 41
12;16;17;27 48
8 52
8 23;24;25;33
8 14
8 4
8 2;3
1 7;9;11;15;18;19;20;34;39;40;45;47;51
1 8
0 10;13;21;30;32;35;36;37;38
0 12;16;17;27
0 1
12 #edges, tree 314
10;13;21;30;32;35;36;37;38 41
12;16;17;27 48
8 52
8 23;24;25;33
8 14
8 2;3
2;3 4
1 7;9;11;15;18;19;20;34;39;40;45;47;51
1 8
0 10;13;21;30;32;35;36;37;38
0 12;16;17;27
0 1
12 #edges, tree 315
10;13;21;30;32;35;36;37;38 41
12;16;17;27 48
14 4
8 52
8 23;24;25;33
8 14
8 2;3
1 7;9;11;15;18;19;20;34;39;40;45;47;51
1 8
0 10;13;21;30;32;35;36;37;38
0 12;16;17;27
0 1
12 #edges, tree 316
10;13;21;30;32;35;36;37;38 41
12;16;17;27 48
8 52
8 23;24;25;33
8 14
2;3 4
1 7;9;11;15;18;19;20;34;39;40;45;47;51
1 8
1 2;3
0 10;13;21;30;32;35;36;37;38
0 12;16;17;27
0 1
12 #edges, tree 317
10;13;21;30;32;35;36;37;38 41
12;16;17;27 48
14 4
8 52
8 23;24;25;33
8 14
1 7;9;11;15;18;19;20;34;39;40;45;47;51
1 8
1 2;3
0 10;13;21;30;32;35;36;37;38
0 12;16;17;27
0 1
12 #edges, tree 318
10;13;21;30;32;35;36;37;38 41
12;16;17;27 48
8 52
8 23;24;25;33
8 14
8 4
1 7;9;11;15;18;19;20;34;39;40;45;47;51
1 8
1 2;3
0 10;13;21;30;32;35;36;37;38
0 12;16;17;27
0 1
12 #edges, tree 319
7;9;11;15;18;19;20;34;39;40;45;47;51 52
10;13;21;30;32;35;36;37;38 41
12;16;17;27 48
8 23;24;25;33
8 14
8 4
1 7;9;11;15;18;19;20;34;39;40;45;47;51
1 8
1 2;3
0 10;13;21;30;32;35;36;37;38
0 12;16;17;27
0 1
12 #edges, tree 320
10;13;21;30;32;35;36;37;38 41
12;16;17;27 48
8 23;24;25;33
8 14
8 4
1 52
1 7;9;11;15;18;19;20;34;39;40;45;47;51
1 8
1 2;3
0 10;13;21;30;32;35;36;37;38
0 12;16;17;27
0 1
12 #edges, tree 321
10;13;21;30;32;35;36;37;38 41
12;16;17;27 48
8 23;24;25;33
8 14
8 4
4 52
1 7;9;11;15;18;19;20;34;39;40;45;47;51
1 8
1 2;3
0 10;13;21;30;32;35;36;37;38
0 12;16;17;27
0 1
12 #edges, tree 322
10;13;21;30;32;35;36;37;38 41
12;16;17;27 48
14 52
8 23;24;25;33
8 14
8 4
1 7;9;11;15;18;19;20;34;39;40;45;47;51
1 8
1 2;3
0 10;13;21;30;32;35;36;37;38
0 12;16;17;27
0 1
12 #edges, tree 323
10;13;21;30;32;35;36;37;38 41
12;16;17;27 48
14 23;24;25;33
8 14
8 4
4 52
1 7;9;11;15;18;19;20;34;39;40;45;47;51
1 8
1 2;3
0 10;13;21;30;32;35;36;37;38
0 12;16;17;27
0 1
12 #edges, tree 324
10;13;21;30;32;35;36;37;38 41
12;16;17;27 48
8 14
8 4
4 52
1 7;9;11;15;18;19;20;34;39;40;45;47;51
1 23;24;25;33
1 8
1 2;3
0 10;13;21;30;32;35;36;37;38
0 12;16;17;27
0 1
12 #edges, tree 325
10;13;21;30;32;35;36;37;38 41
12;16;17;27 48
14 52
8 14
8 4
1 7;9;11;15;18;19;20;34;39;40;45;47;51
1 23;24;25;33
1 8
1 2;3
0 10;13;21;30;32;35;36;37;38
0 12;16;17;27
0 1
12 #edges, tree 326
10;13;21;30;32;35;36;37;38 41
12;16;17;27 48
14 52
14 23;24;25;33
8 14
8 4
1 7;9;11;15;18;19;20;34;39;40;45;47;51
1 8
1 2;3
0 10;13;21;30;32;35;36;37;38
0 12;16;17;27
0 1
12 #edges, tree 327
7;9;11;15;18;19;20;34;39;40;45;47;51 52
10;13;21;30;32;35;36;37;38 41
12;16;17;27 48
14 23;24;25;33
8 14
8 4
1 7;9;11;15;18;19;20;34;39;40;45;47;51
1 8
1 2;3
0 10;13;21;30;32;35;36;37;38
0 12;16;17;27
0 1
12 #edges, tree 328
7;9;11;15;18;19;20;34;39;40;45;47;51 52
10;13;21;30;32;35;36;37;38 41
12;16;17;27 48
8 14
8 4
1 7;9;11;15;18;19;20;34;39;40;45;47;51
1 23;24;25;33
1 8
1 2;3
0 10;13;21;30;32;35;36;37;38
0 12;16;17;27
0 1
12 #edges, tree 329
10;13;21;30;32;35;36;37;38 41
12;16;17;27 48
8 14
8 4
1 52
1 7;9;11;15;18;19;20;34;39;40;45;47;51
1 23;24;25;33
1 8
1 2;3
0 10;13;21;30;32;35;36;37;38
0 12;16;17;27
0 1
12 #edges, tree 330
10;13;21;30;32;35;36;37;38 41
12;16;17;27 48
14 23;24;25;33
8 14
8 4
1 52
1 7;9;11;15;18;19;20;34;39;40;45;47;51
1 8
1 2;3
0 10;13;21;30;32;35;36;37;38
0 12;16;17;27
0 1
12 #edges, tree 331
10;13;21;30;32;35;36;37;38 41
12;16;17;27 48
8 14
8 4
8 2;3
1 52
1 7;9;11;15;18;19;20;34;39;40;45;47;51
1 23;24;25;33
1 8
0 10;13;21;30;32;35;36;37;38
0 12;16;17;27
0 1
12 #edges, tree 332
10;13;21;30;32;35;36;37;38 41
12;16;17;27 48
8 23;24;25;33
8 14
8 4
8 2;3
1 52
1 7;9;11;15;18;19;20;34;39;40;45;47;51
1 8
0 10;13;21;30;32;35;36;37;38
0 12;16;17;27
0 1
12 #edges, tree 333
10;13;21;30;32;35;36;37;38 41
12;16;17;27 48
14 23;24;25;33
8 14
8 4
8 2;3
1 52
1 7;9;11;15;18;19;20;34;39;40;45;47;51
1 8
0 10;13;21;30;32;35;36;37;38
0 12;16;17;27
0 1
12 #edges, tree 334
7;9;11;15;18;19;20;34;39;40;45;47;51 52
10;13;21;30;32;35;36;37;38 41
12;16;17;27 48
14 23;24;25;33
8 14
8 4
8 2;3
1 7;9;11;15;18;19;20;34;39;40;45;47;51
1 8
0 10;13;21;30;32;35;36;37;38
0 12;16;17;27
0 1
12 #edges, tree 335
10;13;21;30;32;35;36;37;38 41
12;16;17;27 48
14 52
14 23;24;25;33
8 14
8 4
8 2;3
1 7;9;11;15;18;19;20;34;39;40;45;47;51
1 8
0 10;13;21;30;32;35;36;37;38
0 12;16;17;27
0 1
12 #edges, tree 336
10;13;21;30;32;35;36;37;38 41
12;16;17;27 48
14 23;24;25;33
8 14
8 4
8 2;3
4 52
1 7;9;11;15;18;19;20;34;39;40;45;47;51
1 8
0 10;13;21;30;32;35;36;37;38
0 12;16;17;27
0 1
12 #edges, tree 337
10;13;21;30;32;35;36;37;38 41
12;16;17;27 48
8 23;24;25;33
8 14
8 4
8 2;3
4 52
1 7;9;11;15;18;19;20;34;39;40;45;47;51
1 8
0 10;13;21;30;32;35;36;37;38
0 12;16;17;27
0 1
12 #edges, tree 338
10;13;21;30;32;35;36;37;38 41
12;16;17;27 48
8 14
8 4
8 2;3
4 52
1 7;9;11;15;18;19;20;34;39;40;45;47;51
1 23;24;25;33
1 8
0 10;13;21;30;32;35;36;37;38
0 12;16;17;27
0 1
12 #edges, tree 339
10;13;21;30;32;35;36;37;38 41
12;16;17;27 48
14 52
8 23;24;25;33
8 14
8 4
8 2;3
1 7;9;11;15;18;19;20;34;39;40;45;47;51
1 8
0 10;13;21;30;32;35;36;37;38
0 12;16;17;27
0 1
12 #edges, tree 340
7;9;11;15;18;19;20;34;39;40;45;47;51 52
10;13;21;30;32;35;36;37;38 41
12;16;17;27 48
8 23;24;25;33
8 14
8 4
8 2;3
1 7;9;11;15;18;19;20;34;39;40;45;47;51
1 8
0 10;13;21;30;32;35;36;37;38
0 12;16;17;27
0 1
12 #edges, tree 341
7;9;11;15;18;19;20;34;39;40;45;47;51 52
10;13;21;30;32;35;36;37;38 41
12;16;17;27 48
8 14
8 4
8 2;3
1 7;9;11;15;18;19;20;34;39;40;45;47;51
1 23;24;25;33
1 8
0 10;13;21;30;32;35;36;37;38
0 12;16;17;27
0 1
12 #edges, tree 342
10;13;21;30;32;35;36;37;38 41
12;16;17;27 48
14 52
8 14
8 4
8 2;3
1 7;9;11;15;18;19;20;34;39;40;45;47;51
1 23;24;25;33
1 8
0 10;13;21;30;32;35;36;37;38
0 12;16;17;27
0 1
12 #edges, tree 343
10;13;21;30;32;35;36;37;38 41
12;16;17;27 48
14 52
14 4
8 23;24;25;33
8 14
1 7;9;11;15;18;19;20;34;39;40;45;47;51
1 8
1 2;3
0 10;13;21;30;32;35;36;37;38
0 12;16;17;27
0 1
12 #edges, tree 344
52 4
10;13;21;30;32;35;36;37;38 41
12;16;17;27 48
14 52
8 23;24;25;33
8 14
1 7;9;11;15;18;19;20;34;39;40;45;47;51
1 8
1 2;3
0 10;13;21;30;32;35;36;37;38
0 12;16;17;27
0 1
12 #edges, tree 345
10;13;21;30;32;35;36;37;38 41
12;16;17;27 48
14 52
8 23;24;25;33
8 14
2;3 4
1 7;9;11;15;18;19;20;34;39;40;45;47;51
1 8
1 2;3
0 10;13;21;30;32;35;36;37;38
0 12;16;17;27
0 1
12 #edges, tree 346
10;13;21;30;32;35;36;37;38 41
12;16;17;27 48
14 4
8 23;24;25;33
8 14
1 52
1 7;9;11;15;18;19;20;34;39;40;45;47;51
1 8
1 2;3
0 10;13;21;30;32;35;36;37;38
0 12;16;17;27
0 1
12 #edges, tree 347
10;13;21;30;32;35;36;37;38 41
12;16;17;27 48
8 23;24;25;33
8 14
2;3 4
1 52
1 7;9;11;15;18;19;20;34;39;40;45;47;51
1 8
1 2;3
0 10;13;21;30;32;35;36;37;38
0 12;16;17;27
0 1
12 #edges, tree 348
52 4
10;13;21;30;32;35;36;37;38 41
12;16;17;27 48
8 23;24;25;33
8 14
1 52
1 7;9;11;15;18;19;20;34;39;40;45;47;51
1 8
1 2;3
0 10;13;21;30;32;35;36;37;38
0 12;16;17;27
0 1
12 #edges, tree 349
7;9;11;15;18;19;20;34;39;40;45;47;51 52
10;13;21;30;32;35;36;37;38 41
12;16;17;27 48
14 4
8 23;24;25;33
8 14
1 7;9;11;15;18;19;20;34;39;40;45;47;51
1 8
1 2;3
0 10;13;21;30;32;35;36;37;38
0 12;16;17;27
0 1
12 #edges, tree 350
10;13;21;30;32;35;36;37;38 41
12;16;17;27 48
14 4
8 23;24;25;33
8 14
4 52
1 7;9;11;15;18;19;20;34;39;40;45;47;51
1 8
1 2;3
0 10;13;21;30;32;35;36;37;38
0 12;16;17;27
0 1
12 #edges, tree 351
7;9;11;15;18;19;20;34;39;40;45;47;51 52
10;13;21;30;32;35;36;37;38 41
12;16;17;27 48
8 23;24;25;33
8 14
2;3 4
1 7;9;11;15;18;19;20;34;39;40;45;47;51
1 8
1 2;3
0 10;13;21;30;32;35;36;37;38
0 12;16;17;27
0 1
12 #edges, tree 352
10;13;21;30;32;35;36;37;38 41
12;16;17;27 48
14 52
14 4
8 23;24;25;33
8 14
8 2;3
1 7;9;11;15;18;19;20;34;39;40;45;47;51
1 8
0 10;13;21;30;32;35;36;37;38
0 12;16;17;27
0 1
12 #edges, tree 353
52 4
10;13;21;30;32;35;36;37;38 41
12;16;17;27 48
14 52
8 23;24;25;33
8 14
8 2;3
1 7;9;11;15;18;19;20;34;39;40;45;47;51
1 8
0 10;13;21;30;32;35;36;37;38
0 12;16;17;27
0 1
12 #edges, tree 354
10;13;21;30;32;35;36;37;38 41
12;16;17;27 48
14 52
8 23;24;25;33
8 14
8 2;3
2;3 4
1 7;9;11;15;18;19;20;34;39;40;45;47;51
1 8
0 10;13;21;30;32;35;36;37;38
0 12;16;17;27
0 1
12 #edges, tree 355
7;9;11;15;18;19;20;34;39;40;45;47;51 52
10;13;21;30;32;35;36;37;38 41
12;16;17;27 48
8 23;24;25;33
8 14
8 2;3
2;3 4
1 7;9;11;15;18;19;20;34;39;40;45;47;51
1 8
0 10;13;21;30;32;35;36;37;38
0 12;16;17;27
0 1
12 #edges, tree 356
10;13;21;30;32;35;36;37;38 41
12;16;17;27 48
8 23;24;25;33
8 14
8 2;3
2;3 4
1 52
1 7;9;11;15;18;19;20;34;39;40;45;47;51
1 8
0 10;13;21;30;32;35;36;37;38
0 12;16;17;27
0 1
12 #edges, tree 357
7;9;11;15;18;19;20;34;39;40;45;47;51 52
10;13;21;30;32;35;36;37;38 41
12;16;17;27 48
14 4
8 23;24;25;33
8 14
8 2;3
1 7;9;11;15;18;19;20;34;39;40;45;47;51
1 8
0 10;13;21;30;32;35;36;37;38
0 12;16;17;27
0 1
12 #edges, tree 358
10;13;21;30;32;35;36;37;38 41
12;16;17;27 48
14 4
8 23;24;25;33
8 14
8 2;3
1 52
1 7;9;11;15;18;19;20;34;39;40;45;47;51
1 8
0 10;13;21;30;32;35;36;37;38
0 12;16;17;27
0 1
12 #edges, tree 359
52 4
10;13;21;30;32;35;36;37;38 41
12;16;17;27 48
8 23;24;25;33
8 14
8 2;3
1 52
1 7;9;11;15;18;19;20;34;39;40;45;47;51
1 8
0 10;13;21;30;32;35;36;37;38
0 12;16;17;27
0 1
12 #edges, tree 360
10;13;21;30;32;35;36;37;38 41
12;16;17;27 48
14 4
8 23;24;25;33
8 14
8 2;3
4 52
1 7;9;11;15;18;19;20;34;39;40;45;47;51
1 8
0 10;13;21;30;32;35;36;37;38
0 12;16;17;27
0 1
12 #edges, tree 361
52 4
10;13;21;30;32;35;36;37;38 41
12;16;17;27 48
14 23;24;25;33
8 14
8 2;3
1 52
1 7;9;11;15;18;19;20;34;39;40;45;47;51
1 8
0 10;13;21;30;32;35;36;37;38
0 12;16;17;27
0 1
12 #edges, tree 362
52 4
10;13;21;30;32;35;36;37;38 41
12;16;17;27 48
14 23;24;25;33
8 14
1 52
1 7;9;11;15;18;19;20;34;39;40;45;47;51
1 8
1 2;3
0 10;13;21;30;32;35;36;37;38
0 12;16;17;27
0 1
12 #edges, tree 363
10;13;21;30;32;35;36;37;38 41
12;16;17;27 48
14 23;24;25;33
14 4
8 14
8 2;3
1 52
1 7;9;11;15;18;19;20;34;39;40;45;47;51
1 8
0 10;13;21;30;32;35;36;37;38
0 12;16;17;27
0 1
12 #edges, tree 364
10;13;21;30;32;35;36;37;38 41
12;16;17;27 48
14 23;24;25;33
8 14
8 2;3
2;3 4
1 52
1 7;9;11;15;18;19;20;34;39;40;45;47;51
1 8
0 10;13;21;30;32;35;36;37;38
0 12;16;17;27
0 1
12 #edges, tree 365
10;13;21;30;32;35;36;37;38 41
12;16;17;27 48
14 23;24;25;33
14 4
8 14
1 52
1 7;9;11;15;18;19;20;34;39;40;45;47;51
1 8
1 2;3
0 10;13;21;30;32;35;36;37;38
0 12;16;17;27
0 1
12 #edges, tree 366
10;13;21;30;32;35;36;37;38 41
12;16;17;27 48
14 23;24;25;33
8 14
2;3 4
1 52
1 7;9;11;15;18;19;20;34;39;40;45;47;51
1 8
1 2;3
0 10;13;21;30;32;35;36;37;38
0 12;16;17;27
0 1
12 #edges, tree 367
52 4
10;13;21;30;32;35;36;37;38 41
12;16;17;27 48
8 14
8 2;3
1 52
1 7;9;11;15;18;19;20;34;39;40;45;47;51
1 23;24;25;33
1 8
0 10;13;21;30;32;35;36;37;38
0 12;16;17;27
0 1
12 #edges, tree 368
10;13;21;30;32;35;36;37;38 41
12;16;17;27 48
8 14
8 2;3
2;3 4
1 52
1 7;9;11;15;18;19;20;34;39;40;45;47;51
1 23;24;25;33
1 8
0 10;13;21;30;32;35;36;37;38
0 12;16;17;27
0 1
12 #edges, tree 369
10;13;21;30;32;35;36;37;38 41
12;16;17;27 48
14 4
8 14
8 2;3
1 52
1 7;9;11;15;18;19;20;34;39;40;45;47;51
1 23;24;25;33
1 8
0 10;13;21;30;32;35;36;37;38
0 12;16;17;27
0 1
12 #edges, tree 370
10;13;21;30;32;35;36;37;38 41
12;16;17;27 48
14 4
8 14
1 52
1 7;9;11;15;18;19;20;34;39;40;45;47;51
1 23;24;25;33
1 8
1 2;3
0 10;13;21;30;32;35;36;37;38
0 12;16;17;27
0 1
12 #edges, tree 371
52 4
10;13;21;30;32;35;36;37;38 41
12;16;17;27 48
8 14
1 52
1 7;9;11;15;18;19;20;34;39;40;45;47;51
1 23;24;25;33
1 8
1 2;3
0 10;13;21;30;32;35;36;37;38
0 12;16;17;27
0 1
12 #edges, tree 372
10;13;21;30;32;35;36;37;38 41
12;16;17;27 48
8 14
2;3 4
1 52
1 7;9;11;15;18;19;20;34;39;40;45;47;51
1 23;24;25;33
1 8
1 2;3
0 10;13;21;30;32;35;36;37;38
0 12;16;17;27
0 1
12 #edges, tree 373
10;13;21;30;32;35;36;37;38 41
12;16;17;27 48
14 52
14 23;24;25;33
14 4
8 14
8 2;3
1 7;9;11;15;18;19;20;34;39;40;45;47;51
1 8
0 10;13;21;30;32;35;36;37;38
0 12;16;17;27
0 1
12 #edges, tree 374
10;13;21;30;32;35;36;37;38 41
12;16;17;27 48
14 52
14 23;24;25;33
14 4
8 14
1 7;9;11;15;18;19;20;34;39;40;45;47;51
1 8
1 2;3
0 10;13;21;30;32;35;36;37;38
0 12;16;17;27
0 1
12 #edges, tree 375
10;13;21;30;32;35;36;37;38 41
12;16;17;27 48
14 52
14 23;24;25;33
8 14
2;3 4
1 7;9;11;15;18;19;20;34;39;40;45;47;51
1 8
1 2;3
0 10;13;21;30;32;35;36;37;38
0 12;16;17;27
0 1
12 #edges, tree 376
52 4
10;13;21;30;32;35;36;37;38 41
12;16;17;27 48
14 52
14 23;24;25;33
8 14
1 7;9;11;15;18;19;20;34;39;40;45;47;51
1 8
1 2;3
0 10;13;21;30;32;35;36;37;38
0 12;16;17;27
0 1
12 #edges, tree 377
10;13;21;30;32;35;36;37;38 41
12;16;17;27 48
14 52
14 23;24;25;33
8 14
8 2;3
2;3 4
1 7;9;11;15;18;19;20;34;39;40;45;47;51
1 8
0 10;13;21;30;32;35;36;37;38
0 12;16;17;27
0 1
12 #edges, tree 378
52 4
10;13;21;30;32;35;36;37;38 41
12;16;17;27 48
14 52
14 23;24;25;33
8 14
8 2;3
1 7;9;11;15;18;19;20;34;39;40;45;47;51
1 8
0 10;13;21;30;32;35;36;37;38
0 12;16;17;27
0 1
12 #edges, tree 379
10;13;21;30;32;35;36;37;38 41
12;16;17;27 48
14 52
8 14
8 2;3
2;3 4
1 7;9;11;15;18;19;20;34;39;40;45;47;51
1 23;24;25;33
1 8
0 10;13;21;30;32;35;36;37;38
0 12;16;17;27
0 1
12 #edges, tree 380
10;13;21;30;32;35;36;37;38 41
12;16;17;27 48
14 52
14 4
8 14
8 2;3
1 7;9;11;15;18;19;20;34;39;40;45;47;51
1 23;24;25;33
1 8
0 10;13;21;30;32;35;36;37;38
0 12;16;17;27
0 1
12 #edges, tree 381
52 4
10;13;21;30;32;35;36;37;38 41
12;16;17;27 48
14 52
8 14
8 2;3
1 7;9;11;15;18;19;20;34;39;40;45;47;51
1 23;24;25;33
1 8
0 10;13;21;30;32;35;36;37;38
0 12;16;17;27
0 1
12 #edges, tree 382
52 4
10;13;21;30;32;35;36;37;38 41
12;16;17;27 48
14 52
8 14
1 7;9;11;15;18;19;20;34;39;40;45;47;51
1 23;24;25;33
1 8
1 2;3
0 10;13;21;30;32;35;36;37;38
0 12;16;17;27
0 1
12 #edges, tree 383
10;13;21;30;32;35;36;37;38 41
12;16;17;27 48
14 52
14 4
8 14
1 7;9;11;15;18;19;20;34;39;40;45;47;51
1 23;24;25;33
1 8
1 2;3
0 10;13;21;30;32;35;36;37;38
0 12;16;17;27
0 1
12 #edges, tree 384
10;13;21;30;32;35;36;37;38 41
12;16;17;27 48
14 52
8 14
2;3 4
1 7;9;11;15;18;19;20;34;39;40;45;47;51
1 23;24;25;33
1 8
1 2;3
0 10;13;21;30;32;35;36;37;38
0 12;16;17;27
0 1
12 #edges, tree 385
10;13;21;30;32;35;36;37;38 41
12;16;17;27 48
14 4
8 14
4 52
1 7;9;11;15;18;19;20;34;39;40;45;47;51
1 23;24;25;33
1 8
1 2;3
0 10;13;21;30;32;35;36;37;38
0 12;16;17;27
0 1
12 #edges, tree 386
7;9;11;15;18;19;20;34;39;40;45;47;51 52
10;13;21;30;32;35;36;37;38 41
12;16;17;27 48
14 4
8 14
1 7;9;11;15;18;19;20;34;39;40;45;47;51
1 23;24;25;33
1 8
1 2;3
0 10;13;21;30;32;35;36;37;38
0 12;16;17;27
0 1
12 #edges, tree 387
7;9;11;15;18;19;20;34;39;40;45;47;51 52
10;13;21;30;32;35;36;37;38 41
12;16;17;27 48
8 14
2;3 4
1 7;9;11;15;18;19;20;34;39;40;45;47;51
1 23;24;25;33
1 8
1 2;3
0 10;13;21;30;32;35;36;37;38
0 12;16;17;27
0 1
12 #edges, tree 388
7;9;11;15;18;19;20;34;39;40;45;47;51 52
10;13;21;30;32;35;36;37;38 41
12;16;17;27 48
14 23;24;25;33
8 14
2;3 4
1 7;9;11;15;18;19;20;34;39;40;45;47;51
1 8
1 2;3
0 10;13;21;30;32;35;36;37;38
0 12;16;17;27
0 1
12 #edges, tree 389
10;13;21;30;32;35;36;37;38 41
12;16;17;27 48
14 23;24;25;33
14 4
8 14
4 52
1 7;9;11;15;18;19;20;34;39;40;45;47;51
1 8
1 2;3
0 10;13;21;30;32;35;36;37;38
0 12;16;17;27
0 1
12 #edges, tree 390
7;9;11;15;18;19;20;34;39;40;45;47;51 52
10;13;21;30;32;35;36;37;38 41
12;16;17;27 48
14 23;24;25;33
14 4
8 14
1 7;9;11;15;18;19;20;34;39;40;45;47;51
1 8
1 2;3
0 10;13;21;30;32;35;36;37;38
0 12;16;17;27
0 1
12 #edges, tree 391
10;13;21;30;32;35;36;37;38 41
12;16;17;27 48
14 4
8 14
8 2;3
4 52
1 7;9;11;15;18;19;20;34;39;40;45;47;51
1 23;24;25;33
1 8
0 10;13;21;30;32;35;36;37;38
0 12;16;17;27
0 1
12 #edges, tree 392
7;9;11;15;18;19;20;34;39;40;45;47;51 52
10;13;21;30;32;35;36;37;38 41
12;16;17;27 48
14 4
8 14
8 2;3
1 7;9;11;15;18;19;20;34;39;40;45;47;51
1 23;24;25;33
1 8
0 10;13;21;30;32;35;36;37;38
0 12;16;17;27
0 1
12 #edges, tree 393
7;9;11;15;18;19;20;34;39;40;45;47;51 52
10;13;21;30;32;35;36;37;38 41
12;16;17;27 48
8 14
8 2;3
2;3 4
1 7;9;11;15;18;19;20;34;39;40;45;47;51
1 23;24;25;33
1 8
0 10;13;21;30;32;35;36;37;38
0 12;16;17;27
0 1
12 #edges, tree 394
7;9;11;15;18;19;20;34;39;40;45;47;51 52
10;13;21;30;32;35;36;37;38 41
12;16;17;27 48
14 23;24;25;33
8 14
8 2;3
2;3 4
1 7;9;11;15;18;19;20;34;39;40;45;47;51
1 8
0 10;13;21;30;32;35;36;37;38
0 12;16;17;27
0 1
12 #edges, tree 395
10;13;21;30;32;35;36;37;38 41
12;16;17;27 48
14 23;24;25;33
14 4
8 14
8 2;3
4 52
1 7;9;11;15;18;19;20;34;39;40;45;47;51
1 8
0 10;13;21;30;32;35;36;37;38
0 12;16;17;27
0 1
12 #edges, tree 396
7;9;11;15;18;19;20;34;39;40;45;47;51 52
10;13;21;30;32;35;36;37;38 41
12;16;17;27 48
14 23;24;25;33
14 4
8 14
8 2;3
1 7;9;11;15;18;19;20;34;39;40;45;47;51
1 8
0 10;13;21;30;32;35;36;37;38
0 12;16;17;27
0 1
