# 10 out of 10 mutations
9 #trees
9 #edges, tree 1
43 44;45
4;10;14;17;22;24;35;40 47;49
2;8;12;13;15;18;20;21;26;27;29;30;39 43
0 52
0 5;9;11;16;23;25;31;34;36;38;46
0 4;10;14;17;22;24;35;40
0 2;8;12;13;15;18;20;21;26;27;29;30;39
0 32
0 1;3;6;7;19;28
9 #edges, tree 2
0 1;3;6;7;19;28
0 2;8;12;13;15;18;20;21;26;27;29;30;39
0 4;10;14;17;22;24;35;40
0 5;9;11;16;23;25;31;34;36;38;46
0 52
1;3;6;7;19;28 32
2;8;12;13;15;18;20;21;26;27;29;30;39 43
4;10;14;17;22;24;35;40 47;49
43 44;45
9 #edges, tree 3
43 44;45
4;10;14;17;22;24;35;40 47;49
2;8;12;13;15;18;20;21;26;27;29;30;39 43
32 52
0 5;9;11;16;23;25;31;34;36;38;46
0 4;10;14;17;22;24;35;40
0 2;8;12;13;15;18;20;21;26;27;29;30;39
0 32
0 1;3;6;7;19;28
9 #edges, tree 4
43 44;45
4;10;14;17;22;24;35;40 47;49
2;8;12;13;15;18;20;21;26;27;29;30;39 52
2;8;12;13;15;18;20;21;26;27;29;30;39 43
0 5;9;11;16;23;25;31;34;36;38;46
0 4;10;14;17;22;24;35;40
0 2;8;12;13;15;18;20;21;26;27;29;30;39
0 32
0 1;3;6;7;19;28
9 #edges, tree 5
0 1;3;6;7;19;28
0 32
0 2;8;12;13;15;18;20;21;26;27;29;30;39
0 4;10;14;17;22;24;35;40
0 5;9;11;16;23;25;31;34;36;38;46
2;8;12;13;15;18;20;21;26;27;29;30;39 43
4;10;14;17;22;24;35;40 47;49
43 44;45
44;45 52
9 #edges, tree 6
0 1;3;6;7;19;28
0 32
0 2;8;12;13;15;18;20;21;26;27;29;30;39
0 4;10;14;17;22;24;35;40
0 5;9;11;16;23;25;31;34;36;38;46
2;8;12;13;15;18;20;21;26;27;29;30;39 43
4;10;14;17;22;24;35;40 47;49
43 44;45
43 52
9 #edges, tree 7
0 1;3;6;7;19;28
0 2;8;12;13;15;18;20;21;26;27;29;30;39
0 4;10;14;17;22;24;35;40
0 5;9;11;16;23;25;31;34;36;38;46
1;3;6;7;19;28 32
2;8;12;13;15;18;20;21;26;27;29;30;39 43
2;8;12;13;15;18;20;21;26;27;29;30;39 52
4;10;14;17;22;24;35;40 47;49
43 44;45
9 #edges, tree 8
0 1;3;6;7;19;28
0 2;8;12;13;15;18;20;21;26;27;29;30;39
0 4;10;14;17;22;24;35;40
0 5;9;11;16;23;25;31;34;36;38;46
1;3;6;7;19;28 32
2;8;12;13;15;18;20;21;26;27;29;30;39 43
4;10;14;17;22;24;35;40 47;49
43 44;45
44;45 52
9 #edges, tree 9
43 52
43 44;45
4;10;14;17;22;24;35;40 47;49
2;8;12;13;15;18;20;21;26;27;29;30;39 43
1;3;6;7;19;28 32
0 5;9;11;16;23;25;31;34;36;38;46
0 4;10;14;17;22;24;35;40
0 2;8;12;13;15;18;20;21;26;27;29;30;39
0 1;3;6;7;19;28
