# 10 out of 10 mutations
9 #trees
9 #edges, tree 1
10;22;24;30 35;38
12;14;15;17;19;21 33;37
9;11;18;20 28
13 12;14;15;17;19;21
8 9;11;18;20
0;2;3;4;5;6;7 10;22;24;30
0;2;3;4;5;6;7 16
0;2;3;4;5;6;7 13
0;2;3;4;5;6;7 8
9 #edges, tree 2
0;2;3;4;5;6;7 13
0;2;3;4;5;6;7 16
0;2;3;4;5;6;7 9;11;18;20
0;2;3;4;5;6;7 10;22;24;30
13 12;14;15;17;19;21
9;11;18;20 8
9;11;18;20 28
12;14;15;17;19;21 33;37
10;22;24;30 35;38
9 #edges, tree 3
10;22;24;30 35;38
12;14;15;17;19;21 33;37
9;11;18;20 8
13 12;14;15;17;19;21
8 28
0;2;3;4;5;6;7 10;22;24;30
0;2;3;4;5;6;7 9;11;18;20
0;2;3;4;5;6;7 16
0;2;3;4;5;6;7 13
9 #edges, tree 4
10;22;24;30 35;38
12;14;15;17;19;21 13
9;11;18;20 28
13 33;37
8 9;11;18;20
0;2;3;4;5;6;7 10;22;24;30
0;2;3;4;5;6;7 12;14;15;17;19;21
0;2;3;4;5;6;7 16
0;2;3;4;5;6;7 8
9 #edges, tree 5
0;2;3;4;5;6;7 8
0;2;3;4;5;6;7 16
0;2;3;4;5;6;7 12;14;15;17;19;21
0;2;3;4;5;6;7 10;22;24;30
8 9;11;18;20
9;11;18;20 28
12;14;15;17;19;21 13
12;14;15;17;19;21 33;37
10;22;24;30 35;38
9 #edges, tree 6
0;2;3;4;5;6;7 16
0;2;3;4;5;6;7 9;11;18;20
0;2;3;4;5;6;7 12;14;15;17;19;21
0;2;3;4;5;6;7 10;22;24;30
13 33;37
9;11;18;20 8
9;11;18;20 28
12;14;15;17;19;21 13
10;22;24;30 35;38
9 #edges, tree 7
0;2;3;4;5;6;7 16
0;2;3;4;5;6;7 9;11;18;20
0;2;3;4;5;6;7 12;14;15;17;19;21
0;2;3;4;5;6;7 10;22;24;30
9;11;18;20 8
9;11;18;20 28
12;14;15;17;19;21 13
12;14;15;17;19;21 33;37
10;22;24;30 35;38
9 #edges, tree 8
0;2;3;4;5;6;7 16
0;2;3;4;5;6;7 9;11;18;20
0;2;3;4;5;6;7 12;14;15;17;19;21
0;2;3;4;5;6;7 10;22;24;30
8 28
9;11;18;20 8
12;14;15;17;19;21 13
12;14;15;17;19;21 33;37
10;22;24;30 35;38
9 #edges, tree 9
10;22;24;30 35;38
12;14;15;17;19;21 13
9;11;18;20 8
13 33;37
8 28
0;2;3;4;5;6;7 10;22;24;30
0;2;3;4;5;6;7 12;14;15;17;19;21
0;2;3;4;5;6;7 9;11;18;20
0;2;3;4;5;6;7 16
