# 12 out of 12 mutations
396 #trees
11 #edges, tree 1
0 1
0 3
0 2;6
0 7
0 13;16
0 5;8;10;11;19;20;21
0 31
1 9;12
3 25
9;12 18;23;29;30;35
18;23;29;30;35 37;38
11 #edges, tree 2
18;23;29;30;35 37;38
9;12 18;23;29;30;35
3 25
3 2;6
1 9;12
0 31
0 5;8;10;11;19;20;21
0 13;16
0 7
0 3
0 1
11 #edges, tree 3
0 3
0 2;6
0 7
0 9;12
0 13;16
0 5;8;10;11;19;20;21
0 31
1 18;23;29;30;35
3 25
9;12 1
18;23;29;30;35 37;38
11 #edges, tree 4
0 3
0 7
0 9;12
0 13;16
0 5;8;10;11;19;20;21
0 31
1 18;23;29;30;35
3 2;6
3 25
9;12 1
18;23;29;30;35 37;38
11 #edges, tree 5
18;23;29;30;35 37;38
9;12 18;23;29;30;35
3 31
3 25
1 9;12
0 5;8;10;11;19;20;21
0 13;16
0 7
0 2;6
0 3
0 1
11 #edges, tree 6
18;23;29;30;35 37;38
25 31
9;12 18;23;29;30;35
3 25
1 9;12
0 5;8;10;11;19;20;21
0 13;16
0 7
0 2;6
0 3
0 1
11 #edges, tree 7
18;23;29;30;35 37;38
9;12 1
3 31
3 25
1 18;23;29;30;35
0 5;8;10;11;19;20;21
0 13;16
0 9;12
0 7
0 2;6
0 3
11 #edges, tree 8
18;23;29;30;35 37;38
25 31
9;12 1
3 25
1 18;23;29;30;35
0 5;8;10;11;19;20;21
0 13;16
0 9;12
0 7
0 2;6
0 3
11 #edges, tree 9
0 3
0 7
0 9;12
0 13;16
0 5;8;10;11;19;20;21
1 18;23;29;30;35
3 2;6
3 25
3 31
9;12 1
18;23;29;30;35 37;38
11 #edges, tree 10
0 3
0 7
0 9;12
0 13;16
0 5;8;10;11;19;20;21
1 18;23;29;30;35
3 2;6
3 25
9;12 1
25 31
18;23;29;30;35 37;38
11 #edges, tree 11
0 1
0 3
0 7
0 13;16
0 5;8;10;11;19;20;21
1 9;12
3 2;6
3 25
3 31
9;12 18;23;29;30;35
18;23;29;30;35 37;38
11 #edges, tree 12
0 1
0 3
0 7
0 13;16
0 5;8;10;11;19;20;21
1 9;12
3 2;6
3 25
9;12 18;23;29;30;35
25 31
18;23;29;30;35 37;38
11 #edges, tree 13
0 1
0 3
0 2;6
0 7
0 5;8;10;11;19;20;21
1 9;12
1 13;16
3 25
3 31
9;12 18;23;29;30;35
18;23;29;30;35 37;38
11 #edges, tree 14
0 1
0 3
0 2;6
0 7
0 5;8;10;11;19;20;21
1 9;12
3 25
3 31
9;12 13;16
9;12 18;23;29;30;35
18;23;29;30;35 37;38
11 #edges, tree 15
0 1
0 3
0 2;6
0 7
0 5;8;10;11;19;20;21
0 31
1 9;12
1 13;16
3 25
9;12 18;23;29;30;35
18;23;29;30;35 37;38
11 #edges, tree 16
0 1
0 3
0 2;6
0 7
0 5;8;10;11;19;20;21
0 31
1 9;12
3 25
9;12 13;16
9;12 18;23;29;30;35
18;23;29;30;35 37;38
11 #edges, tree 17
18;23;29;30;35 37;38
25 31
9;12 18;23;29;30;35
9;12 13;16
3 25
1 9;12
0 5;8;10;11;19;20;21
0 7
0 2;6
0 3
0 1
11 #edges, tree 18
18;23;29;30;35 37;38
25 31
9;12 18;23;29;30;35
3 25
1 13;16
1 9;12
0 5;8;10;11;19;20;21
0 7
0 2;6
0 3
0 1
11 #edges, tree 19
18;23;29;30;35 37;38
9;12 18;23;29;30;35
9;12 13;16
3 25
3 2;6
1 9;12
0 31
0 5;8;10;11;19;20;21
0 7
0 3
0 1
11 #edges, tree 20
18;23;29;30;35 37;38
9;12 18;23;29;30;35
3 25
3 2;6
1 13;16
1 9;12
0 31
0 5;8;10;11;19;20;21
0 7
0 3
0 1
11 #edges, tree 21
18;23;29;30;35 37;38
25 31
9;12 18;23;29;30;35
9;12 13;16
3 25
3 2;6
1 9;12
0 5;8;10;11;19;20;21
0 7
0 3
0 1
11 #edges, tree 22
18;23;29;30;35 37;38
9;12 18;23;29;30;35
9;12 13;16
3 31
3 25
3 2;6
1 9;12
0 5;8;10;11;19;20;21
0 7
0 3
0 1
11 #edges, tree 23
18;23;29;30;35 37;38
9;12 18;23;29;30;35
3 31
3 25
3 2;6
1 13;16
1 9;12
0 5;8;10;11;19;20;21
0 7
0 3
0 1
11 #edges, tree 24
18;23;29;30;35 37;38
25 31
9;12 18;23;29;30;35
3 25
3 2;6
1 13;16
1 9;12
0 5;8;10;11;19;20;21
0 7
0 3
0 1
11 #edges, tree 25
18;23;29;30;35 37;38
9;12 1
3 25
3 2;6
1 18;23;29;30;35
1 13;16
0 31
0 5;8;10;11;19;20;21
0 9;12
0 7
0 3
11 #edges, tree 26
18;23;29;30;35 37;38
9;12 1
3 25
1 18;23;29;30;35
1 13;16
0 31
0 5;8;10;11;19;20;21
0 9;12
0 7
0 2;6
0 3
11 #edges, tree 27
18;23;29;30;35 37;38
9;12 13;16
9;12 1
3 25
1 18;23;29;30;35
0 31
0 5;8;10;11;19;20;21
0 9;12
0 7
0 2;6
0 3
11 #edges, tree 28
18;23;29;30;35 37;38
9;12 13;16
9;12 1
3 25
3 2;6
1 18;23;29;30;35
0 31
0 5;8;10;11;19;20;21
0 9;12
0 7
0 3
11 #edges, tree 29
18;23;29;30;35 37;38
25 31
9;12 13;16
9;12 1
3 25
1 18;23;29;30;35
0 5;8;10;11;19;20;21
0 9;12
0 7
0 2;6
0 3
11 #edges, tree 30
18;23;29;30;35 37;38
25 31
9;12 1
3 25
1 18;23;29;30;35
1 13;16
0 5;8;10;11;19;20;21
0 9;12
0 7
0 2;6
0 3
11 #edges, tree 31
18;23;29;30;35 37;38
9;12 13;16
9;12 1
3 31
3 25
1 18;23;29;30;35
0 5;8;10;11;19;20;21
0 9;12
0 7
0 2;6
0 3
11 #edges, tree 32
18;23;29;30;35 37;38
9;12 1
3 31
3 25
1 18;23;29;30;35
1 13;16
0 5;8;10;11;19;20;21
0 9;12
0 7
0 2;6
0 3
11 #edges, tree 33
0 3
0 7
0 9;12
0 5;8;10;11;19;20;21
1 18;23;29;30;35
3 2;6
3 25
9;12 1
9;12 13;16
25 31
18;23;29;30;35 37;38
11 #edges, tree 34
0 3
0 7
0 9;12
0 5;8;10;11;19;20;21
1 18;23;29;30;35
3 2;6
3 25
3 31
9;12 1
9;12 13;16
18;23;29;30;35 37;38
11 #edges, tree 35
0 3
0 7
0 9;12
0 5;8;10;11;19;20;21
1 13;16
1 18;23;29;30;35
3 2;6
3 25
3 31
9;12 1
18;23;29;30;35 37;38
11 #edges, tree 36
0 3
0 7
0 9;12
0 5;8;10;11;19;20;21
1 13;16
1 18;23;29;30;35
3 2;6
3 25
9;12 1
25 31
18;23;29;30;35 37;38
11 #edges, tree 37
0 3
0 2;6
0 9;12
0 5;8;10;11;19;20;21
0 31
1 18;23;29;30;35
3 25
9;12 1
9;12 13;16
13;16 7
18;23;29;30;35 37;38
11 #edges, tree 38
0 3
0 9;12
0 5;8;10;11;19;20;21
0 31
1 18;23;29;30;35
3 2;6
3 25
9;12 1
9;12 13;16
13;16 7
18;23;29;30;35 37;38
11 #edges, tree 39
0 3
0 2;6
0 9;12
0 5;8;10;11;19;20;21
0 31
1 18;23;29;30;35
3 7
3 25
9;12 1
9;12 13;16
18;23;29;30;35 37;38
11 #edges, tree 40
0 3
0 9;12
0 5;8;10;11;19;20;21
0 31
1 18;23;29;30;35
3 2;6
3 7
3 25
9;12 1
9;12 13;16
18;23;29;30;35 37;38
11 #edges, tree 41
0 3
0 2;6
0 9;12
0 5;8;10;11;19;20;21
0 31
1 18;23;29;30;35
3 25
9;12 1
9;12 13;16
31 7
18;23;29;30;35 37;38
11 #edges, tree 42
0 3
0 2;6
0 9;12
0 5;8;10;11;19;20;21
0 31
1 18;23;29;30;35
3 25
9;12 1
9;12 13;16
5;8;10;11;19;20;21 7
18;23;29;30;35 37;38
11 #edges, tree 43
0 3
0 2;6
0 9;12
0 5;8;10;11;19;20;21
0 31
1 7
1 18;23;29;30;35
3 25
9;12 1
9;12 13;16
18;23;29;30;35 37;38
11 #edges, tree 44
0 3
0 2;6
0 9;12
0 5;8;10;11;19;20;21
0 31
1 18;23;29;30;35
3 25
9;12 1
9;12 13;16
25 7
18;23;29;30;35 37;38
11 #edges, tree 45
0 3
0 2;6
0 9;12
0 5;8;10;11;19;20;21
0 31
1 18;23;29;30;35
3 25
2;6 7
9;12 1
9;12 13;16
18;23;29;30;35 37;38
11 #edges, tree 46
0 3
0 2;6
0 9;12
0 5;8;10;11;19;20;21
0 31
1 18;23;29;30;35
3 25
9;12 1
9;12 7
9;12 13;16
18;23;29;30;35 37;38
11 #edges, tree 47
0 3
0 2;6
0 9;12
0 5;8;10;11;19;20;21
0 31
1 18;23;29;30;35
3 25
9;12 1
9;12 13;16
18;23;29;30;35 7
18;23;29;30;35 37;38
11 #edges, tree 48
0 3
0 2;6
0 9;12
0 5;8;10;11;19;20;21
0 31
1 18;23;29;30;35
3 25
9;12 1
9;12 13;16
18;23;29;30;35 37;38
37;38 7
11 #edges, tree 49
0 3
0 9;12
0 5;8;10;11;19;20;21
0 31
1 18;23;29;30;35
3 2;6
3 25
9;12 1
9;12 7
9;12 13;16
18;23;29;30;35 37;38
11 #edges, tree 50
0 3
0 9;12
0 5;8;10;11;19;20;21
0 31
1 7
1 18;23;29;30;35
3 2;6
3 25
9;12 1
9;12 13;16
18;23;29;30;35 37;38
11 #edges, tree 51
0 3
0 9;12
0 5;8;10;11;19;20;21
0 31
1 18;23;29;30;35
3 2;6
3 25
9;12 1
9;12 13;16
18;23;29;30;35 7
18;23;29;30;35 37;38
11 #edges, tree 52
0 3
0 9;12
0 5;8;10;11;19;20;21
0 31
1 18;23;29;30;35
3 2;6
3 25
9;12 1
9;12 13;16
31 7
18;23;29;30;35 37;38
11 #edges, tree 53
0 3
0 9;12
0 5;8;10;11;19;20;21
0 31
1 18;23;29;30;35
3 2;6
3 25
2;6 7
9;12 1
9;12 13;16
18;23;29;30;35 37;38
11 #edges, tree 54
0 3
0 9;12
0 5;8;10;11;19;20;21
0 31
1 18;23;29;30;35
3 2;6
3 25
9;12 1
9;12 13;16
18;23;29;30;35 37;38
37;38 7
11 #edges, tree 55
0 3
0 9;12
0 5;8;10;11;19;20;21
0 31
1 18;23;29;30;35
3 2;6
3 25
9;12 1
9;12 13;16
5;8;10;11;19;20;21 7
18;23;29;30;35 37;38
11 #edges, tree 56
0 3
0 9;12
0 5;8;10;11;19;20;21
0 31
1 18;23;29;30;35
3 2;6
3 25
9;12 1
9;12 13;16
25 7
18;23;29;30;35 37;38
11 #edges, tree 57
0 3
0 9;12
0 13;16
0 5;8;10;11;19;20;21
0 31
1 18;23;29;30;35
3 2;6
3 7
3 25
9;12 1
18;23;29;30;35 37;38
11 #edges, tree 58
0 3
0 9;12
0 5;8;10;11;19;20;21
0 31
1 13;16
1 18;23;29;30;35
3 2;6
3 7
3 25
9;12 1
18;23;29;30;35 37;38
11 #edges, tree 59
0 3
0 2;6
0 9;12
0 13;16
0 5;8;10;11;19;20;21
0 31
1 18;23;29;30;35
3 7
3 25
9;12 1
18;23;29;30;35 37;38
11 #edges, tree 60
0 3
0 2;6
0 9;12
0 5;8;10;11;19;20;21
0 31
1 13;16
1 18;23;29;30;35
3 7
3 25
9;12 1
18;23;29;30;35 37;38
11 #edges, tree 61
0 3
0 2;6
0 9;12
0 13;16
0 5;8;10;11;19;20;21
0 31
1 18;23;29;30;35
3 25
9;12 1
9;12 7
18;23;29;30;35 37;38
11 #edges, tree 62
0 3
0 2;6
0 9;12
0 5;8;10;11;19;20;21
0 31
1 13;16
1 18;23;29;30;35
3 25
9;12 1
9;12 7
18;23;29;30;35 37;38
11 #edges, tree 63
0 3
0 2;6
0 9;12
0 13;16
0 5;8;10;11;19;20;21
0 31
1 18;23;29;30;35
3 25
9;12 1
31 7
18;23;29;30;35 37;38
11 #edges, tree 64
0 3
0 2;6
0 9;12
0 5;8;10;11;19;20;21
0 31
1 13;16
1 18;23;29;30;35
3 25
9;12 1
31 7
18;23;29;30;35 37;38
11 #edges, tree 65
18;23;29;30;35 37;38
9;12 1
2;6 7
3 25
1 18;23;29;30;35
0 31
0 5;8;10;11;19;20;21
0 13;16
0 9;12
0 2;6
0 3
11 #edges, tree 66
18;23;29;30;35 37;38
9;12 1
2;6 7
3 25
1 18;23;29;30;35
1 13;16
0 31
0 5;8;10;11;19;20;21
0 9;12
0 2;6
0 3
11 #edges, tree 67
18;23;29;30;35 37;38
5;8;10;11;19;20;21 7
9;12 1
3 25
1 18;23;29;30;35
0 31
0 5;8;10;11;19;20;21
0 13;16
0 9;12
0 2;6
0 3
11 #edges, tree 68
18;23;29;30;35 37;38
5;8;10;11;19;20;21 7
9;12 1
3 25
1 18;23;29;30;35
1 13;16
0 31
0 5;8;10;11;19;20;21
0 9;12
0 2;6
0 3
11 #edges, tree 69
18;23;29;30;35 37;38
13;16 7
9;12 1
3 25
1 18;23;29;30;35
0 31
0 5;8;10;11;19;20;21
0 13;16
0 9;12
0 2;6
0 3
11 #edges, tree 70
18;23;29;30;35 37;38
9;12 1
3 25
1 18;23;29;30;35
1 7
0 31
0 5;8;10;11;19;20;21
0 13;16
0 9;12
0 2;6
0 3
11 #edges, tree 71
18;23;29;30;35 37;38
25 7
9;12 1
3 25
1 18;23;29;30;35
0 31
0 5;8;10;11;19;20;21
0 13;16
0 9;12
0 2;6
0 3
11 #edges, tree 72
18;23;29;30;35 37;38
18;23;29;30;35 7
9;12 1
3 25
1 18;23;29;30;35
0 31
0 5;8;10;11;19;20;21
0 13;16
0 9;12
0 2;6
0 3
11 #edges, tree 73
37;38 7
18;23;29;30;35 37;38
9;12 1
3 25
1 18;23;29;30;35
0 31
0 5;8;10;11;19;20;21
0 13;16
0 9;12
0 2;6
0 3
11 #edges, tree 74
18;23;29;30;35 37;38
13;16 7
9;12 1
3 25
1 18;23;29;30;35
1 13;16
0 31
0 5;8;10;11;19;20;21
0 9;12
0 2;6
0 3
11 #edges, tree 75
18;23;29;30;35 37;38
9;12 1
3 25
1 18;23;29;30;35
1 13;16
1 7
0 31
0 5;8;10;11;19;20;21
0 9;12
0 2;6
0 3
11 #edges, tree 76
18;23;29;30;35 37;38
25 7
9;12 1
3 25
1 18;23;29;30;35
1 13;16
0 31
0 5;8;10;11;19;20;21
0 9;12
0 2;6
0 3
11 #edges, tree 77
37;38 7
18;23;29;30;35 37;38
9;12 1
3 25
1 18;23;29;30;35
1 13;16
0 31
0 5;8;10;11;19;20;21
0 9;12
0 2;6
0 3
11 #edges, tree 78
18;23;29;30;35 37;38
18;23;29;30;35 7
9;12 1
3 25
1 18;23;29;30;35
1 13;16
0 31
0 5;8;10;11;19;20;21
0 9;12
0 2;6
0 3
11 #edges, tree 79
18;23;29;30;35 37;38
9;12 1
3 25
3 2;6
1 18;23;29;30;35
1 13;16
1 7
0 31
0 5;8;10;11;19;20;21
0 9;12
0 3
11 #edges, tree 80
18;23;29;30;35 37;38
9;12 1
3 25
3 2;6
1 18;23;29;30;35
1 7
0 31
0 5;8;10;11;19;20;21
0 13;16
0 9;12
0 3
11 #edges, tree 81
18;23;29;30;35 37;38
9;12 7
9;12 1
3 25
3 2;6
1 18;23;29;30;35
1 13;16
0 31
0 5;8;10;11;19;20;21
0 9;12
0 3
11 #edges, tree 82
18;23;29;30;35 37;38
5;8;10;11;19;20;21 7
9;12 1
3 25
3 2;6
1 18;23;29;30;35
1 13;16
0 31
0 5;8;10;11;19;20;21
0 9;12
0 3
11 #edges, tree 83
18;23;29;30;35 37;38
9;12 1
2;6 7
3 25
3 2;6
1 18;23;29;30;35
1 13;16
0 31
0 5;8;10;11;19;20;21
0 9;12
0 3
11 #edges, tree 84
18;23;29;30;35 37;38
25 7
9;12 1
3 25
3 2;6
1 18;23;29;30;35
1 13;16
0 31
0 5;8;10;11;19;20;21
0 9;12
0 3
11 #edges, tree 85
18;23;29;30;35 37;38
31 7
9;12 1
3 25
3 2;6
1 18;23;29;30;35
1 13;16
0 31
0 5;8;10;11;19;20;21
0 9;12
0 3
11 #edges, tree 86
18;23;29;30;35 37;38
18;23;29;30;35 7
9;12 1
3 25
3 2;6
1 18;23;29;30;35
1 13;16
0 31
0 5;8;10;11;19;20;21
0 9;12
0 3
11 #edges, tree 87
37;38 7
18;23;29;30;35 37;38
9;12 1
3 25
3 2;6
1 18;23;29;30;35
1 13;16
0 31
0 5;8;10;11;19;20;21
0 9;12
0 3
11 #edges, tree 88
18;23;29;30;35 37;38
13;16 7
9;12 1
3 25
3 2;6
1 18;23;29;30;35
1 13;16
0 31
0 5;8;10;11;19;20;21
0 9;12
0 3
11 #edges, tree 89
18;23;29;30;35 37;38
5;8;10;11;19;20;21 7
9;12 1
3 25
3 2;6
1 18;23;29;30;35
0 31
0 5;8;10;11;19;20;21
0 13;16
0 9;12
0 3
11 #edges, tree 90
18;23;29;30;35 37;38
25 7
9;12 1
3 25
3 2;6
1 18;23;29;30;35
0 31
0 5;8;10;11;19;20;21
0 13;16
0 9;12
0 3
11 #edges, tree 91
18;23;29;30;35 37;38
9;12 7
9;12 1
3 25
3 2;6
1 18;23;29;30;35
0 31
0 5;8;10;11;19;20;21
0 13;16
0 9;12
0 3
11 #edges, tree 92
18;23;29;30;35 37;38
13;16 7
9;12 1
3 25
3 2;6
1 18;23;29;30;35
0 31
0 5;8;10;11;19;20;21
0 13;16
0 9;12
0 3
11 #edges, tree 93
18;23;29;30;35 37;38
31 7
9;12 1
3 25
3 2;6
1 18;23;29;30;35
0 31
0 5;8;10;11;19;20;21
0 13;16
0 9;12
0 3
11 #edges, tree 94
18;23;29;30;35 37;38
18;23;29;30;35 7
9;12 1
3 25
3 2;6
1 18;23;29;30;35
0 31
0 5;8;10;11;19;20;21
0 13;16
0 9;12
0 3
11 #edges, tree 95
37;38 7
18;23;29;30;35 37;38
9;12 1
3 25
3 2;6
1 18;23;29;30;35
0 31
0 5;8;10;11;19;20;21
0 13;16
0 9;12
0 3
11 #edges, tree 96
18;23;29;30;35 37;38
9;12 1
2;6 7
3 25
3 2;6
1 18;23;29;30;35
0 31
0 5;8;10;11;19;20;21
0 13;16
0 9;12
0 3
11 #edges, tree 97
18;23;29;30;35 37;38
31 7
9;12 18;23;29;30;35
3 25
1 9;12
0 31
0 5;8;10;11;19;20;21
0 13;16
0 2;6
0 3
0 1
11 #edges, tree 98
18;23;29;30;35 37;38
31 7
9;12 18;23;29;30;35
3 25
1 13;16
1 9;12
0 31
0 5;8;10;11;19;20;21
0 2;6
0 3
0 1
11 #edges, tree 99
18;23;29;30;35 37;38
31 7
9;12 18;23;29;30;35
9;12 13;16
3 25
1 9;12
0 31
0 5;8;10;11;19;20;21
0 2;6
0 3
0 1
11 #edges, tree 100
18;23;29;30;35 37;38
31 7
9;12 18;23;29;30;35
3 25
3 2;6
1 9;12
0 31
0 5;8;10;11;19;20;21
0 13;16
0 3
0 1
11 #edges, tree 101
18;23;29;30;35 37;38
31 7
9;12 18;23;29;30;35
3 25
3 2;6
1 13;16
1 9;12
0 31
0 5;8;10;11;19;20;21
0 3
0 1
11 #edges, tree 102
18;23;29;30;35 37;38
31 7
9;12 18;23;29;30;35
9;12 13;16
3 25
3 2;6
1 9;12
0 31
0 5;8;10;11;19;20;21
0 3
0 1
11 #edges, tree 103
18;23;29;30;35 37;38
25 7
9;12 18;23;29;30;35
3 25
1 9;12
0 31
0 5;8;10;11;19;20;21
0 13;16
0 2;6
0 3
0 1
11 #edges, tree 104
18;23;29;30;35 37;38
25 7
9;12 18;23;29;30;35
3 25
1 13;16
1 9;12
0 31
0 5;8;10;11;19;20;21
0 2;6
0 3
0 1
11 #edges, tree 105
18;23;29;30;35 37;38
25 7
9;12 18;23;29;30;35
9;12 13;16
3 25
1 9;12
0 31
0 5;8;10;11;19;20;21
0 2;6
0 3
0 1
11 #edges, tree 106
18;23;29;30;35 37;38
25 7
9;12 18;23;29;30;35
3 25
3 2;6
1 9;12
0 31
0 5;8;10;11;19;20;21
0 13;16
0 3
0 1
11 #edges, tree 107
18;23;29;30;35 37;38
25 7
9;12 18;23;29;30;35
3 25
3 2;6
1 13;16
1 9;12
0 31
0 5;8;10;11;19;20;21
0 3
0 1
11 #edges, tree 108
18;23;29;30;35 37;38
25 7
9;12 18;23;29;30;35
9;12 13;16
3 25
3 2;6
1 9;12
0 31
0 5;8;10;11;19;20;21
0 3
0 1
11 #edges, tree 109
18;23;29;30;35 37;38
5;8;10;11;19;20;21 7
9;12 18;23;29;30;35
3 25
1 9;12
0 31
0 5;8;10;11;19;20;21
0 13;16
0 2;6
0 3
0 1
11 #edges, tree 110
18;23;29;30;35 37;38
5;8;10;11;19;20;21 7
9;12 18;23;29;30;35
3 25
3 2;6
1 9;12
0 31
0 5;8;10;11;19;20;21
0 13;16
0 3
0 1
11 #edges, tree 111
18;23;29;30;35 37;38
9;12 18;23;29;30;35
3 25
3 7
3 2;6
1 9;12
0 31
0 5;8;10;11;19;20;21
0 13;16
0 3
0 1
11 #edges, tree 112
18;23;29;30;35 37;38
9;12 18;23;29;30;35
3 25
3 7
1 9;12
0 31
0 5;8;10;11;19;20;21
0 13;16
0 2;6
0 3
0 1
11 #edges, tree 113
18;23;29;30;35 37;38
9;12 18;23;29;30;35
9;12 7
3 25
3 2;6
1 9;12
0 31
0 5;8;10;11;19;20;21
0 13;16
0 3
0 1
11 #edges, tree 114
18;23;29;30;35 37;38
9;12 18;23;29;30;35
9;12 7
3 25
1 9;12
0 31
0 5;8;10;11;19;20;21
0 13;16
0 2;6
0 3
0 1
11 #edges, tree 115
18;23;29;30;35 37;38
18;23;29;30;35 7
9;12 18;23;29;30;35
3 25
3 2;6
1 9;12
0 31
0 5;8;10;11;19;20;21
0 13;16
0 3
0 1
11 #edges, tree 116
18;23;29;30;35 37;38
18;23;29;30;35 7
9;12 18;23;29;30;35
3 25
1 9;12
0 31
0 5;8;10;11;19;20;21
0 13;16
0 2;6
0 3
0 1
11 #edges, tree 117
18;23;29;30;35 37;38
9;12 18;23;29;30;35
3 25
1 9;12
1 7
0 31
0 5;8;10;11;19;20;21
0 13;16
0 2;6
0 3
0 1
11 #edges, tree 118
18;23;29;30;35 37;38
13;16 7
9;12 18;23;29;30;35
3 25
1 9;12
0 31
0 5;8;10;11;19;20;21
0 13;16
0 2;6
0 3
0 1
11 #edges, tree 119
37;38 7
18;23;29;30;35 37;38
9;12 18;23;29;30;35
3 25
1 9;12
0 31
0 5;8;10;11;19;20;21
0 13;16
0 2;6
0 3
0 1
11 #edges, tree 120
18;23;29;30;35 37;38
9;12 18;23;29;30;35
2;6 7
3 25
1 9;12
0 31
0 5;8;10;11;19;20;21
0 13;16
0 2;6
0 3
0 1
11 #edges, tree 121
18;23;29;30;35 37;38
9;12 18;23;29;30;35
3 25
3 2;6
1 9;12
1 7
0 31
0 5;8;10;11;19;20;21
0 13;16
0 3
0 1
11 #edges, tree 122
37;38 7
18;23;29;30;35 37;38
9;12 18;23;29;30;35
3 25
3 2;6
1 9;12
0 31
0 5;8;10;11;19;20;21
0 13;16
0 3
0 1
11 #edges, tree 123
18;23;29;30;35 37;38
9;12 18;23;29;30;35
2;6 7
3 25
3 2;6
1 9;12
0 31
0 5;8;10;11;19;20;21
0 13;16
0 3
0 1
11 #edges, tree 124
18;23;29;30;35 37;38
13;16 7
9;12 18;23;29;30;35
3 25
3 2;6
1 9;12
0 31
0 5;8;10;11;19;20;21
0 13;16
0 3
0 1
11 #edges, tree 125
18;23;29;30;35 37;38
5;8;10;11;19;20;21 7
9;12 18;23;29;30;35
3 25
3 2;6
1 13;16
1 9;12
0 31
0 5;8;10;11;19;20;21
0 3
0 1
11 #edges, tree 126
18;23;29;30;35 37;38
5;8;10;11;19;20;21 7
9;12 18;23;29;30;35
9;12 13;16
3 25
3 2;6
1 9;12
0 31
0 5;8;10;11;19;20;21
0 3
0 1
11 #edges, tree 127
18;23;29;30;35 37;38
5;8;10;11;19;20;21 7
9;12 18;23;29;30;35
3 25
1 13;16
1 9;12
0 31
0 5;8;10;11;19;20;21
0 2;6
0 3
0 1
11 #edges, tree 128
18;23;29;30;35 37;38
5;8;10;11;19;20;21 7
9;12 18;23;29;30;35
9;12 13;16
3 25
1 9;12
0 31
0 5;8;10;11;19;20;21
0 2;6
0 3
0 1
11 #edges, tree 129
0 1
0 3
0 2;6
0 5;8;10;11;19;20;21
0 31
1 9;12
1 13;16
3 7
3 25
9;12 18;23;29;30;35
18;23;29;30;35 37;38
11 #edges, tree 130
0 1
0 3
0 2;6
0 5;8;10;11;19;20;21
0 31
1 9;12
3 7
3 25
9;12 13;16
9;12 18;23;29;30;35
18;23;29;30;35 37;38
11 #edges, tree 131
0 1
0 3
0 2;6
0 5;8;10;11;19;20;21
0 31
1 9;12
1 13;16
3 25
2;6 7
9;12 18;23;29;30;35
18;23;29;30;35 37;38
11 #edges, tree 132
0 1
0 3
0 2;6
0 5;8;10;11;19;20;21
0 31
1 9;12
3 25
2;6 7
9;12 13;16
9;12 18;23;29;30;35
18;23;29;30;35 37;38
11 #edges, tree 133
0 1
0 3
0 2;6
0 5;8;10;11;19;20;21
0 31
1 9;12
1 13;16
3 25
9;12 18;23;29;30;35
13;16 7
18;23;29;30;35 37;38
11 #edges, tree 134
0 1
0 3
0 2;6
0 5;8;10;11;19;20;21
0 31
1 9;12
1 13;16
3 25
9;12 18;23;29;30;35
18;23;29;30;35 7
18;23;29;30;35 37;38
11 #edges, tree 135
0 1
0 3
0 2;6
0 5;8;10;11;19;20;21
0 31
1 7
1 9;12
1 13;16
3 25
9;12 18;23;29;30;35
18;23;29;30;35 37;38
11 #edges, tree 136
0 1
0 3
0 2;6
0 5;8;10;11;19;20;21
0 31
1 9;12
1 13;16
3 25
9;12 7
9;12 18;23;29;30;35
18;23;29;30;35 37;38
11 #edges, tree 137
0 1
0 3
0 2;6
0 5;8;10;11;19;20;21
0 31
1 9;12
1 13;16
3 25
9;12 18;23;29;30;35
18;23;29;30;35 37;38
37;38 7
11 #edges, tree 138
0 1
0 3
0 2;6
0 5;8;10;11;19;20;21
0 31
1 9;12
3 25
9;12 13;16
9;12 18;23;29;30;35
13;16 7
18;23;29;30;35 37;38
11 #edges, tree 139
0 1
0 3
0 2;6
0 5;8;10;11;19;20;21
0 31
1 9;12
3 25
9;12 13;16
9;12 18;23;29;30;35
18;23;29;30;35 7
18;23;29;30;35 37;38
11 #edges, tree 140
0 1
0 3
0 2;6
0 5;8;10;11;19;20;21
0 31
1 9;12
3 25
9;12 7
9;12 13;16
9;12 18;23;29;30;35
18;23;29;30;35 37;38
11 #edges, tree 141
0 1
0 3
0 2;6
0 5;8;10;11;19;20;21
0 31
1 9;12
3 25
9;12 13;16
9;12 18;23;29;30;35
18;23;29;30;35 37;38
37;38 7
11 #edges, tree 142
0 1
0 3
0 2;6
0 5;8;10;11;19;20;21
0 31
1 7
1 9;12
3 25
9;12 13;16
9;12 18;23;29;30;35
18;23;29;30;35 37;38
11 #edges, tree 143
0 1
0 3
0 5;8;10;11;19;20;21
0 31
1 9;12
1 13;16
3 2;6
3 7
3 25
9;12 18;23;29;30;35
18;23;29;30;35 37;38
11 #edges, tree 144
0 1
0 3
0 5;8;10;11;19;20;21
0 31
1 9;12
3 2;6
3 7
3 25
9;12 13;16
9;12 18;23;29;30;35
18;23;29;30;35 37;38
11 #edges, tree 145
0 1
0 3
0 5;8;10;11;19;20;21
0 31
1 7
1 9;12
1 13;16
3 2;6
3 25
9;12 18;23;29;30;35
18;23;29;30;35 37;38
11 #edges, tree 146
0 1
0 3
0 5;8;10;11;19;20;21
0 31
1 7
1 9;12
3 2;6
3 25
9;12 13;16
9;12 18;23;29;30;35
18;23;29;30;35 37;38
11 #edges, tree 147
0 1
0 3
0 5;8;10;11;19;20;21
0 31
1 9;12
1 13;16
3 2;6
3 25
9;12 18;23;29;30;35
13;16 7
18;23;29;30;35 37;38
11 #edges, tree 148
0 1
0 3
0 5;8;10;11;19;20;21
0 31
1 9;12
1 13;16
3 2;6
3 25
9;12 18;23;29;30;35
18;23;29;30;35 37;38
37;38 7
11 #edges, tree 149
0 1
0 3
0 5;8;10;11;19;20;21
0 31
1 9;12
1 13;16
3 2;6
3 25
2;6 7
9;12 18;23;29;30;35
18;23;29;30;35 37;38
11 #edges, tree 150
0 1
0 3
0 5;8;10;11;19;20;21
0 31
1 9;12
1 13;16
3 2;6
3 25
9;12 7
9;12 18;23;29;30;35
18;23;29;30;35 37;38
11 #edges, tree 151
0 1
0 3
0 5;8;10;11;19;20;21
0 31
1 9;12
1 13;16
3 2;6
3 25
9;12 18;23;29;30;35
18;23;29;30;35 7
18;23;29;30;35 37;38
11 #edges, tree 152
0 1
0 3
0 5;8;10;11;19;20;21
0 31
1 9;12
3 2;6
3 25
9;12 13;16
9;12 18;23;29;30;35
18;23;29;30;35 7
18;23;29;30;35 37;38
11 #edges, tree 153
0 1
0 3
0 5;8;10;11;19;20;21
0 31
1 9;12
3 2;6
3 25
2;6 7
9;12 13;16
9;12 18;23;29;30;35
18;23;29;30;35 37;38
11 #edges, tree 154
0 1
0 3
0 5;8;10;11;19;20;21
0 31
1 9;12
3 2;6
3 25
9;12 7
9;12 13;16
9;12 18;23;29;30;35
18;23;29;30;35 37;38
11 #edges, tree 155
0 1
0 3
0 5;8;10;11;19;20;21
0 31
1 9;12
3 2;6
3 25
9;12 13;16
9;12 18;23;29;30;35
13;16 7
18;23;29;30;35 37;38
11 #edges, tree 156
0 1
0 3
0 5;8;10;11;19;20;21
0 31
1 9;12
3 2;6
3 25
9;12 13;16
9;12 18;23;29;30;35
18;23;29;30;35 37;38
37;38 7
11 #edges, tree 157
0 1
0 3
0 2;6
0 13;16
0 5;8;10;11;19;20;21
1 9;12
3 7
3 25
3 31
9;12 18;23;29;30;35
18;23;29;30;35 37;38
11 #edges, tree 158
0 3
0 2;6
0 9;12
0 13;16
0 5;8;10;11;19;20;21
1 18;23;29;30;35
3 7
3 25
3 31
9;12 1
18;23;29;30;35 37;38
11 #edges, tree 159
0 3
0 2;6
0 9;12
0 13;16
0 5;8;10;11;19;20;21
1 18;23;29;30;35
3 25
3 31
9;12 1
13;16 7
18;23;29;30;35 37;38
11 #edges, tree 160
0 1
0 3
0 2;6
0 13;16
0 5;8;10;11;19;20;21
1 9;12
3 25
3 31
9;12 18;23;29;30;35
13;16 7
18;23;29;30;35 37;38
11 #edges, tree 161
0 1
0 3
0 2;6
0 13;16
0 5;8;10;11;19;20;21
1 9;12
3 25
3 31
9;12 18;23;29;30;35
31 7
18;23;29;30;35 37;38
11 #edges, tree 162
0 3
0 2;6
0 9;12
0 13;16
0 5;8;10;11;19;20;21
1 18;23;29;30;35
3 25
3 31
9;12 1
31 7
18;23;29;30;35 37;38
11 #edges, tree 163
0 1
0 3
0 2;6
0 13;16
0 5;8;10;11;19;20;21
1 9;12
3 25
3 31
9;12 18;23;29;30;35
25 7
18;23;29;30;35 37;38
11 #edges, tree 164
0 3
0 2;6
0 9;12
0 13;16
0 5;8;10;11;19;20;21
1 18;23;29;30;35
3 25
3 31
9;12 1
25 7
18;23;29;30;35 37;38
11 #edges, tree 165
0 1
0 3
0 2;6
0 13;16
0 5;8;10;11;19;20;21
1 9;12
3 25
3 31
9;12 18;23;29;30;35
5;8;10;11;19;20;21 7
18;23;29;30;35 37;38
11 #edges, tree 166
0 3
0 2;6
0 9;12
0 13;16
0 5;8;10;11;19;20;21
1 18;23;29;30;35
3 25
3 31
9;12 1
5;8;10;11;19;20;21 7
18;23;29;30;35 37;38
11 #edges, tree 167
0 1
0 3
0 2;6
0 13;16
0 5;8;10;11;19;20;21
1 9;12
3 25
3 31
9;12 18;23;29;30;35
18;23;29;30;35 7
18;23;29;30;35 37;38
11 #edges, tree 168
0 1
0 3
0 2;6
0 13;16
0 5;8;10;11;19;20;21
1 7
1 9;12
3 25
3 31
9;12 18;23;29;30;35
18;23;29;30;35 37;38
11 #edges, tree 169
0 1
0 3
0 2;6
0 13;16
0 5;8;10;11;19;20;21
1 9;12
3 25
3 31
9;12 7
9;12 18;23;29;30;35
18;23;29;30;35 37;38
11 #edges, tree 170
0 1
0 3
0 2;6
0 13;16
0 5;8;10;11;19;20;21
1 9;12
3 25
3 31
2;6 7
9;12 18;23;29;30;35
18;23;29;30;35 37;38
11 #edges, tree 171
0 1
0 3
0 2;6
0 13;16
0 5;8;10;11;19;20;21
1 9;12
3 25
3 31
9;12 18;23;29;30;35
18;23;29;30;35 37;38
37;38 7
11 #edges, tree 172
0 3
0 2;6
0 9;12
0 13;16
0 5;8;10;11;19;20;21
1 18;23;29;30;35
3 25
3 31
2;6 7
9;12 1
18;23;29;30;35 37;38
11 #edges, tree 173
0 3
0 2;6
0 9;12
0 13;16
0 5;8;10;11;19;20;21
1 18;23;29;30;35
3 25
3 31
9;12 1
9;12 7
18;23;29;30;35 37;38
11 #edges, tree 174
0 3
0 2;6
0 9;12
0 13;16
0 5;8;10;11;19;20;21
1 18;23;29;30;35
3 25
3 31
9;12 1
18;23;29;30;35 7
18;23;29;30;35 37;38
11 #edges, tree 175
0 3
0 2;6
0 9;12
0 13;16
0 5;8;10;11;19;20;21
1 7
1 18;23;29;30;35
3 25
3 31
9;12 1
18;23;29;30;35 37;38
11 #edges, tree 176
0 3
0 2;6
0 9;12
0 13;16
0 5;8;10;11;19;20;21
1 18;23;29;30;35
3 25
3 31
9;12 1
18;23;29;30;35 37;38
37;38 7
11 #edges, tree 177
0 3
0 2;6
0 9;12
0 13;16
0 5;8;10;11;19;20;21
1 18;23;29;30;35
3 25
9;12 1
13;16 7
25 31
18;23;29;30;35 37;38
11 #edges, tree 178
0 1
0 3
0 2;6
0 13;16
0 5;8;10;11;19;20;21
1 9;12
3 25
9;12 18;23;29;30;35
13;16 7
25 31
18;23;29;30;35 37;38
11 #edges, tree 179
0 1
0 3
0 2;6
0 13;16
0 5;8;10;11;19;20;21
1 9;12
3 7
3 25
9;12 18;23;29;30;35
25 31
18;23;29;30;35 37;38
11 #edges, tree 180
0 3
0 2;6
0 9;12
0 13;16
0 5;8;10;11;19;20;21
1 18;23;29;30;35
3 7
3 25
9;12 1
25 31
18;23;29;30;35 37;38
11 #edges, tree 181
0 1
0 3
0 2;6
0 13;16
0 5;8;10;11;19;20;21
1 9;12
3 25
9;12 18;23;29;30;35
5;8;10;11;19;20;21 7
25 31
18;23;29;30;35 37;38
11 #edges, tree 182
0 1
0 3
0 2;6
0 13;16
0 5;8;10;11;19;20;21
1 9;12
3 25
9;12 18;23;29;30;35
25 31
18;23;29;30;35 7
18;23;29;30;35 37;38
11 #edges, tree 183
0 1
0 3
0 2;6
0 13;16
0 5;8;10;11;19;20;21
1 9;12
3 25
9;12 7
9;12 18;23;29;30;35
25 31
18;23;29;30;35 37;38
11 #edges, tree 184
0 1
0 3
0 2;6
0 13;16
0 5;8;10;11;19;20;21
1 9;12
3 25
9;12 18;23;29;30;35
25 7
25 31
18;23;29;30;35 37;38
11 #edges, tree 185
0 1
0 3
0 2;6
0 13;16
0 5;8;10;11;19;20;21
1 7
1 9;12
3 25
9;12 18;23;29;30;35
25 31
18;23;29;30;35 37;38
11 #edges, tree 186
0 1
0 3
0 2;6
0 13;16
0 5;8;10;11;19;20;21
1 9;12
3 25
9;12 18;23;29;30;35
25 31
18;23;29;30;35 37;38
37;38 7
11 #edges, tree 187
0 1
0 3
0 2;6
0 13;16
0 5;8;10;11;19;20;21
1 9;12
3 25
2;6 7
9;12 18;23;29;30;35
25 31
18;23;29;30;35 37;38
11 #edges, tree 188
0 1
0 3
0 2;6
0 13;16
0 5;8;10;11;19;20;21
1 9;12
3 25
9;12 18;23;29;30;35
25 31
31 7
18;23;29;30;35 37;38
11 #edges, tree 189
0 3
0 2;6
0 9;12
0 13;16
0 5;8;10;11;19;20;21
1 18;23;29;30;35
3 25
9;12 1
25 7
25 31
18;23;29;30;35 37;38
11 #edges, tree 190
0 3
0 2;6
0 9;12
0 13;16
0 5;8;10;11;19;20;21
1 18;23;29;30;35
3 25
9;12 1
25 31
31 7
18;23;29;30;35 37;38
11 #edges, tree 191
0 3
0 2;6
0 9;12
0 13;16
0 5;8;10;11;19;20;21
1 18;23;29;30;35
3 25
2;6 7
9;12 1
25 31
18;23;29;30;35 37;38
11 #edges, tree 192
0 3
0 2;6
0 9;12
0 13;16
0 5;8;10;11;19;20;21
1 18;23;29;30;35
3 25
9;12 1
5;8;10;11;19;20;21 7
25 31
18;23;29;30;35 37;38
11 #edges, tree 193
0 3
0 2;6
0 9;12
0 13;16
0 5;8;10;11;19;20;21
1 18;23;29;30;35
3 25
9;12 1
9;12 7
25 31
18;23;29;30;35 37;38
11 #edges, tree 194
0 3
0 2;6
0 9;12
0 13;16
0 5;8;10;11;19;20;21
1 7
1 18;23;29;30;35
3 25
9;12 1
25 31
18;23;29;30;35 37;38
11 #edges, tree 195
0 3
0 2;6
0 9;12
0 13;16
0 5;8;10;11;19;20;21
1 18;23;29;30;35
3 25
9;12 1
25 31
18;23;29;30;35 7
18;23;29;30;35 37;38
11 #edges, tree 196
0 3
0 2;6
0 9;12
0 13;16
0 5;8;10;11;19;20;21
1 18;23;29;30;35
3 25
9;12 1
25 31
18;23;29;30;35 37;38
37;38 7
11 #edges, tree 197
0 1
0 3
0 13;16
0 5;8;10;11;19;20;21
1 9;12
3 2;6
3 7
3 25
3 31
9;12 18;23;29;30;35
18;23;29;30;35 37;38
11 #edges, tree 198
0 3
0 9;12
0 13;16
0 5;8;10;11;19;20;21
1 18;23;29;30;35
3 2;6
3 7
3 25
3 31
9;12 1
18;23;29;30;35 37;38
11 #edges, tree 199
0 3
0 9;12
0 13;16
0 5;8;10;11;19;20;21
1 18;23;29;30;35
3 2;6
3 7
3 25
9;12 1
25 31
18;23;29;30;35 37;38
11 #edges, tree 200
0 1
0 3
0 13;16
0 5;8;10;11;19;20;21
1 9;12
3 2;6
3 7
3 25
9;12 18;23;29;30;35
25 31
18;23;29;30;35 37;38
11 #edges, tree 201
0 3
0 9;12
0 13;16
0 5;8;10;11;19;20;21
1 18;23;29;30;35
3 2;6
3 25
3 31
9;12 1
25 7
18;23;29;30;35 37;38
11 #edges, tree 202
0 1
0 3
0 13;16
0 5;8;10;11;19;20;21
1 9;12
3 2;6
3 25
3 31
9;12 18;23;29;30;35
25 7
18;23;29;30;35 37;38
11 #edges, tree 203
0 1
0 3
0 13;16
0 5;8;10;11;19;20;21
1 9;12
3 2;6
3 25
3 31
9;12 18;23;29;30;35
31 7
18;23;29;30;35 37;38
11 #edges, tree 204
0 3
0 9;12
0 13;16
0 5;8;10;11;19;20;21
1 18;23;29;30;35
3 2;6
3 25
3 31
9;12 1
31 7
18;23;29;30;35 37;38
11 #edges, tree 205
0 1
0 3
0 13;16
0 5;8;10;11;19;20;21
1 9;12
3 2;6
3 25
3 31
2;6 7
9;12 18;23;29;30;35
18;23;29;30;35 37;38
11 #edges, tree 206
0 3
0 9;12
0 13;16
0 5;8;10;11;19;20;21
1 18;23;29;30;35
3 2;6
3 25
3 31
2;6 7
9;12 1
18;23;29;30;35 37;38
11 #edges, tree 207
0 1
0 3
0 13;16
0 5;8;10;11;19;20;21
1 7
1 9;12
3 2;6
3 25
3 31
9;12 18;23;29;30;35
18;23;29;30;35 37;38
11 #edges, tree 208
0 1
0 3
0 13;16
0 5;8;10;11;19;20;21
1 9;12
3 2;6
3 25
3 31
9;12 7
9;12 18;23;29;30;35
18;23;29;30;35 37;38
11 #edges, tree 209
0 1
0 3
0 13;16
0 5;8;10;11;19;20;21
1 9;12
3 2;6
3 25
3 31
9;12 18;23;29;30;35
5;8;10;11;19;20;21 7
18;23;29;30;35 37;38
11 #edges, tree 210
0 1
0 3
0 13;16
0 5;8;10;11;19;20;21
1 9;12
3 2;6
3 25
3 31
9;12 18;23;29;30;35
13;16 7
18;23;29;30;35 37;38
11 #edges, tree 211
0 1
0 3
0 13;16
0 5;8;10;11;19;20;21
1 9;12
3 2;6
3 25
3 31
9;12 18;23;29;30;35
18;23;29;30;35 7
18;23;29;30;35 37;38
11 #edges, tree 212
0 1
0 3
0 13;16
0 5;8;10;11;19;20;21
1 9;12
3 2;6
3 25
3 31
9;12 18;23;29;30;35
18;23;29;30;35 37;38
37;38 7
11 #edges, tree 213
0 3
0 9;12
0 13;16
0 5;8;10;11;19;20;21
1 18;23;29;30;35
3 2;6
3 25
3 31
9;12 1
13;16 7
18;23;29;30;35 37;38
11 #edges, tree 214
0 3
0 9;12
0 13;16
0 5;8;10;11;19;20;21
1 18;23;29;30;35
3 2;6
3 25
3 31
9;12 1
9;12 7
18;23;29;30;35 37;38
11 #edges, tree 215
0 3
0 9;12
0 13;16
0 5;8;10;11;19;20;21
1 7
1 18;23;29;30;35
3 2;6
3 25
3 31
9;12 1
18;23;29;30;35 37;38
11 #edges, tree 216
0 3
0 9;12
0 13;16
0 5;8;10;11;19;20;21
1 18;23;29;30;35
3 2;6
3 25
3 31
9;12 1
5;8;10;11;19;20;21 7
18;23;29;30;35 37;38
11 #edges, tree 217
0 3
0 9;12
0 13;16
0 5;8;10;11;19;20;21
1 18;23;29;30;35
3 2;6
3 25
3 31
9;12 1
18;23;29;30;35 37;38
37;38 7
11 #edges, tree 218
0 3
0 9;12
0 13;16
0 5;8;10;11;19;20;21
1 18;23;29;30;35
3 2;6
3 25
3 31
9;12 1
18;23;29;30;35 7
18;23;29;30;35 37;38
11 #edges, tree 219
0 1
0 3
0 13;16
0 5;8;10;11;19;20;21
1 9;12
3 2;6
3 25
9;12 18;23;29;30;35
25 31
31 7
18;23;29;30;35 37;38
11 #edges, tree 220
0 1
0 3
0 13;16
0 5;8;10;11;19;20;21
1 7
1 9;12
3 2;6
3 25
9;12 18;23;29;30;35
25 31
18;23;29;30;35 37;38
11 #edges, tree 221
0 1
0 3
0 13;16
0 5;8;10;11;19;20;21
1 9;12
3 2;6
3 25
9;12 18;23;29;30;35
5;8;10;11;19;20;21 7
25 31
18;23;29;30;35 37;38
11 #edges, tree 222
0 1
0 3
0 13;16
0 5;8;10;11;19;20;21
1 9;12
3 2;6
3 25
9;12 18;23;29;30;35
13;16 7
25 31
18;23;29;30;35 37;38
11 #edges, tree 223
0 1
0 3
0 13;16
0 5;8;10;11;19;20;21
1 9;12
3 2;6
3 25
9;12 18;23;29;30;35
25 31
18;23;29;30;35 7
18;23;29;30;35 37;38
11 #edges, tree 224
0 1
0 3
0 13;16
0 5;8;10;11;19;20;21
1 9;12
3 2;6
3 25
9;12 7
9;12 18;23;29;30;35
25 31
18;23;29;30;35 37;38
11 #edges, tree 225
0 1
0 3
0 13;16
0 5;8;10;11;19;20;21
1 9;12
3 2;6
3 25
2;6 7
9;12 18;23;29;30;35
25 31
18;23;29;30;35 37;38
11 #edges, tree 226
0 1
0 3
0 13;16
0 5;8;10;11;19;20;21
1 9;12
3 2;6
3 25
9;12 18;23;29;30;35
25 7
25 31
18;23;29;30;35 37;38
11 #edges, tree 227
0 1
0 3
0 13;16
0 5;8;10;11;19;20;21
1 9;12
3 2;6
3 25
9;12 18;23;29;30;35
25 31
18;23;29;30;35 37;38
37;38 7
11 #edges, tree 228
0 3
0 9;12
0 13;16
0 5;8;10;11;19;20;21
1 18;23;29;30;35
3 2;6
3 25
9;12 1
9;12 7
25 31
18;23;29;30;35 37;38
11 #edges, tree 229
0 3
0 9;12
0 13;16
0 5;8;10;11;19;20;21
1 18;23;29;30;35
3 2;6
3 25
9;12 1
25 7
25 31
18;23;29;30;35 37;38
11 #edges, tree 230
0 3
0 9;12
0 13;16
0 5;8;10;11;19;20;21
1 18;23;29;30;35
3 2;6
3 25
9;12 1
13;16 7
25 31
18;23;29;30;35 37;38
11 #edges, tree 231
0 3
0 9;12
0 13;16
0 5;8;10;11;19;20;21
1 18;23;29;30;35
3 2;6
3 25
2;6 7
9;12 1
25 31
18;23;29;30;35 37;38
11 #edges, tree 232
0 3
0 9;12
0 13;16
0 5;8;10;11;19;20;21
1 18;23;29;30;35
3 2;6
3 25
9;12 1
5;8;10;11;19;20;21 7
25 31
18;23;29;30;35 37;38
11 #edges, tree 233
0 3
0 9;12
0 13;16
0 5;8;10;11;19;20;21
1 18;23;29;30;35
3 2;6
3 25
9;12 1
25 31
31 7
18;23;29;30;35 37;38
11 #edges, tree 234
0 3
0 9;12
0 13;16
0 5;8;10;11;19;20;21
1 7
1 18;23;29;30;35
3 2;6
3 25
9;12 1
25 31
18;23;29;30;35 37;38
11 #edges, tree 235
0 3
0 9;12
0 13;16
0 5;8;10;11;19;20;21
1 18;23;29;30;35
3 2;6
3 25
9;12 1
25 31
18;23;29;30;35 7
18;23;29;30;35 37;38
11 #edges, tree 236
0 3
0 9;12
0 13;16
0 5;8;10;11;19;20;21
1 18;23;29;30;35
3 2;6
3 25
9;12 1
25 31
18;23;29;30;35 37;38
37;38 7
11 #edges, tree 237
0 3
0 2;6
0 9;12
0 5;8;10;11;19;20;21
1 18;23;29;30;35
3 25
3 31
9;12 1
9;12 7
9;12 13;16
18;23;29;30;35 37;38
11 #edges, tree 238
0 3
0 2;6
0 9;12
0 5;8;10;11;19;20;21
1 18;23;29;30;35
3 25
9;12 1
9;12 7
9;12 13;16
25 31
18;23;29;30;35 37;38
11 #edges, tree 239
0 3
0 2;6
0 9;12
0 5;8;10;11;19;20;21
1 18;23;29;30;35
3 25
3 31
9;12 1
9;12 13;16
31 7
18;23;29;30;35 37;38
11 #edges, tree 240
0 3
0 2;6
0 9;12
0 5;8;10;11;19;20;21
1 18;23;29;30;35
3 25
3 31
9;12 1
9;12 13;16
13;16 7
18;23;29;30;35 37;38
11 #edges, tree 241
0 3
0 2;6
0 9;12
0 5;8;10;11;19;20;21
1 18;23;29;30;35
3 7
3 25
3 31
9;12 1
9;12 13;16
18;23;29;30;35 37;38
11 #edges, tree 242
0 3
0 2;6
0 9;12
0 5;8;10;11;19;20;21
1 18;23;29;30;35
3 25
3 31
9;12 1
9;12 13;16
5;8;10;11;19;20;21 7
18;23;29;30;35 37;38
11 #edges, tree 243
0 3
0 2;6
0 9;12
0 5;8;10;11;19;20;21
1 18;23;29;30;35
3 25
3 31
2;6 7
9;12 1
9;12 13;16
18;23;29;30;35 37;38
11 #edges, tree 244
0 3
0 2;6
0 9;12
0 5;8;10;11;19;20;21
1 18;23;29;30;35
3 25
3 31
9;12 1
9;12 13;16
25 7
18;23;29;30;35 37;38
11 #edges, tree 245
0 3
0 2;6
0 9;12
0 5;8;10;11;19;20;21
1 7
1 18;23;29;30;35
3 25
3 31
9;12 1
9;12 13;16
18;23;29;30;35 37;38
11 #edges, tree 246
0 3
0 2;6
0 9;12
0 5;8;10;11;19;20;21
1 18;23;29;30;35
3 25
3 31
9;12 1
9;12 13;16
18;23;29;30;35 7
18;23;29;30;35 37;38
11 #edges, tree 247
0 3
0 2;6
0 9;12
0 5;8;10;11;19;20;21
1 18;23;29;30;35
3 25
3 31
9;12 1
9;12 13;16
18;23;29;30;35 37;38
37;38 7
11 #edges, tree 248
0 3
0 2;6
0 9;12
0 5;8;10;11;19;20;21
1 18;23;29;30;35
3 7
3 25
9;12 1
9;12 13;16
25 31
18;23;29;30;35 37;38
11 #edges, tree 249
0 3
0 2;6
0 9;12
0 5;8;10;11;19;20;21
1 18;23;29;30;35
3 25
9;12 1
9;12 13;16
5;8;10;11;19;20;21 7
25 31
18;23;29;30;35 37;38
11 #edges, tree 250
0 3
0 2;6
0 9;12
0 5;8;10;11;19;20;21
1 18;23;29;30;35
3 25
9;12 1
9;12 13;16
13;16 7
25 31
18;23;29;30;35 37;38
11 #edges, tree 251
0 3
0 2;6
0 9;12
0 5;8;10;11;19;20;21
1 7
1 18;23;29;30;35
3 25
9;12 1
9;12 13;16
25 31
18;23;29;30;35 37;38
11 #edges, tree 252
0 3
0 2;6
0 9;12
0 5;8;10;11;19;20;21
1 18;23;29;30;35
3 25
9;12 1
9;12 13;16
25 7
25 31
18;23;29;30;35 37;38
11 #edges, tree 253
0 3
0 2;6
0 9;12
0 5;8;10;11;19;20;21
1 18;23;29;30;35
3 25
2;6 7
9;12 1
9;12 13;16
25 31
18;23;29;30;35 37;38
11 #edges, tree 254
0 3
0 2;6
0 9;12
0 5;8;10;11;19;20;21
1 18;23;29;30;35
3 25
9;12 1
9;12 13;16
25 31
31 7
18;23;29;30;35 37;38
11 #edges, tree 255
0 3
0 2;6
0 9;12
0 5;8;10;11;19;20;21
1 18;23;29;30;35
3 25
9;12 1
9;12 13;16
25 31
18;23;29;30;35 37;38
37;38 7
11 #edges, tree 256
0 3
0 2;6
0 9;12
0 5;8;10;11;19;20;21
1 18;23;29;30;35
3 25
9;12 1
9;12 13;16
25 31
18;23;29;30;35 7
18;23;29;30;35 37;38
11 #edges, tree 257
18;23;29;30;35 37;38
9;12 7
9;12 1
3 31
3 25
1 18;23;29;30;35
1 13;16
0 5;8;10;11;19;20;21
0 9;12
0 2;6
0 3
11 #edges, tree 258
18;23;29;30;35 37;38
25 31
9;12 7
9;12 1
3 25
1 18;23;29;30;35
1 13;16
0 5;8;10;11;19;20;21
0 9;12
0 2;6
0 3
11 #edges, tree 259
18;23;29;30;35 37;38
5;8;10;11;19;20;21 7
9;12 1
3 31
3 25
1 18;23;29;30;35
1 13;16
0 5;8;10;11;19;20;21
0 9;12
0 2;6
0 3
11 #edges, tree 260
18;23;29;30;35 37;38
25 31
5;8;10;11;19;20;21 7
9;12 1
3 25
1 18;23;29;30;35
1 13;16
0 5;8;10;11;19;20;21
0 9;12
0 2;6
0 3
11 #edges, tree 261
18;23;29;30;35 37;38
9;12 1
2;6 7
3 31
3 25
1 18;23;29;30;35
1 13;16
0 5;8;10;11;19;20;21
0 9;12
0 2;6
0 3
11 #edges, tree 262
18;23;29;30;35 37;38
25 31
9;12 1
2;6 7
3 25
1 18;23;29;30;35
1 13;16
0 5;8;10;11;19;20;21
0 9;12
0 2;6
0 3
11 #edges, tree 263
18;23;29;30;35 37;38
18;23;29;30;35 7
9;12 1
3 31
3 25
1 18;23;29;30;35
1 13;16
0 5;8;10;11;19;20;21
0 9;12
0 2;6
0 3
11 #edges, tree 264
18;23;29;30;35 37;38
18;23;29;30;35 7
25 31
9;12 1
3 25
1 18;23;29;30;35
1 13;16
0 5;8;10;11;19;20;21
0 9;12
0 2;6
0 3
11 #edges, tree 265
37;38 7
18;23;29;30;35 37;38
9;12 1
3 31
3 25
1 18;23;29;30;35
1 13;16
0 5;8;10;11;19;20;21
0 9;12
0 2;6
0 3
11 #edges, tree 266
18;23;29;30;35 37;38
9;12 1
3 31
3 25
1 18;23;29;30;35
1 13;16
1 7
0 5;8;10;11;19;20;21
0 9;12
0 2;6
0 3
11 #edges, tree 267
18;23;29;30;35 37;38
9;12 1
3 31
3 25
3 7
1 18;23;29;30;35
1 13;16
0 5;8;10;11;19;20;21
0 9;12
0 2;6
0 3
11 #edges, tree 268
18;23;29;30;35 37;38
13;16 7
9;12 1
3 31
3 25
1 18;23;29;30;35
1 13;16
0 5;8;10;11;19;20;21
0 9;12
0 2;6
0 3
11 #edges, tree 269
18;23;29;30;35 37;38
31 7
9;12 1
3 31
3 25
1 18;23;29;30;35
1 13;16
0 5;8;10;11;19;20;21
0 9;12
0 2;6
0 3
11 #edges, tree 270
18;23;29;30;35 37;38
25 7
9;12 1
3 31
3 25
1 18;23;29;30;35
1 13;16
0 5;8;10;11;19;20;21
0 9;12
0 2;6
0 3
11 #edges, tree 271
37;38 7
18;23;29;30;35 37;38
25 31
9;12 1
3 25
1 18;23;29;30;35
1 13;16
0 5;8;10;11;19;20;21
0 9;12
0 2;6
0 3
11 #edges, tree 272
18;23;29;30;35 37;38
25 31
9;12 1
3 25
1 18;23;29;30;35
1 13;16
1 7
0 5;8;10;11;19;20;21
0 9;12
0 2;6
0 3
11 #edges, tree 273
18;23;29;30;35 37;38
25 31
13;16 7
9;12 1
3 25
1 18;23;29;30;35
1 13;16
0 5;8;10;11;19;20;21
0 9;12
0 2;6
0 3
11 #edges, tree 274
18;23;29;30;35 37;38
25 31
25 7
9;12 1
3 25
1 18;23;29;30;35
1 13;16
0 5;8;10;11;19;20;21
0 9;12
0 2;6
0 3
11 #edges, tree 275
18;23;29;30;35 37;38
31 7
25 31
9;12 1
3 25
1 18;23;29;30;35
1 13;16
0 5;8;10;11;19;20;21
0 9;12
0 2;6
0 3
11 #edges, tree 276
18;23;29;30;35 37;38
25 31
9;12 1
3 25
3 7
1 18;23;29;30;35
1 13;16
0 5;8;10;11;19;20;21
0 9;12
0 2;6
0 3
11 #edges, tree 277
18;23;29;30;35 37;38
9;12 18;23;29;30;35
2;6 7
3 31
3 25
1 13;16
1 9;12
0 5;8;10;11;19;20;21
0 2;6
0 3
0 1
11 #edges, tree 278
18;23;29;30;35 37;38
25 31
9;12 18;23;29;30;35
2;6 7
3 25
1 13;16
1 9;12
0 5;8;10;11;19;20;21
0 2;6
0 3
0 1
11 #edges, tree 279
18;23;29;30;35 37;38
25 31
9;12 18;23;29;30;35
9;12 13;16
2;6 7
3 25
1 9;12
0 5;8;10;11;19;20;21
0 2;6
0 3
0 1
11 #edges, tree 280
18;23;29;30;35 37;38
9;12 18;23;29;30;35
9;12 13;16
2;6 7
3 31
3 25
1 9;12
0 5;8;10;11;19;20;21
0 2;6
0 3
0 1
11 #edges, tree 281
18;23;29;30;35 37;38
25 31
9;12 18;23;29;30;35
9;12 13;16
3 25
1 9;12
1 7
0 5;8;10;11;19;20;21
0 2;6
0 3
0 1
11 #edges, tree 282
18;23;29;30;35 37;38
25 31
9;12 18;23;29;30;35
3 25
1 13;16
1 9;12
1 7
0 5;8;10;11;19;20;21
0 2;6
0 3
0 1
11 #edges, tree 283
18;23;29;30;35 37;38
9;12 18;23;29;30;35
9;12 13;16
3 31
3 25
1 9;12
1 7
0 5;8;10;11;19;20;21
0 2;6
0 3
0 1
11 #edges, tree 284
18;23;29;30;35 37;38
9;12 18;23;29;30;35
3 31
3 25
1 13;16
1 9;12
1 7
0 5;8;10;11;19;20;21
0 2;6
0 3
0 1
11 #edges, tree 285
18;23;29;30;35 37;38
9;12 18;23;29;30;35
9;12 13;16
9;12 7
3 31
3 25
1 9;12
0 5;8;10;11;19;20;21
0 2;6
0 3
0 1
11 #edges, tree 286
18;23;29;30;35 37;38
25 31
9;12 18;23;29;30;35
9;12 13;16
9;12 7
3 25
1 9;12
0 5;8;10;11;19;20;21
0 2;6
0 3
0 1
11 #edges, tree 287
18;23;29;30;35 37;38
9;12 18;23;29;30;35
9;12 7
3 31
3 25
1 13;16
1 9;12
0 5;8;10;11;19;20;21
0 2;6
0 3
0 1
11 #edges, tree 288
18;23;29;30;35 37;38
25 31
9;12 18;23;29;30;35
9;12 7
3 25
1 13;16
1 9;12
0 5;8;10;11;19;20;21
0 2;6
0 3
0 1
11 #edges, tree 289
18;23;29;30;35 37;38
13;16 7
9;12 18;23;29;30;35
3 31
3 25
1 13;16
1 9;12
0 5;8;10;11;19;20;21
0 2;6
0 3
0 1
11 #edges, tree 290
18;23;29;30;35 37;38
25 31
13;16 7
9;12 18;23;29;30;35
3 25
1 13;16
1 9;12
0 5;8;10;11;19;20;21
0 2;6
0 3
0 1
11 #edges, tree 291
18;23;29;30;35 37;38
5;8;10;11;19;20;21 7
9;12 18;23;29;30;35
3 31
3 25
1 13;16
1 9;12
0 5;8;10;11;19;20;21
0 2;6
0 3
0 1
11 #edges, tree 292
18;23;29;30;35 37;38
25 31
5;8;10;11;19;20;21 7
9;12 18;23;29;30;35
3 25
1 13;16
1 9;12
0 5;8;10;11;19;20;21
0 2;6
0 3
0 1
11 #edges, tree 293
37;38 7
18;23;29;30;35 37;38
25 31
9;12 18;23;29;30;35
3 25
1 13;16
1 9;12
0 5;8;10;11;19;20;21
0 2;6
0 3
0 1
11 #edges, tree 294
18;23;29;30;35 37;38
25 31
9;12 18;23;29;30;35
3 25
3 7
1 13;16
1 9;12
0 5;8;10;11;19;20;21
0 2;6
0 3
0 1
11 #edges, tree 295
18;23;29;30;35 37;38
25 31
25 7
9;12 18;23;29;30;35
3 25
1 13;16
1 9;12
0 5;8;10;11;19;20;21
0 2;6
0 3
0 1
11 #edges, tree 296
18;23;29;30;35 37;38
31 7
25 31
9;12 18;23;29;30;35
3 25
1 13;16
1 9;12
0 5;8;10;11;19;20;21
0 2;6
0 3
0 1
11 #edges, tree 297
18;23;29;30;35 37;38
18;23;29;30;35 7
25 31
9;12 18;23;29;30;35
3 25
1 13;16
1 9;12
0 5;8;10;11;19;20;21
0 2;6
0 3
0 1
11 #edges, tree 298
18;23;29;30;35 37;38
9;12 18;23;29;30;35
3 31
3 25
3 7
1 13;16
1 9;12
0 5;8;10;11;19;20;21
0 2;6
0 3
0 1
11 #edges, tree 299
18;23;29;30;35 37;38
31 7
9;12 18;23;29;30;35
3 31
3 25
1 13;16
1 9;12
0 5;8;10;11;19;20;21
0 2;6
0 3
0 1
11 #edges, tree 300
18;23;29;30;35 37;38
25 7
9;12 18;23;29;30;35
3 31
3 25
1 13;16
1 9;12
0 5;8;10;11;19;20;21
0 2;6
0 3
0 1
11 #edges, tree 301
18;23;29;30;35 37;38
18;23;29;30;35 7
9;12 18;23;29;30;35
3 31
3 25
1 13;16
1 9;12
0 5;8;10;11;19;20;21
0 2;6
0 3
0 1
11 #edges, tree 302
37;38 7
18;23;29;30;35 37;38
9;12 18;23;29;30;35
3 31
3 25
1 13;16
1 9;12
0 5;8;10;11;19;20;21
0 2;6
0 3
0 1
11 #edges, tree 303
18;23;29;30;35 37;38
5;8;10;11;19;20;21 7
9;12 18;23;29;30;35
9;12 13;16
3 31
3 25
1 9;12
0 5;8;10;11;19;20;21
0 2;6
0 3
0 1
11 #edges, tree 304
18;23;29;30;35 37;38
25 31
5;8;10;11;19;20;21 7
9;12 18;23;29;30;35
9;12 13;16
3 25
1 9;12
0 5;8;10;11;19;20;21
0 2;6
0 3
0 1
11 #edges, tree 305
18;23;29;30;35 37;38
13;16 7
9;12 18;23;29;30;35
9;12 13;16
3 31
3 25
1 9;12
0 5;8;10;11;19;20;21
0 2;6
0 3
0 1
11 #edges, tree 306
18;23;29;30;35 37;38
25 31
13;16 7
9;12 18;23;29;30;35
9;12 13;16
3 25
1 9;12
0 5;8;10;11;19;20;21
0 2;6
0 3
0 1
11 #edges, tree 307
18;23;29;30;35 37;38
25 31
9;12 18;23;29;30;35
9;12 13;16
3 25
3 7
1 9;12
0 5;8;10;11;19;20;21
0 2;6
0 3
0 1
11 #edges, tree 308
18;23;29;30;35 37;38
9;12 18;23;29;30;35
9;12 13;16
3 31
3 25
3 7
1 9;12
0 5;8;10;11;19;20;21
0 2;6
0 3
0 1
11 #edges, tree 309
18;23;29;30;35 37;38
18;23;29;30;35 7
25 31
9;12 18;23;29;30;35
9;12 13;16
3 25
1 9;12
0 5;8;10;11;19;20;21
0 2;6
0 3
0 1
11 #edges, tree 310
18;23;29;30;35 37;38
18;23;29;30;35 7
9;12 18;23;29;30;35
9;12 13;16
3 31
3 25
1 9;12
0 5;8;10;11;19;20;21
0 2;6
0 3
0 1
11 #edges, tree 311
37;38 7
18;23;29;30;35 37;38
9;12 18;23;29;30;35
9;12 13;16
3 31
3 25
1 9;12
0 5;8;10;11;19;20;21
0 2;6
0 3
0 1
11 #edges, tree 312
18;23;29;30;35 37;38
25 7
9;12 18;23;29;30;35
9;12 13;16
3 31
3 25
1 9;12
0 5;8;10;11;19;20;21
0 2;6
0 3
0 1
11 #edges, tree 313
18;23;29;30;35 37;38
31 7
9;12 18;23;29;30;35
9;12 13;16
3 31
3 25
1 9;12
0 5;8;10;11;19;20;21
0 2;6
0 3
0 1
11 #edges, tree 314
37;38 7
18;23;29;30;35 37;38
25 31
9;12 18;23;29;30;35
9;12 13;16
3 25
1 9;12
0 5;8;10;11;19;20;21
0 2;6
0 3
0 1
11 #edges, tree 315
18;23;29;30;35 37;38
25 31
25 7
9;12 18;23;29;30;35
9;12 13;16
3 25
1 9;12
0 5;8;10;11;19;20;21
0 2;6
0 3
0 1
11 #edges, tree 316
18;23;29;30;35 37;38
31 7
25 31
9;12 18;23;29;30;35
9;12 13;16
3 25
1 9;12
0 5;8;10;11;19;20;21
0 2;6
0 3
0 1
11 #edges, tree 317
18;23;29;30;35 37;38
5;8;10;11;19;20;21 7
9;12 1
3 31
3 25
3 2;6
1 18;23;29;30;35
1 13;16
0 5;8;10;11;19;20;21
0 9;12
0 3
11 #edges, tree 318
18;23;29;30;35 37;38
5;8;10;11;19;20;21 7
9;12 13;16
9;12 1
3 31
3 25
3 2;6
1 18;23;29;30;35
0 5;8;10;11;19;20;21
0 9;12
0 3
11 #edges, tree 319
18;23;29;30;35 37;38
25 7
9;12 13;16
9;12 1
3 31
3 25
3 2;6
1 18;23;29;30;35
0 5;8;10;11;19;20;21
0 9;12
0 3
11 #edges, tree 320
18;23;29;30;35 37;38
25 7
9;12 1
3 31
3 25
3 2;6
1 18;23;29;30;35
1 13;16
0 5;8;10;11;19;20;21
0 9;12
0 3
11 #edges, tree 321
18;23;29;30;35 37;38
13;16 7
9;12 13;16
9;12 1
3 31
3 25
3 2;6
1 18;23;29;30;35
0 5;8;10;11;19;20;21
0 9;12
0 3
11 #edges, tree 322
18;23;29;30;35 37;38
31 7
9;12 13;16
9;12 1
3 31
3 25
3 2;6
1 18;23;29;30;35
0 5;8;10;11;19;20;21
0 9;12
0 3
11 #edges, tree 323
18;23;29;30;35 37;38
9;12 13;16
9;12 1
3 31
3 25
3 7
3 2;6
1 18;23;29;30;35
0 5;8;10;11;19;20;21
0 9;12
0 3
11 #edges, tree 324
18;23;29;30;35 37;38
9;12 13;16
9;12 1
2;6 7
3 31
3 25
3 2;6
1 18;23;29;30;35
0 5;8;10;11;19;20;21
0 9;12
0 3
11 #edges, tree 325
18;23;29;30;35 37;38
9;12 13;16
9;12 1
3 31
3 25
3 2;6
1 18;23;29;30;35
1 7
0 5;8;10;11;19;20;21
0 9;12
0 3
11 #edges, tree 326
37;38 7
18;23;29;30;35 37;38
9;12 13;16
9;12 1
3 31
3 25
3 2;6
1 18;23;29;30;35
0 5;8;10;11;19;20;21
0 9;12
0 3
11 #edges, tree 327
18;23;29;30;35 37;38
18;23;29;30;35 7
9;12 13;16
9;12 1
3 31
3 25
3 2;6
1 18;23;29;30;35
0 5;8;10;11;19;20;21
0 9;12
0 3
11 #edges, tree 328
18;23;29;30;35 37;38
9;12 13;16
9;12 7
9;12 1
3 31
3 25
3 2;6
1 18;23;29;30;35
0 5;8;10;11;19;20;21
0 9;12
0 3
11 #edges, tree 329
18;23;29;30;35 37;38
9;12 7
9;12 1
3 31
3 25
3 2;6
1 18;23;29;30;35
1 13;16
0 5;8;10;11;19;20;21
0 9;12
0 3
11 #edges, tree 330
18;23;29;30;35 37;38
31 7
9;12 1
3 31
3 25
3 2;6
1 18;23;29;30;35
1 13;16
0 5;8;10;11;19;20;21
0 9;12
0 3
11 #edges, tree 331
18;23;29;30;35 37;38
9;12 1
3 31
3 25
3 7
3 2;6
1 18;23;29;30;35
1 13;16
0 5;8;10;11;19;20;21
0 9;12
0 3
11 #edges, tree 332
18;23;29;30;35 37;38
18;23;29;30;35 7
9;12 1
3 31
3 25
3 2;6
1 18;23;29;30;35
1 13;16
0 5;8;10;11;19;20;21
0 9;12
0 3
11 #edges, tree 333
18;23;29;30;35 37;38
9;12 1
2;6 7
3 31
3 25
3 2;6
1 18;23;29;30;35
1 13;16
0 5;8;10;11;19;20;21
0 9;12
0 3
11 #edges, tree 334
37;38 7
18;23;29;30;35 37;38
9;12 1
3 31
3 25
3 2;6
1 18;23;29;30;35
1 13;16
0 5;8;10;11;19;20;21
0 9;12
0 3
11 #edges, tree 335
18;23;29;30;35 37;38
9;12 1
3 31
3 25
3 2;6
1 18;23;29;30;35
1 13;16
1 7
0 5;8;10;11;19;20;21
0 9;12
0 3
11 #edges, tree 336
18;23;29;30;35 37;38
13;16 7
9;12 1
3 31
3 25
3 2;6
1 18;23;29;30;35
1 13;16
0 5;8;10;11;19;20;21
0 9;12
0 3
11 #edges, tree 337
18;23;29;30;35 37;38
25 31
9;12 13;16
9;12 1
3 25
3 7
3 2;6
1 18;23;29;30;35
0 5;8;10;11;19;20;21
0 9;12
0 3
11 #edges, tree 338
18;23;29;30;35 37;38
25 31
9;12 13;16
9;12 7
9;12 1
3 25
3 2;6
1 18;23;29;30;35
0 5;8;10;11;19;20;21
0 9;12
0 3
11 #edges, tree 339
18;23;29;30;35 37;38
25 31
5;8;10;11;19;20;21 7
9;12 13;16
9;12 1
3 25
3 2;6
1 18;23;29;30;35
0 5;8;10;11;19;20;21
0 9;12
0 3
11 #edges, tree 340
18;23;29;30;35 37;38
31 7
25 31
9;12 13;16
9;12 1
3 25
3 2;6
1 18;23;29;30;35
0 5;8;10;11;19;20;21
0 9;12
0 3
11 #edges, tree 341
18;23;29;30;35 37;38
18;23;29;30;35 7
25 31
9;12 13;16
9;12 1
3 25
3 2;6
1 18;23;29;30;35
0 5;8;10;11;19;20;21
0 9;12
0 3
11 #edges, tree 342
18;23;29;30;35 37;38
25 31
13;16 7
9;12 13;16
9;12 1
3 25
3 2;6
1 18;23;29;30;35
0 5;8;10;11;19;20;21
0 9;12
0 3
11 #edges, tree 343
18;23;29;30;35 37;38
25 31
9;12 13;16
9;12 1
3 25
3 2;6
1 18;23;29;30;35
1 7
0 5;8;10;11;19;20;21
0 9;12
0 3
11 #edges, tree 344
18;23;29;30;35 37;38
25 31
25 7
9;12 13;16
9;12 1
3 25
3 2;6
1 18;23;29;30;35
0 5;8;10;11;19;20;21
0 9;12
0 3
11 #edges, tree 345
18;23;29;30;35 37;38
25 31
9;12 13;16
9;12 1
2;6 7
3 25
3 2;6
1 18;23;29;30;35
0 5;8;10;11;19;20;21
0 9;12
0 3
11 #edges, tree 346
37;38 7
18;23;29;30;35 37;38
25 31
9;12 13;16
9;12 1
3 25
3 2;6
1 18;23;29;30;35
0 5;8;10;11;19;20;21
0 9;12
0 3
11 #edges, tree 347
18;23;29;30;35 37;38
25 31
9;12 7
9;12 1
3 25
3 2;6
1 18;23;29;30;35
1 13;16
0 5;8;10;11;19;20;21
0 9;12
0 3
11 #edges, tree 348
18;23;29;30;35 37;38
25 31
9;12 1
3 25
3 7
3 2;6
1 18;23;29;30;35
1 13;16
0 5;8;10;11;19;20;21
0 9;12
0 3
11 #edges, tree 349
18;23;29;30;35 37;38
25 31
25 7
9;12 1
3 25
3 2;6
1 18;23;29;30;35
1 13;16
0 5;8;10;11;19;20;21
0 9;12
0 3
11 #edges, tree 350
18;23;29;30;35 37;38
25 31
5;8;10;11;19;20;21 7
9;12 1
3 25
3 2;6
1 18;23;29;30;35
1 13;16
0 5;8;10;11;19;20;21
0 9;12
0 3
11 #edges, tree 351
18;23;29;30;35 37;38
25 31
13;16 7
9;12 1
3 25
3 2;6
1 18;23;29;30;35
1 13;16
0 5;8;10;11;19;20;21
0 9;12
0 3
11 #edges, tree 352
18;23;29;30;35 37;38
25 31
9;12 1
2;6 7
3 25
3 2;6
1 18;23;29;30;35
1 13;16
0 5;8;10;11;19;20;21
0 9;12
0 3
11 #edges, tree 353
18;23;29;30;35 37;38
25 31
9;12 1
3 25
3 2;6
1 18;23;29;30;35
1 13;16
1 7
0 5;8;10;11;19;20;21
0 9;12
0 3
11 #edges, tree 354
18;23;29;30;35 37;38
31 7
25 31
9;12 1
3 25
3 2;6
1 18;23;29;30;35
1 13;16
0 5;8;10;11;19;20;21
0 9;12
0 3
11 #edges, tree 355
18;23;29;30;35 37;38
18;23;29;30;35 7
25 31
9;12 1
3 25
3 2;6
1 18;23;29;30;35
1 13;16
0 5;8;10;11;19;20;21
0 9;12
0 3
11 #edges, tree 356
37;38 7
18;23;29;30;35 37;38
25 31
9;12 1
3 25
3 2;6
1 18;23;29;30;35
1 13;16
0 5;8;10;11;19;20;21
0 9;12
0 3
11 #edges, tree 357
18;23;29;30;35 37;38
5;8;10;11;19;20;21 7
9;12 18;23;29;30;35
3 31
3 25
3 2;6
1 13;16
1 9;12
0 5;8;10;11;19;20;21
0 3
0 1
11 #edges, tree 358
18;23;29;30;35 37;38
5;8;10;11;19;20;21 7
9;12 18;23;29;30;35
9;12 13;16
3 31
3 25
3 2;6
1 9;12
0 5;8;10;11;19;20;21
0 3
0 1
11 #edges, tree 359
18;23;29;30;35 37;38
25 31
5;8;10;11;19;20;21 7
9;12 18;23;29;30;35
9;12 13;16
3 25
3 2;6
1 9;12
0 5;8;10;11;19;20;21
0 3
0 1
11 #edges, tree 360
18;23;29;30;35 37;38
25 31
5;8;10;11;19;20;21 7
9;12 18;23;29;30;35
3 25
3 2;6
1 13;16
1 9;12
0 5;8;10;11;19;20;21
0 3
0 1
11 #edges, tree 361
18;23;29;30;35 37;38
9;12 18;23;29;30;35
3 31
3 25
3 7
3 2;6
1 13;16
1 9;12
0 5;8;10;11;19;20;21
0 3
0 1
11 #edges, tree 362
18;23;29;30;35 37;38
9;12 18;23;29;30;35
9;12 13;16
3 31
3 25
3 7
3 2;6
1 9;12
0 5;8;10;11;19;20;21
0 3
0 1
11 #edges, tree 363
18;23;29;30;35 37;38
25 31
9;12 18;23;29;30;35
3 25
3 7
3 2;6
1 13;16
1 9;12
0 5;8;10;11;19;20;21
0 3
0 1
11 #edges, tree 364
18;23;29;30;35 37;38
25 31
9;12 18;23;29;30;35
9;12 13;16
3 25
3 7
3 2;6
1 9;12
0 5;8;10;11;19;20;21
0 3
0 1
11 #edges, tree 365
18;23;29;30;35 37;38
25 31
9;12 18;23;29;30;35
2;6 7
3 25
3 2;6
1 13;16
1 9;12
0 5;8;10;11;19;20;21
0 3
0 1
11 #edges, tree 366
18;23;29;30;35 37;38
9;12 18;23;29;30;35
2;6 7
3 31
3 25
3 2;6
1 13;16
1 9;12
0 5;8;10;11;19;20;21
0 3
0 1
11 #edges, tree 367
18;23;29;30;35 37;38
25 31
9;12 18;23;29;30;35
9;12 7
3 25
3 2;6
1 13;16
1 9;12
0 5;8;10;11;19;20;21
0 3
0 1
11 #edges, tree 368
18;23;29;30;35 37;38
9;12 18;23;29;30;35
9;12 7
3 31
3 25
3 2;6
1 13;16
1 9;12
0 5;8;10;11;19;20;21
0 3
0 1
11 #edges, tree 369
18;23;29;30;35 37;38
25 7
9;12 18;23;29;30;35
3 31
3 25
3 2;6
1 13;16
1 9;12
0 5;8;10;11;19;20;21
0 3
0 1
11 #edges, tree 370
18;23;29;30;35 37;38
25 31
25 7
9;12 18;23;29;30;35
3 25
3 2;6
1 13;16
1 9;12
0 5;8;10;11;19;20;21
0 3
0 1
11 #edges, tree 371
18;23;29;30;35 37;38
25 31
13;16 7
9;12 18;23;29;30;35
3 25
3 2;6
1 13;16
1 9;12
0 5;8;10;11;19;20;21
0 3
0 1
11 #edges, tree 372
18;23;29;30;35 37;38
13;16 7
9;12 18;23;29;30;35
3 31
3 25
3 2;6
1 13;16
1 9;12
0 5;8;10;11;19;20;21
0 3
0 1
11 #edges, tree 373
18;23;29;30;35 37;38
25 31
9;12 18;23;29;30;35
3 25
3 2;6
1 13;16
1 9;12
1 7
0 5;8;10;11;19;20;21
0 3
0 1
11 #edges, tree 374
18;23;29;30;35 37;38
31 7
25 31
9;12 18;23;29;30;35
3 25
3 2;6
1 13;16
1 9;12
0 5;8;10;11;19;20;21
0 3
0 1
11 #edges, tree 375
18;23;29;30;35 37;38
18;23;29;30;35 7
25 31
9;12 18;23;29;30;35
3 25
3 2;6
1 13;16
1 9;12
0 5;8;10;11;19;20;21
0 3
0 1
11 #edges, tree 376
37;38 7
18;23;29;30;35 37;38
25 31
9;12 18;23;29;30;35
3 25
3 2;6
1 13;16
1 9;12
0 5;8;10;11;19;20;21
0 3
0 1
11 #edges, tree 377
18;23;29;30;35 37;38
9;12 18;23;29;30;35
3 31
3 25
3 2;6
1 13;16
1 9;12
1 7
0 5;8;10;11;19;20;21
0 3
0 1
11 #edges, tree 378
18;23;29;30;35 37;38
18;23;29;30;35 7
9;12 18;23;29;30;35
3 31
3 25
3 2;6
1 13;16
1 9;12
0 5;8;10;11;19;20;21
0 3
0 1
11 #edges, tree 379
18;23;29;30;35 37;38
31 7
9;12 18;23;29;30;35
3 31
3 25
3 2;6
1 13;16
1 9;12
0 5;8;10;11;19;20;21
0 3
0 1
11 #edges, tree 380
37;38 7
18;23;29;30;35 37;38
9;12 18;23;29;30;35
3 31
3 25
3 2;6
1 13;16
1 9;12
0 5;8;10;11;19;20;21
0 3
0 1
11 #edges, tree 381
18;23;29;30;35 37;38
25 31
9;12 18;23;29;30;35
9;12 13;16
2;6 7
3 25
3 2;6
1 9;12
0 5;8;10;11;19;20;21
0 3
0 1
11 #edges, tree 382
18;23;29;30;35 37;38
9;12 18;23;29;30;35
9;12 13;16
2;6 7
3 31
3 25
3 2;6
1 9;12
0 5;8;10;11;19;20;21
0 3
0 1
11 #edges, tree 383
18;23;29;30;35 37;38
25 7
9;12 18;23;29;30;35
9;12 13;16
3 31
3 25
3 2;6
1 9;12
0 5;8;10;11;19;20;21
0 3
0 1
11 #edges, tree 384
18;23;29;30;35 37;38
25 31
25 7
9;12 18;23;29;30;35
9;12 13;16
3 25
3 2;6
1 9;12
0 5;8;10;11;19;20;21
0 3
0 1
11 #edges, tree 385
18;23;29;30;35 37;38
9;12 18;23;29;30;35
9;12 13;16
3 31
3 25
3 2;6
1 9;12
1 7
0 5;8;10;11;19;20;21
0 3
0 1
11 #edges, tree 386
18;23;29;30;35 37;38
25 31
9;12 18;23;29;30;35
9;12 13;16
3 25
3 2;6
1 9;12
1 7
0 5;8;10;11;19;20;21
0 3
0 1
11 #edges, tree 387
18;23;29;30;35 37;38
25 31
9;12 18;23;29;30;35
9;12 13;16
9;12 7
3 25
3 2;6
1 9;12
0 5;8;10;11;19;20;21
0 3
0 1
11 #edges, tree 388
18;23;29;30;35 37;38
31 7
25 31
9;12 18;23;29;30;35
9;12 13;16
3 25
3 2;6
1 9;12
0 5;8;10;11;19;20;21
0 3
0 1
11 #edges, tree 389
18;23;29;30;35 37;38
25 31
13;16 7
9;12 18;23;29;30;35
9;12 13;16
3 25
3 2;6
1 9;12
0 5;8;10;11;19;20;21
0 3
0 1
11 #edges, tree 390
37;38 7
18;23;29;30;35 37;38
25 31
9;12 18;23;29;30;35
9;12 13;16
3 25
3 2;6
1 9;12
0 5;8;10;11;19;20;21
0 3
0 1
11 #edges, tree 391
18;23;29;30;35 37;38
18;23;29;30;35 7
25 31
9;12 18;23;29;30;35
9;12 13;16
3 25
3 2;6
1 9;12
0 5;8;10;11;19;20;21
0 3
0 1
11 #edges, tree 392
18;23;29;30;35 37;38
31 7
9;12 18;23;29;30;35
9;12 13;16
3 31
3 25
3 2;6
1 9;12
0 5;8;10;11;19;20;21
0 3
0 1
11 #edges, tree 393
18;23;29;30;35 37;38
9;12 18;23;29;30;35
9;12 13;16
9;12 7
3 31
3 25
3 2;6
1 9;12
0 5;8;10;11;19;20;21
0 3
0 1
11 #edges, tree 394
18;23;29;30;35 37;38
18;23;29;30;35 7
9;12 18;23;29;30;35
9;12 13;16
3 31
3 25
3 2;6
1 9;12
0 5;8;10;11;19;20;21
0 3
0 1
11 #edges, tree 395
37;38 7
18;23;29;30;35 37;38
9;12 18;23;29;30;35
9;12 13;16
3 31
3 25
3 2;6
1 9;12
0 5;8;10;11;19;20;21
0 3
0 1
11 #edges, tree 396
18;23;29;30;35 37;38
13;16 7
9;12 18;23;29;30;35
9;12 13;16
3 31
3 25
3 2;6
1 9;12
0 5;8;10;11;19;20;21
0 3
0 1
