# 10 out of 10 mutations
18 #trees
9 #edges, tree 1
0;1 3;4;5
0;1 2;6;7;8;9
0;1 12;13
0;1 22;29
2;6;7;8;9 10
2;6;7;8;9 18;21
2;6;7;8;9 15;20;27
10 11;19;23;26
11;19;23;26 28;31
9 #edges, tree 2
11;19;23;26 28;31
10 11;19;23;26
2;6;7;8;9 15;20;27
2;6;7;8;9 18;21
2;6;7;8;9 10
3;4;5 12;13
0;1 22;29
0;1 2;6;7;8;9
0;1 3;4;5
9 #edges, tree 3
0;1 3;4;5
0;1 2;6;7;8;9
0;1 12;13
2;6;7;8;9 10
2;6;7;8;9 18;21
2;6;7;8;9 15;20;27
10 11;19;23;26
11;19;23;26 28;31
15;20;27 22;29
9 #edges, tree 4
0;1 3;4;5
0;1 2;6;7;8;9
0;1 12;13
2;6;7;8;9 10
2;6;7;8;9 18;21
2;6;7;8;9 15;20;27
2;6;7;8;9 22;29
10 11;19;23;26
11;19;23;26 28;31
9 #edges, tree 5
11;19;23;26 28;31
12;13 22;29
10 11;19;23;26
2;6;7;8;9 15;20;27
2;6;7;8;9 18;21
2;6;7;8;9 10
0;1 12;13
0;1 2;6;7;8;9
0;1 3;4;5
9 #edges, tree 6
11;19;23;26 28;31
10 22;29
10 11;19;23;26
2;6;7;8;9 15;20;27
2;6;7;8;9 18;21
2;6;7;8;9 10
0;1 12;13
0;1 2;6;7;8;9
0;1 3;4;5
9 #edges, tree 7
11;19;23;26 28;31
18;21 22;29
10 11;19;23;26
2;6;7;8;9 15;20;27
2;6;7;8;9 18;21
2;6;7;8;9 10
0;1 12;13
0;1 2;6;7;8;9
0;1 3;4;5
9 #edges, tree 8
28;31 22;29
11;19;23;26 28;31
10 11;19;23;26
2;6;7;8;9 15;20;27
2;6;7;8;9 18;21
2;6;7;8;9 10
0;1 12;13
0;1 2;6;7;8;9
0;1 3;4;5
9 #edges, tree 9
0;1 3;4;5
0;1 2;6;7;8;9
0;1 12;13
3;4;5 22;29
2;6;7;8;9 10
2;6;7;8;9 18;21
2;6;7;8;9 15;20;27
10 11;19;23;26
11;19;23;26 28;31
9 #edges, tree 10
0;1 3;4;5
0;1 2;6;7;8;9
0;1 12;13
2;6;7;8;9 10
2;6;7;8;9 18;21
2;6;7;8;9 15;20;27
10 11;19;23;26
11;19;23;26 22;29
11;19;23;26 28;31
9 #edges, tree 11
0;1 3;4;5
0;1 2;6;7;8;9
3;4;5 12;13
2;6;7;8;9 10
2;6;7;8;9 18;21
2;6;7;8;9 15;20;27
10 11;19;23;26
12;13 22;29
11;19;23;26 28;31
9 #edges, tree 12
0;1 3;4;5
0;1 2;6;7;8;9
3;4;5 12;13
3;4;5 22;29
2;6;7;8;9 10
2;6;7;8;9 18;21
2;6;7;8;9 15;20;27
10 11;19;23;26
11;19;23;26 28;31
9 #edges, tree 13
0;1 3;4;5
0;1 2;6;7;8;9
3;4;5 12;13
2;6;7;8;9 10
2;6;7;8;9 18;21
2;6;7;8;9 15;20;27
2;6;7;8;9 22;29
10 11;19;23;26
11;19;23;26 28;31
9 #edges, tree 14
0;1 3;4;5
0;1 2;6;7;8;9
3;4;5 12;13
2;6;7;8;9 10
2;6;7;8;9 18;21
2;6;7;8;9 15;20;27
10 11;19;23;26
11;19;23;26 28;31
15;20;27 22;29
9 #edges, tree 15
0;1 3;4;5
0;1 2;6;7;8;9
3;4;5 12;13
2;6;7;8;9 10
2;6;7;8;9 18;21
2;6;7;8;9 15;20;27
10 11;19;23;26
10 22;29
11;19;23;26 28;31
9 #edges, tree 16
0;1 3;4;5
0;1 2;6;7;8;9
3;4;5 12;13
2;6;7;8;9 10
2;6;7;8;9 18;21
2;6;7;8;9 15;20;27
10 11;19;23;26
18;21 22;29
11;19;23;26 28;31
9 #edges, tree 17
11;19;23;26 28;31
11;19;23;26 22;29
10 11;19;23;26
2;6;7;8;9 15;20;27
2;6;7;8;9 18;21
2;6;7;8;9 10
3;4;5 12;13
0;1 2;6;7;8;9
0;1 3;4;5
9 #edges, tree 18
28;31 22;29
11;19;23;26 28;31
10 11;19;23;26
2;6;7;8;9 15;20;27
2;6;7;8;9 18;21
2;6;7;8;9 10
3;4;5 12;13
0;1 2;6;7;8;9
0;1 3;4;5
