# 10 out of 10 mutations
160 #trees
9 #edges, tree 1
16;22;23;27;32;34;36;38;39;41;44 47
12 16;22;23;27;32;34;36;38;39;41;44
9;10 21;24;25;28;29;37;40;42;43;49;50;51
9;10 15;18
9;10 12
1;5 2;3;4
0 7;8;11;13;17;19;20;26;31
0 9;10
0 1;5
9 #edges, tree 2
0 1;5
0 9;10
0 7;8;11;13;17;19;20;26;31
1;5 2;3;4
9;10 12
9;10 21;24;25;28;29;37;40;42;43;49;50;51
12 15;18
12 16;22;23;27;32;34;36;38;39;41;44
16;22;23;27;32;34;36;38;39;41;44 47
9 #edges, tree 3
16;22;23;27;32;34;36;38;39;41;44 47
12 16;22;23;27;32;34;36;38;39;41;44
9;10 21;24;25;28;29;37;40;42;43;49;50;51
9;10 15;18
9;10 12
9;10 2;3;4
0 7;8;11;13;17;19;20;26;31
0 9;10
0 1;5
9 #edges, tree 4
16;22;23;27;32;34;36;38;39;41;44 47
12 16;22;23;27;32;34;36;38;39;41;44
12 2;3;4
9;10 21;24;25;28;29;37;40;42;43;49;50;51
9;10 15;18
9;10 12
0 7;8;11;13;17;19;20;26;31
0 9;10
0 1;5
9 #edges, tree 5
0 2;3;4
0 1;5
0 9;10
0 7;8;11;13;17;19;20;26;31
9;10 12
9;10 15;18
9;10 21;24;25;28;29;37;40;42;43;49;50;51
12 16;22;23;27;32;34;36;38;39;41;44
16;22;23;27;32;34;36;38;39;41;44 47
9 #edges, tree 6
0 1;5
0 9;10
0 7;8;11;13;17;19;20;26;31
9;10 12
9;10 15;18
9;10 21;24;25;28;29;37;40;42;43;49;50;51
12 16;22;23;27;32;34;36;38;39;41;44
7;8;11;13;17;19;20;26;31 2;3;4
16;22;23;27;32;34;36;38;39;41;44 47
9 #edges, tree 7
0 1;5
0 9;10
0 7;8;11;13;17;19;20;26;31
9;10 12
9;10 15;18
9;10 21;24;25;28;29;37;40;42;43;49;50;51
12 16;22;23;27;32;34;36;38;39;41;44
15;18 2;3;4
16;22;23;27;32;34;36;38;39;41;44 47
9 #edges, tree 8
0 1;5
0 9;10
0 7;8;11;13;17;19;20;26;31
9;10 12
9;10 15;18
9;10 21;24;25;28;29;37;40;42;43;49;50;51
12 16;22;23;27;32;34;36;38;39;41;44
16;22;23;27;32;34;36;38;39;41;44 2;3;4
16;22;23;27;32;34;36;38;39;41;44 47
9 #edges, tree 9
21;24;25;28;29;37;40;42;43;49;50;51 2;3;4
16;22;23;27;32;34;36;38;39;41;44 47
12 16;22;23;27;32;34;36;38;39;41;44
9;10 21;24;25;28;29;37;40;42;43;49;50;51
9;10 15;18
9;10 12
0 7;8;11;13;17;19;20;26;31
0 9;10
0 1;5
9 #edges, tree 10
47 2;3;4
16;22;23;27;32;34;36;38;39;41;44 47
12 16;22;23;27;32;34;36;38;39;41;44
9;10 21;24;25;28;29;37;40;42;43;49;50;51
9;10 15;18
9;10 12
0 7;8;11;13;17;19;20;26;31
0 9;10
0 1;5
9 #edges, tree 11
16;22;23;27;32;34;36;38;39;41;44 47
12 16;22;23;27;32;34;36;38;39;41;44
12 15;18
9;10 21;24;25;28;29;37;40;42;43;49;50;51
9;10 12
9;10 2;3;4
0 7;8;11;13;17;19;20;26;31
0 9;10
0 1;5
9 #edges, tree 12
16;22;23;27;32;34;36;38;39;41;44 47
12 16;22;23;27;32;34;36;38;39;41;44
12 15;18
12 2;3;4
9;10 21;24;25;28;29;37;40;42;43;49;50;51
9;10 12
0 7;8;11;13;17;19;20;26;31
0 9;10
0 1;5
9 #edges, tree 13
16;22;23;27;32;34;36;38;39;41;44 47
12 16;22;23;27;32;34;36;38;39;41;44
12 15;18
9;10 21;24;25;28;29;37;40;42;43;49;50;51
9;10 12
0 7;8;11;13;17;19;20;26;31
0 9;10
0 1;5
0 2;3;4
9 #edges, tree 14
21;24;25;28;29;37;40;42;43;49;50;51 2;3;4
16;22;23;27;32;34;36;38;39;41;44 47
12 16;22;23;27;32;34;36;38;39;41;44
12 15;18
9;10 21;24;25;28;29;37;40;42;43;49;50;51
9;10 12
0 7;8;11;13;17;19;20;26;31
0 9;10
0 1;5
9 #edges, tree 15
16;22;23;27;32;34;36;38;39;41;44 47
15;18 2;3;4
12 16;22;23;27;32;34;36;38;39;41;44
12 15;18
9;10 21;24;25;28;29;37;40;42;43;49;50;51
9;10 12
0 7;8;11;13;17;19;20;26;31
0 9;10
0 1;5
9 #edges, tree 16
16;22;23;27;32;34;36;38;39;41;44 47
7;8;11;13;17;19;20;26;31 2;3;4
12 16;22;23;27;32;34;36;38;39;41;44
12 15;18
9;10 21;24;25;28;29;37;40;42;43;49;50;51
9;10 12
0 7;8;11;13;17;19;20;26;31
0 9;10
0 1;5
9 #edges, tree 17
0 1;5
0 9;10
0 7;8;11;13;17;19;20;26;31
9;10 12
9;10 21;24;25;28;29;37;40;42;43;49;50;51
12 15;18
12 16;22;23;27;32;34;36;38;39;41;44
16;22;23;27;32;34;36;38;39;41;44 2;3;4
16;22;23;27;32;34;36;38;39;41;44 47
9 #edges, tree 18
0 1;5
0 9;10
0 7;8;11;13;17;19;20;26;31
9;10 12
9;10 21;24;25;28;29;37;40;42;43;49;50;51
12 15;18
12 16;22;23;27;32;34;36;38;39;41;44
16;22;23;27;32;34;36;38;39;41;44 47
47 2;3;4
9 #edges, tree 19
0 2;3;4
0 9;10
0 7;8;11;13;17;19;20;26;31
2;3;4 1;5
9;10 12
9;10 15;18
9;10 21;24;25;28;29;37;40;42;43;49;50;51
12 16;22;23;27;32;34;36;38;39;41;44
16;22;23;27;32;34;36;38;39;41;44 47
9 #edges, tree 20
0 2;3;4
0 9;10
0 7;8;11;13;17;19;20;26;31
2;3;4 1;5
9;10 12
9;10 21;24;25;28;29;37;40;42;43;49;50;51
12 15;18
12 16;22;23;27;32;34;36;38;39;41;44
16;22;23;27;32;34;36;38;39;41;44 47
9 #edges, tree 21
0 2;3;4
0 9;10
0 7;8;11;13;17;19;20;26;31
9;10 12
9;10 15;18
9;10 21;24;25;28;29;37;40;42;43;49;50;51
12 16;22;23;27;32;34;36;38;39;41;44
16;22;23;27;32;34;36;38;39;41;44 47
21;24;25;28;29;37;40;42;43;49;50;51 1;5
9 #edges, tree 22
0 2;3;4
0 9;10
0 7;8;11;13;17;19;20;26;31
9;10 12
9;10 15;18
9;10 21;24;25;28;29;37;40;42;43;49;50;51
12 16;22;23;27;32;34;36;38;39;41;44
7;8;11;13;17;19;20;26;31 1;5
16;22;23;27;32;34;36;38;39;41;44 47
9 #edges, tree 23
0 2;3;4
0 9;10
0 7;8;11;13;17;19;20;26;31
9;10 12
9;10 15;18
9;10 21;24;25;28;29;37;40;42;43;49;50;51
12 16;22;23;27;32;34;36;38;39;41;44
15;18 1;5
16;22;23;27;32;34;36;38;39;41;44 47
9 #edges, tree 24
0 2;3;4
0 9;10
0 7;8;11;13;17;19;20;26;31
9;10 1;5
9;10 12
9;10 15;18
9;10 21;24;25;28;29;37;40;42;43;49;50;51
12 16;22;23;27;32;34;36;38;39;41;44
16;22;23;27;32;34;36;38;39;41;44 47
9 #edges, tree 25
0 2;3;4
0 9;10
0 7;8;11;13;17;19;20;26;31
9;10 12
9;10 15;18
9;10 21;24;25;28;29;37;40;42;43;49;50;51
12 1;5
12 16;22;23;27;32;34;36;38;39;41;44
16;22;23;27;32;34;36;38;39;41;44 47
9 #edges, tree 26
0 2;3;4
0 9;10
0 7;8;11;13;17;19;20;26;31
9;10 12
9;10 15;18
9;10 21;24;25;28;29;37;40;42;43;49;50;51
12 16;22;23;27;32;34;36;38;39;41;44
16;22;23;27;32;34;36;38;39;41;44 1;5
16;22;23;27;32;34;36;38;39;41;44 47
9 #edges, tree 27
0 2;3;4
0 9;10
0 7;8;11;13;17;19;20;26;31
9;10 12
9;10 15;18
9;10 21;24;25;28;29;37;40;42;43;49;50;51
12 16;22;23;27;32;34;36;38;39;41;44
16;22;23;27;32;34;36;38;39;41;44 47
47 1;5
9 #edges, tree 28
0 2;3;4
0 9;10
0 7;8;11;13;17;19;20;26;31
9;10 12
9;10 21;24;25;28;29;37;40;42;43;49;50;51
12 15;18
12 16;22;23;27;32;34;36;38;39;41;44
7;8;11;13;17;19;20;26;31 1;5
16;22;23;27;32;34;36;38;39;41;44 47
9 #edges, tree 29
0 2;3;4
0 9;10
0 7;8;11;13;17;19;20;26;31
9;10 12
9;10 21;24;25;28;29;37;40;42;43;49;50;51
12 1;5
12 15;18
12 16;22;23;27;32;34;36;38;39;41;44
16;22;23;27;32;34;36;38;39;41;44 47
9 #edges, tree 30
0 2;3;4
0 9;10
0 7;8;11;13;17;19;20;26;31
9;10 12
9;10 21;24;25;28;29;37;40;42;43;49;50;51
12 15;18
12 16;22;23;27;32;34;36;38;39;41;44
16;22;23;27;32;34;36;38;39;41;44 47
21;24;25;28;29;37;40;42;43;49;50;51 1;5
9 #edges, tree 31
0 2;3;4
0 9;10
0 7;8;11;13;17;19;20;26;31
9;10 12
9;10 21;24;25;28;29;37;40;42;43;49;50;51
12 15;18
12 16;22;23;27;32;34;36;38;39;41;44
15;18 1;5
16;22;23;27;32;34;36;38;39;41;44 47
9 #edges, tree 32
0 2;3;4
0 9;10
0 7;8;11;13;17;19;20;26;31
9;10 1;5
9;10 12
9;10 21;24;25;28;29;37;40;42;43;49;50;51
12 15;18
12 16;22;23;27;32;34;36;38;39;41;44
16;22;23;27;32;34;36;38;39;41;44 47
9 #edges, tree 33
16;22;23;27;32;34;36;38;39;41;44 47
16;22;23;27;32;34;36;38;39;41;44 1;5
12 16;22;23;27;32;34;36;38;39;41;44
12 15;18
9;10 21;24;25;28;29;37;40;42;43;49;50;51
9;10 12
0 7;8;11;13;17;19;20;26;31
0 9;10
0 2;3;4
9 #edges, tree 34
47 1;5
16;22;23;27;32;34;36;38;39;41;44 47
12 16;22;23;27;32;34;36;38;39;41;44
12 15;18
9;10 21;24;25;28;29;37;40;42;43;49;50;51
9;10 12
0 7;8;11;13;17;19;20;26;31
0 9;10
0 2;3;4
9 #edges, tree 35
16;22;23;27;32;34;36;38;39;41;44 47
7;8;11;13;17;19;20;26;31 1;5
12 16;22;23;27;32;34;36;38;39;41;44
12 15;18
9;10 21;24;25;28;29;37;40;42;43;49;50;51
9;10 12
9;10 2;3;4
0 7;8;11;13;17;19;20;26;31
0 9;10
9 #edges, tree 36
16;22;23;27;32;34;36;38;39;41;44 47
7;8;11;13;17;19;20;26;31 1;5
12 16;22;23;27;32;34;36;38;39;41;44
9;10 21;24;25;28;29;37;40;42;43;49;50;51
9;10 15;18
9;10 12
9;10 2;3;4
0 7;8;11;13;17;19;20;26;31
0 9;10
9 #edges, tree 37
16;22;23;27;32;34;36;38;39;41;44 47
7;8;11;13;17;19;20;26;31 1;5
12 16;22;23;27;32;34;36;38;39;41;44
9;10 21;24;25;28;29;37;40;42;43;49;50;51
9;10 15;18
9;10 12
1;5 2;3;4
0 7;8;11;13;17;19;20;26;31
0 9;10
9 #edges, tree 38
16;22;23;27;32;34;36;38;39;41;44 47
7;8;11;13;17;19;20;26;31 1;5
7;8;11;13;17;19;20;26;31 2;3;4
12 16;22;23;27;32;34;36;38;39;41;44
9;10 21;24;25;28;29;37;40;42;43;49;50;51
9;10 15;18
9;10 12
0 7;8;11;13;17;19;20;26;31
0 9;10
9 #edges, tree 39
16;22;23;27;32;34;36;38;39;41;44 47
7;8;11;13;17;19;20;26;31 1;5
12 16;22;23;27;32;34;36;38;39;41;44
12 2;3;4
9;10 21;24;25;28;29;37;40;42;43;49;50;51
9;10 15;18
9;10 12
0 7;8;11;13;17;19;20;26;31
0 9;10
9 #edges, tree 40
16;22;23;27;32;34;36;38;39;41;44 47
7;8;11;13;17;19;20;26;31 1;5
15;18 2;3;4
12 16;22;23;27;32;34;36;38;39;41;44
9;10 21;24;25;28;29;37;40;42;43;49;50;51
9;10 15;18
9;10 12
0 7;8;11;13;17;19;20;26;31
0 9;10
9 #edges, tree 41
16;22;23;27;32;34;36;38;39;41;44 47
16;22;23;27;32;34;36;38;39;41;44 2;3;4
7;8;11;13;17;19;20;26;31 1;5
12 16;22;23;27;32;34;36;38;39;41;44
9;10 21;24;25;28;29;37;40;42;43;49;50;51
9;10 15;18
9;10 12
0 7;8;11;13;17;19;20;26;31
0 9;10
9 #edges, tree 42
47 2;3;4
16;22;23;27;32;34;36;38;39;41;44 47
7;8;11;13;17;19;20;26;31 1;5
12 16;22;23;27;32;34;36;38;39;41;44
9;10 21;24;25;28;29;37;40;42;43;49;50;51
9;10 15;18
9;10 12
0 7;8;11;13;17;19;20;26;31
0 9;10
9 #edges, tree 43
21;24;25;28;29;37;40;42;43;49;50;51 2;3;4
16;22;23;27;32;34;36;38;39;41;44 47
7;8;11;13;17;19;20;26;31 1;5
12 16;22;23;27;32;34;36;38;39;41;44
9;10 21;24;25;28;29;37;40;42;43;49;50;51
9;10 15;18
9;10 12
0 7;8;11;13;17;19;20;26;31
0 9;10
9 #edges, tree 44
21;24;25;28;29;37;40;42;43;49;50;51 2;3;4
16;22;23;27;32;34;36;38;39;41;44 47
7;8;11;13;17;19;20;26;31 1;5
12 16;22;23;27;32;34;36;38;39;41;44
12 15;18
9;10 21;24;25;28;29;37;40;42;43;49;50;51
9;10 12
0 7;8;11;13;17;19;20;26;31
0 9;10
9 #edges, tree 45
16;22;23;27;32;34;36;38;39;41;44 47
7;8;11;13;17;19;20;26;31 1;5
12 16;22;23;27;32;34;36;38;39;41;44
12 15;18
12 2;3;4
9;10 21;24;25;28;29;37;40;42;43;49;50;51
9;10 12
0 7;8;11;13;17;19;20;26;31
0 9;10
9 #edges, tree 46
16;22;23;27;32;34;36;38;39;41;44 47
7;8;11;13;17;19;20;26;31 1;5
7;8;11;13;17;19;20;26;31 2;3;4
12 16;22;23;27;32;34;36;38;39;41;44
12 15;18
9;10 21;24;25;28;29;37;40;42;43;49;50;51
9;10 12
0 7;8;11;13;17;19;20;26;31
0 9;10
9 #edges, tree 47
16;22;23;27;32;34;36;38;39;41;44 47
7;8;11;13;17;19;20;26;31 1;5
12 16;22;23;27;32;34;36;38;39;41;44
12 15;18
9;10 21;24;25;28;29;37;40;42;43;49;50;51
9;10 12
1;5 2;3;4
0 7;8;11;13;17;19;20;26;31
0 9;10
9 #edges, tree 48
16;22;23;27;32;34;36;38;39;41;44 47
7;8;11;13;17;19;20;26;31 1;5
15;18 2;3;4
12 16;22;23;27;32;34;36;38;39;41;44
12 15;18
9;10 21;24;25;28;29;37;40;42;43;49;50;51
9;10 12
0 7;8;11;13;17;19;20;26;31
0 9;10
9 #edges, tree 49
47 2;3;4
16;22;23;27;32;34;36;38;39;41;44 47
7;8;11;13;17;19;20;26;31 1;5
12 16;22;23;27;32;34;36;38;39;41;44
12 15;18
9;10 21;24;25;28;29;37;40;42;43;49;50;51
9;10 12
0 7;8;11;13;17;19;20;26;31
0 9;10
9 #edges, tree 50
16;22;23;27;32;34;36;38;39;41;44 47
16;22;23;27;32;34;36;38;39;41;44 2;3;4
7;8;11;13;17;19;20;26;31 1;5
12 16;22;23;27;32;34;36;38;39;41;44
12 15;18
9;10 21;24;25;28;29;37;40;42;43;49;50;51
9;10 12
0 7;8;11;13;17;19;20;26;31
0 9;10
9 #edges, tree 51
16;22;23;27;32;34;36;38;39;41;44 47
7;8;11;13;17;19;20;26;31 2;3;4
12 16;22;23;27;32;34;36;38;39;41;44
9;10 21;24;25;28;29;37;40;42;43;49;50;51
9;10 15;18
9;10 12
2;3;4 1;5
0 7;8;11;13;17;19;20;26;31
0 9;10
9 #edges, tree 52
16;22;23;27;32;34;36;38;39;41;44 47
7;8;11;13;17;19;20;26;31 2;3;4
12 16;22;23;27;32;34;36;38;39;41;44
12 15;18
9;10 21;24;25;28;29;37;40;42;43;49;50;51
9;10 12
2;3;4 1;5
0 7;8;11;13;17;19;20;26;31
0 9;10
9 #edges, tree 53
16;22;23;27;32;34;36;38;39;41;44 47
7;8;11;13;17;19;20;26;31 2;3;4
12 16;22;23;27;32;34;36;38;39;41;44
12 15;18
12 1;5
9;10 21;24;25;28;29;37;40;42;43;49;50;51
9;10 12
0 7;8;11;13;17;19;20;26;31
0 9;10
9 #edges, tree 54
16;22;23;27;32;34;36;38;39;41;44 47
7;8;11;13;17;19;20;26;31 2;3;4
12 16;22;23;27;32;34;36;38;39;41;44
12 1;5
9;10 21;24;25;28;29;37;40;42;43;49;50;51
9;10 15;18
9;10 12
0 7;8;11;13;17;19;20;26;31
0 9;10
9 #edges, tree 55
16;22;23;27;32;34;36;38;39;41;44 47
16;22;23;27;32;34;36;38;39;41;44 1;5
7;8;11;13;17;19;20;26;31 2;3;4
12 16;22;23;27;32;34;36;38;39;41;44
9;10 21;24;25;28;29;37;40;42;43;49;50;51
9;10 15;18
9;10 12
0 7;8;11;13;17;19;20;26;31
0 9;10
9 #edges, tree 56
16;22;23;27;32;34;36;38;39;41;44 47
16;22;23;27;32;34;36;38;39;41;44 1;5
7;8;11;13;17;19;20;26;31 2;3;4
12 16;22;23;27;32;34;36;38;39;41;44
12 15;18
9;10 21;24;25;28;29;37;40;42;43;49;50;51
9;10 12
0 7;8;11;13;17;19;20;26;31
0 9;10
9 #edges, tree 57
21;24;25;28;29;37;40;42;43;49;50;51 1;5
16;22;23;27;32;34;36;38;39;41;44 47
7;8;11;13;17;19;20;26;31 2;3;4
12 16;22;23;27;32;34;36;38;39;41;44
12 15;18
9;10 21;24;25;28;29;37;40;42;43;49;50;51
9;10 12
0 7;8;11;13;17;19;20;26;31
0 9;10
9 #edges, tree 58
21;24;25;28;29;37;40;42;43;49;50;51 1;5
16;22;23;27;32;34;36;38;39;41;44 47
7;8;11;13;17;19;20;26;31 2;3;4
12 16;22;23;27;32;34;36;38;39;41;44
9;10 21;24;25;28;29;37;40;42;43;49;50;51
9;10 15;18
9;10 12
0 7;8;11;13;17;19;20;26;31
0 9;10
9 #edges, tree 59
16;22;23;27;32;34;36;38;39;41;44 47
7;8;11;13;17;19;20;26;31 2;3;4
12 16;22;23;27;32;34;36;38;39;41;44
9;10 21;24;25;28;29;37;40;42;43;49;50;51
9;10 15;18
9;10 12
9;10 1;5
0 7;8;11;13;17;19;20;26;31
0 9;10
9 #edges, tree 60
16;22;23;27;32;34;36;38;39;41;44 47
7;8;11;13;17;19;20;26;31 2;3;4
12 16;22;23;27;32;34;36;38;39;41;44
12 15;18
9;10 21;24;25;28;29;37;40;42;43;49;50;51
9;10 12
9;10 1;5
0 7;8;11;13;17;19;20;26;31
0 9;10
9 #edges, tree 61
47 1;5
16;22;23;27;32;34;36;38;39;41;44 47
7;8;11;13;17;19;20;26;31 2;3;4
12 16;22;23;27;32;34;36;38;39;41;44
9;10 21;24;25;28;29;37;40;42;43;49;50;51
9;10 15;18
9;10 12
0 7;8;11;13;17;19;20;26;31
0 9;10
9 #edges, tree 62
16;22;23;27;32;34;36;38;39;41;44 47
7;8;11;13;17;19;20;26;31 2;3;4
15;18 1;5
12 16;22;23;27;32;34;36;38;39;41;44
9;10 21;24;25;28;29;37;40;42;43;49;50;51
9;10 15;18
9;10 12
0 7;8;11;13;17;19;20;26;31
0 9;10
9 #edges, tree 63
47 1;5
16;22;23;27;32;34;36;38;39;41;44 47
7;8;11;13;17;19;20;26;31 2;3;4
12 16;22;23;27;32;34;36;38;39;41;44
12 15;18
9;10 21;24;25;28;29;37;40;42;43;49;50;51
9;10 12
0 7;8;11;13;17;19;20;26;31
0 9;10
9 #edges, tree 64
16;22;23;27;32;34;36;38;39;41;44 47
7;8;11;13;17;19;20;26;31 2;3;4
15;18 1;5
12 16;22;23;27;32;34;36;38;39;41;44
12 15;18
9;10 21;24;25;28;29;37;40;42;43;49;50;51
9;10 12
0 7;8;11;13;17;19;20;26;31
0 9;10
9 #edges, tree 65
0 9;10
0 7;8;11;13;17;19;20;26;31
9;10 12
9;10 15;18
9;10 21;24;25;28;29;37;40;42;43;49;50;51
12 16;22;23;27;32;34;36;38;39;41;44
16;22;23;27;32;34;36;38;39;41;44 47
21;24;25;28;29;37;40;42;43;49;50;51 2;3;4
21;24;25;28;29;37;40;42;43;49;50;51 1;5
9 #edges, tree 66
0 9;10
0 7;8;11;13;17;19;20;26;31
9;10 12
9;10 21;24;25;28;29;37;40;42;43;49;50;51
12 15;18
12 16;22;23;27;32;34;36;38;39;41;44
16;22;23;27;32;34;36;38;39;41;44 47
21;24;25;28;29;37;40;42;43;49;50;51 2;3;4
21;24;25;28;29;37;40;42;43;49;50;51 1;5
9 #edges, tree 67
0 9;10
0 7;8;11;13;17;19;20;26;31
2;3;4 1;5
9;10 12
9;10 15;18
9;10 21;24;25;28;29;37;40;42;43;49;50;51
12 16;22;23;27;32;34;36;38;39;41;44
16;22;23;27;32;34;36;38;39;41;44 47
21;24;25;28;29;37;40;42;43;49;50;51 2;3;4
9 #edges, tree 68
0 9;10
0 7;8;11;13;17;19;20;26;31
2;3;4 1;5
9;10 12
9;10 21;24;25;28;29;37;40;42;43;49;50;51
12 15;18
12 16;22;23;27;32;34;36;38;39;41;44
16;22;23;27;32;34;36;38;39;41;44 47
21;24;25;28;29;37;40;42;43;49;50;51 2;3;4
9 #edges, tree 69
0 9;10
0 7;8;11;13;17;19;20;26;31
9;10 12
9;10 15;18
9;10 21;24;25;28;29;37;40;42;43;49;50;51
12 16;22;23;27;32;34;36;38;39;41;44
15;18 1;5
16;22;23;27;32;34;36;38;39;41;44 47
21;24;25;28;29;37;40;42;43;49;50;51 2;3;4
9 #edges, tree 70
0 9;10
0 7;8;11;13;17;19;20;26;31
9;10 1;5
9;10 12
9;10 15;18
9;10 21;24;25;28;29;37;40;42;43;49;50;51
12 16;22;23;27;32;34;36;38;39;41;44
16;22;23;27;32;34;36;38;39;41;44 47
21;24;25;28;29;37;40;42;43;49;50;51 2;3;4
9 #edges, tree 71
0 9;10
0 7;8;11;13;17;19;20;26;31
9;10 12
9;10 15;18
9;10 21;24;25;28;29;37;40;42;43;49;50;51
12 1;5
12 16;22;23;27;32;34;36;38;39;41;44
16;22;23;27;32;34;36;38;39;41;44 47
21;24;25;28;29;37;40;42;43;49;50;51 2;3;4
9 #edges, tree 72
0 9;10
0 7;8;11;13;17;19;20;26;31
9;10 12
9;10 15;18
9;10 21;24;25;28;29;37;40;42;43;49;50;51
12 16;22;23;27;32;34;36;38;39;41;44
16;22;23;27;32;34;36;38;39;41;44 47
47 1;5
21;24;25;28;29;37;40;42;43;49;50;51 2;3;4
9 #edges, tree 73
0 9;10
0 7;8;11;13;17;19;20;26;31
9;10 12
9;10 15;18
9;10 21;24;25;28;29;37;40;42;43;49;50;51
12 16;22;23;27;32;34;36;38;39;41;44
16;22;23;27;32;34;36;38;39;41;44 1;5
16;22;23;27;32;34;36;38;39;41;44 47
21;24;25;28;29;37;40;42;43;49;50;51 2;3;4
9 #edges, tree 74
0 9;10
0 7;8;11;13;17;19;20;26;31
9;10 12
9;10 21;24;25;28;29;37;40;42;43;49;50;51
12 15;18
12 16;22;23;27;32;34;36;38;39;41;44
15;18 1;5
16;22;23;27;32;34;36;38;39;41;44 47
21;24;25;28;29;37;40;42;43;49;50;51 2;3;4
9 #edges, tree 75
0 9;10
0 7;8;11;13;17;19;20;26;31
9;10 1;5
9;10 12
9;10 21;24;25;28;29;37;40;42;43;49;50;51
12 15;18
12 16;22;23;27;32;34;36;38;39;41;44
16;22;23;27;32;34;36;38;39;41;44 47
21;24;25;28;29;37;40;42;43;49;50;51 2;3;4
9 #edges, tree 76
0 9;10
0 7;8;11;13;17;19;20;26;31
9;10 12
9;10 21;24;25;28;29;37;40;42;43;49;50;51
12 1;5
12 15;18
12 16;22;23;27;32;34;36;38;39;41;44
16;22;23;27;32;34;36;38;39;41;44 47
21;24;25;28;29;37;40;42;43;49;50;51 2;3;4
9 #edges, tree 77
0 9;10
0 7;8;11;13;17;19;20;26;31
9;10 12
9;10 21;24;25;28;29;37;40;42;43;49;50;51
12 15;18
12 16;22;23;27;32;34;36;38;39;41;44
16;22;23;27;32;34;36;38;39;41;44 1;5
16;22;23;27;32;34;36;38;39;41;44 47
21;24;25;28;29;37;40;42;43;49;50;51 2;3;4
9 #edges, tree 78
0 9;10
0 7;8;11;13;17;19;20;26;31
9;10 12
9;10 21;24;25;28;29;37;40;42;43;49;50;51
12 15;18
12 16;22;23;27;32;34;36;38;39;41;44
16;22;23;27;32;34;36;38;39;41;44 47
47 1;5
21;24;25;28;29;37;40;42;43;49;50;51 2;3;4
9 #edges, tree 79
0 9;10
0 7;8;11;13;17;19;20;26;31
1;5 2;3;4
9;10 12
9;10 21;24;25;28;29;37;40;42;43;49;50;51
12 1;5
12 15;18
12 16;22;23;27;32;34;36;38;39;41;44
16;22;23;27;32;34;36;38;39;41;44 47
9 #edges, tree 80
0 9;10
0 7;8;11;13;17;19;20;26;31
1;5 2;3;4
9;10 12
9;10 15;18
9;10 21;24;25;28;29;37;40;42;43;49;50;51
12 1;5
12 16;22;23;27;32;34;36;38;39;41;44
16;22;23;27;32;34;36;38;39;41;44 47
9 #edges, tree 81
0 9;10
0 7;8;11;13;17;19;20;26;31
9;10 12
9;10 15;18
9;10 21;24;25;28;29;37;40;42;43;49;50;51
12 1;5
12 16;22;23;27;32;34;36;38;39;41;44
16;22;23;27;32;34;36;38;39;41;44 2;3;4
16;22;23;27;32;34;36;38;39;41;44 47
9 #edges, tree 82
0 9;10
0 7;8;11;13;17;19;20;26;31
9;10 2;3;4
9;10 12
9;10 15;18
9;10 21;24;25;28;29;37;40;42;43;49;50;51
12 1;5
12 16;22;23;27;32;34;36;38;39;41;44
16;22;23;27;32;34;36;38;39;41;44 47
9 #edges, tree 83
0 9;10
0 7;8;11;13;17;19;20;26;31
9;10 12
9;10 15;18
9;10 21;24;25;28;29;37;40;42;43;49;50;51
12 1;5
12 16;22;23;27;32;34;36;38;39;41;44
15;18 2;3;4
16;22;23;27;32;34;36;38;39;41;44 47
9 #edges, tree 84
0 9;10
0 7;8;11;13;17;19;20;26;31
9;10 12
9;10 15;18
9;10 21;24;25;28;29;37;40;42;43;49;50;51
12 2;3;4
12 1;5
12 16;22;23;27;32;34;36;38;39;41;44
16;22;23;27;32;34;36;38;39;41;44 47
9 #edges, tree 85
0 9;10
0 7;8;11;13;17;19;20;26;31
9;10 12
9;10 15;18
9;10 21;24;25;28;29;37;40;42;43;49;50;51
12 1;5
12 16;22;23;27;32;34;36;38;39;41;44
16;22;23;27;32;34;36;38;39;41;44 47
47 2;3;4
9 #edges, tree 86
0 9;10
0 7;8;11;13;17;19;20;26;31
9;10 12
9;10 21;24;25;28;29;37;40;42;43;49;50;51
12 1;5
12 15;18
12 16;22;23;27;32;34;36;38;39;41;44
16;22;23;27;32;34;36;38;39;41;44 47
47 2;3;4
9 #edges, tree 87
0 9;10
0 7;8;11;13;17;19;20;26;31
9;10 12
9;10 21;24;25;28;29;37;40;42;43;49;50;51
12 1;5
12 15;18
12 16;22;23;27;32;34;36;38;39;41;44
16;22;23;27;32;34;36;38;39;41;44 2;3;4
16;22;23;27;32;34;36;38;39;41;44 47
9 #edges, tree 88
0 9;10
0 7;8;11;13;17;19;20;26;31
9;10 12
9;10 21;24;25;28;29;37;40;42;43;49;50;51
12 1;5
12 15;18
12 16;22;23;27;32;34;36;38;39;41;44
15;18 2;3;4
16;22;23;27;32;34;36;38;39;41;44 47
9 #edges, tree 89
0 9;10
0 7;8;11;13;17;19;20;26;31
9;10 2;3;4
9;10 12
9;10 21;24;25;28;29;37;40;42;43;49;50;51
12 1;5
12 15;18
12 16;22;23;27;32;34;36;38;39;41;44
16;22;23;27;32;34;36;38;39;41;44 47
9 #edges, tree 90
0 9;10
0 7;8;11;13;17;19;20;26;31
9;10 12
9;10 21;24;25;28;29;37;40;42;43;49;50;51
12 2;3;4
12 1;5
12 15;18
12 16;22;23;27;32;34;36;38;39;41;44
16;22;23;27;32;34;36;38;39;41;44 47
9 #edges, tree 91
0 9;10
0 7;8;11;13;17;19;20;26;31
9;10 2;3;4
9;10 12
9;10 15;18
9;10 21;24;25;28;29;37;40;42;43;49;50;51
12 16;22;23;27;32;34;36;38;39;41;44
16;22;23;27;32;34;36;38;39;41;44 47
21;24;25;28;29;37;40;42;43;49;50;51 1;5
9 #edges, tree 92
0 9;10
0 7;8;11;13;17;19;20;26;31
9;10 12
9;10 15;18
9;10 21;24;25;28;29;37;40;42;43;49;50;51
12 2;3;4
12 16;22;23;27;32;34;36;38;39;41;44
16;22;23;27;32;34;36;38;39;41;44 47
21;24;25;28;29;37;40;42;43;49;50;51 1;5
9 #edges, tree 93
0 9;10
0 7;8;11;13;17;19;20;26;31
9;10 12
9;10 15;18
9;10 21;24;25;28;29;37;40;42;43;49;50;51
12 16;22;23;27;32;34;36;38;39;41;44
15;18 2;3;4
16;22;23;27;32;34;36;38;39;41;44 47
21;24;25;28;29;37;40;42;43;49;50;51 1;5
9 #edges, tree 94
0 9;10
0 7;8;11;13;17;19;20;26;31
1;5 2;3;4
9;10 12
9;10 15;18
9;10 21;24;25;28;29;37;40;42;43;49;50;51
12 16;22;23;27;32;34;36;38;39;41;44
16;22;23;27;32;34;36;38;39;41;44 47
21;24;25;28;29;37;40;42;43;49;50;51 1;5
9 #edges, tree 95
0 9;10
0 7;8;11;13;17;19;20;26;31
9;10 12
9;10 15;18
9;10 21;24;25;28;29;37;40;42;43;49;50;51
12 16;22;23;27;32;34;36;38;39;41;44
16;22;23;27;32;34;36;38;39;41;44 2;3;4
16;22;23;27;32;34;36;38;39;41;44 47
21;24;25;28;29;37;40;42;43;49;50;51 1;5
9 #edges, tree 96
0 9;10
0 7;8;11;13;17;19;20;26;31
9;10 12
9;10 15;18
9;10 21;24;25;28;29;37;40;42;43;49;50;51
12 16;22;23;27;32;34;36;38;39;41;44
16;22;23;27;32;34;36;38;39;41;44 47
47 2;3;4
21;24;25;28;29;37;40;42;43;49;50;51 1;5
9 #edges, tree 97
0 9;10
0 7;8;11;13;17;19;20;26;31
1;5 2;3;4
9;10 12
9;10 21;24;25;28;29;37;40;42;43;49;50;51
12 15;18
12 16;22;23;27;32;34;36;38;39;41;44
16;22;23;27;32;34;36;38;39;41;44 47
21;24;25;28;29;37;40;42;43;49;50;51 1;5
9 #edges, tree 98
0 9;10
0 7;8;11;13;17;19;20;26;31
9;10 12
9;10 21;24;25;28;29;37;40;42;43;49;50;51
12 15;18
12 16;22;23;27;32;34;36;38;39;41;44
15;18 2;3;4
16;22;23;27;32;34;36;38;39;41;44 47
21;24;25;28;29;37;40;42;43;49;50;51 1;5
9 #edges, tree 99
0 9;10
0 7;8;11;13;17;19;20;26;31
9;10 2;3;4
9;10 12
9;10 21;24;25;28;29;37;40;42;43;49;50;51
12 15;18
12 16;22;23;27;32;34;36;38;39;41;44
16;22;23;27;32;34;36;38;39;41;44 47
21;24;25;28;29;37;40;42;43;49;50;51 1;5
9 #edges, tree 100
0 9;10
0 7;8;11;13;17;19;20;26;31
9;10 12
9;10 21;24;25;28;29;37;40;42;43;49;50;51
12 15;18
12 16;22;23;27;32;34;36;38;39;41;44
16;22;23;27;32;34;36;38;39;41;44 2;3;4
16;22;23;27;32;34;36;38;39;41;44 47
21;24;25;28;29;37;40;42;43;49;50;51 1;5
9 #edges, tree 101
0 9;10
0 7;8;11;13;17;19;20;26;31
9;10 12
9;10 21;24;25;28;29;37;40;42;43;49;50;51
12 15;18
12 16;22;23;27;32;34;36;38;39;41;44
16;22;23;27;32;34;36;38;39;41;44 47
47 2;3;4
21;24;25;28;29;37;40;42;43;49;50;51 1;5
9 #edges, tree 102
0 9;10
0 7;8;11;13;17;19;20;26;31
9;10 12
9;10 21;24;25;28;29;37;40;42;43;49;50;51
12 2;3;4
12 15;18
12 16;22;23;27;32;34;36;38;39;41;44
16;22;23;27;32;34;36;38;39;41;44 47
21;24;25;28;29;37;40;42;43;49;50;51 1;5
9 #edges, tree 103
0 9;10
0 7;8;11;13;17;19;20;26;31
9;10 1;5
9;10 12
9;10 21;24;25;28;29;37;40;42;43;49;50;51
12 2;3;4
12 15;18
12 16;22;23;27;32;34;36;38;39;41;44
16;22;23;27;32;34;36;38;39;41;44 47
9 #edges, tree 104
0 9;10
0 7;8;11;13;17;19;20;26;31
9;10 1;5
9;10 12
9;10 15;18
9;10 21;24;25;28;29;37;40;42;43;49;50;51
12 2;3;4
12 16;22;23;27;32;34;36;38;39;41;44
16;22;23;27;32;34;36;38;39;41;44 47
9 #edges, tree 105
0 9;10
0 7;8;11;13;17;19;20;26;31
9;10 1;5
9;10 12
9;10 21;24;25;28;29;37;40;42;43;49;50;51
12 15;18
12 16;22;23;27;32;34;36;38;39;41;44
16;22;23;27;32;34;36;38;39;41;44 2;3;4
16;22;23;27;32;34;36;38;39;41;44 47
9 #edges, tree 106
0 9;10
0 7;8;11;13;17;19;20;26;31
9;10 1;5
9;10 12
9;10 15;18
9;10 21;24;25;28;29;37;40;42;43;49;50;51
12 16;22;23;27;32;34;36;38;39;41;44
16;22;23;27;32;34;36;38;39;41;44 2;3;4
16;22;23;27;32;34;36;38;39;41;44 47
9 #edges, tree 107
0 9;10
0 7;8;11;13;17;19;20;26;31
1;5 2;3;4
9;10 1;5
9;10 12
9;10 21;24;25;28;29;37;40;42;43;49;50;51
12 15;18
12 16;22;23;27;32;34;36;38;39;41;44
16;22;23;27;32;34;36;38;39;41;44 47
9 #edges, tree 108
0 9;10
0 7;8;11;13;17;19;20;26;31
1;5 2;3;4
9;10 1;5
9;10 12
9;10 15;18
9;10 21;24;25;28;29;37;40;42;43;49;50;51
12 16;22;23;27;32;34;36;38;39;41;44
16;22;23;27;32;34;36;38;39;41;44 47
9 #edges, tree 109
0 9;10
0 7;8;11;13;17;19;20;26;31
9;10 2;3;4
9;10 1;5
9;10 12
9;10 21;24;25;28;29;37;40;42;43;49;50;51
12 15;18
12 16;22;23;27;32;34;36;38;39;41;44
16;22;23;27;32;34;36;38;39;41;44 47
9 #edges, tree 110
0 9;10
0 7;8;11;13;17;19;20;26;31
9;10 1;5
9;10 12
9;10 21;24;25;28;29;37;40;42;43;49;50;51
12 15;18
12 16;22;23;27;32;34;36;38;39;41;44
16;22;23;27;32;34;36;38;39;41;44 47
47 2;3;4
9 #edges, tree 111
0 9;10
0 7;8;11;13;17;19;20;26;31
9;10 1;5
9;10 12
9;10 21;24;25;28;29;37;40;42;43;49;50;51
12 15;18
12 16;22;23;27;32;34;36;38;39;41;44
15;18 2;3;4
16;22;23;27;32;34;36;38;39;41;44 47
9 #edges, tree 112
0 9;10
0 7;8;11;13;17;19;20;26;31
9;10 2;3;4
9;10 1;5
9;10 12
9;10 15;18
9;10 21;24;25;28;29;37;40;42;43;49;50;51
12 16;22;23;27;32;34;36;38;39;41;44
16;22;23;27;32;34;36;38;39;41;44 47
9 #edges, tree 113
0 9;10
0 7;8;11;13;17;19;20;26;31
9;10 1;5
9;10 12
9;10 15;18
9;10 21;24;25;28;29;37;40;42;43;49;50;51
12 16;22;23;27;32;34;36;38;39;41;44
15;18 2;3;4
16;22;23;27;32;34;36;38;39;41;44 47
9 #edges, tree 114
0 9;10
0 7;8;11;13;17;19;20;26;31
9;10 1;5
9;10 12
9;10 15;18
9;10 21;24;25;28;29;37;40;42;43;49;50;51
12 16;22;23;27;32;34;36;38;39;41;44
16;22;23;27;32;34;36;38;39;41;44 47
47 2;3;4
9 #edges, tree 115
0 9;10
0 7;8;11;13;17;19;20;26;31
9;10 12
9;10 21;24;25;28;29;37;40;42;43;49;50;51
12 2;3;4
12 15;18
12 16;22;23;27;32;34;36;38;39;41;44
15;18 1;5
16;22;23;27;32;34;36;38;39;41;44 47
9 #edges, tree 116
0 9;10
0 7;8;11;13;17;19;20;26;31
9;10 12
9;10 21;24;25;28;29;37;40;42;43;49;50;51
12 15;18
12 16;22;23;27;32;34;36;38;39;41;44
15;18 1;5
16;22;23;27;32;34;36;38;39;41;44 2;3;4
16;22;23;27;32;34;36;38;39;41;44 47
9 #edges, tree 117
0 9;10
0 7;8;11;13;17;19;20;26;31
9;10 2;3;4
9;10 12
9;10 21;24;25;28;29;37;40;42;43;49;50;51
12 15;18
12 16;22;23;27;32;34;36;38;39;41;44
15;18 1;5
16;22;23;27;32;34;36;38;39;41;44 47
9 #edges, tree 118
0 9;10
0 7;8;11;13;17;19;20;26;31
9;10 12
9;10 21;24;25;28;29;37;40;42;43;49;50;51
12 15;18
12 16;22;23;27;32;34;36;38;39;41;44
15;18 1;5
16;22;23;27;32;34;36;38;39;41;44 47
47 2;3;4
9 #edges, tree 119
0 9;10
0 7;8;11;13;17;19;20;26;31
9;10 12
9;10 21;24;25;28;29;37;40;42;43;49;50;51
12 15;18
12 16;22;23;27;32;34;36;38;39;41;44
15;18 2;3;4
15;18 1;5
16;22;23;27;32;34;36;38;39;41;44 47
9 #edges, tree 120
0 9;10
0 7;8;11;13;17;19;20;26;31
1;5 2;3;4
9;10 12
9;10 21;24;25;28;29;37;40;42;43;49;50;51
12 15;18
12 16;22;23;27;32;34;36;38;39;41;44
15;18 1;5
16;22;23;27;32;34;36;38;39;41;44 47
9 #edges, tree 121
0 9;10
0 7;8;11;13;17;19;20;26;31
2;3;4 1;5
9;10 12
9;10 21;24;25;28;29;37;40;42;43;49;50;51
12 2;3;4
12 15;18
12 16;22;23;27;32;34;36;38;39;41;44
16;22;23;27;32;34;36;38;39;41;44 47
9 #edges, tree 122
0 9;10
0 7;8;11;13;17;19;20;26;31
9;10 12
9;10 21;24;25;28;29;37;40;42;43;49;50;51
12 2;3;4
12 15;18
12 16;22;23;27;32;34;36;38;39;41;44
16;22;23;27;32;34;36;38;39;41;44 1;5
16;22;23;27;32;34;36;38;39;41;44 47
9 #edges, tree 123
0 9;10
0 7;8;11;13;17;19;20;26;31
9;10 12
9;10 21;24;25;28;29;37;40;42;43;49;50;51
12 2;3;4
12 15;18
12 16;22;23;27;32;34;36;38;39;41;44
16;22;23;27;32;34;36;38;39;41;44 47
47 1;5
9 #edges, tree 124
0 9;10
0 7;8;11;13;17;19;20;26;31
9;10 2;3;4
9;10 12
9;10 21;24;25;28;29;37;40;42;43;49;50;51
12 15;18
12 16;22;23;27;32;34;36;38;39;41;44
16;22;23;27;32;34;36;38;39;41;44 1;5
16;22;23;27;32;34;36;38;39;41;44 47
9 #edges, tree 125
0 9;10
0 7;8;11;13;17;19;20;26;31
2;3;4 1;5
9;10 2;3;4
9;10 12
9;10 21;24;25;28;29;37;40;42;43;49;50;51
12 15;18
12 16;22;23;27;32;34;36;38;39;41;44
16;22;23;27;32;34;36;38;39;41;44 47
9 #edges, tree 126
0 9;10
0 7;8;11;13;17;19;20;26;31
9;10 2;3;4
9;10 12
9;10 21;24;25;28;29;37;40;42;43;49;50;51
12 15;18
12 16;22;23;27;32;34;36;38;39;41;44
16;22;23;27;32;34;36;38;39;41;44 47
47 1;5
9 #edges, tree 127
0 9;10
0 7;8;11;13;17;19;20;26;31
2;3;4 1;5
9;10 12
9;10 21;24;25;28;29;37;40;42;43;49;50;51
12 15;18
12 16;22;23;27;32;34;36;38;39;41;44
15;18 2;3;4
16;22;23;27;32;34;36;38;39;41;44 47
9 #edges, tree 128
0 9;10
0 7;8;11;13;17;19;20;26;31
9;10 12
9;10 21;24;25;28;29;37;40;42;43;49;50;51
12 15;18
12 16;22;23;27;32;34;36;38;39;41;44
15;18 2;3;4
16;22;23;27;32;34;36;38;39;41;44 47
47 1;5
9 #edges, tree 129
16;22;23;27;32;34;36;38;39;41;44 47
16;22;23;27;32;34;36;38;39;41;44 1;5
15;18 2;3;4
12 16;22;23;27;32;34;36;38;39;41;44
12 15;18
9;10 21;24;25;28;29;37;40;42;43;49;50;51
9;10 12
0 7;8;11;13;17;19;20;26;31
0 9;10
9 #edges, tree 130
16;22;23;27;32;34;36;38;39;41;44 47
16;22;23;27;32;34;36;38;39;41;44 2;3;4
12 16;22;23;27;32;34;36;38;39;41;44
12 15;18
9;10 21;24;25;28;29;37;40;42;43;49;50;51
9;10 12
2;3;4 1;5
0 7;8;11;13;17;19;20;26;31
0 9;10
9 #edges, tree 131
47 1;5
16;22;23;27;32;34;36;38;39;41;44 47
16;22;23;27;32;34;36;38;39;41;44 2;3;4
12 16;22;23;27;32;34;36;38;39;41;44
12 15;18
9;10 21;24;25;28;29;37;40;42;43;49;50;51
9;10 12
0 7;8;11;13;17;19;20;26;31
0 9;10
9 #edges, tree 132
16;22;23;27;32;34;36;38;39;41;44 47
16;22;23;27;32;34;36;38;39;41;44 1;5
16;22;23;27;32;34;36;38;39;41;44 2;3;4
12 16;22;23;27;32;34;36;38;39;41;44
12 15;18
9;10 21;24;25;28;29;37;40;42;43;49;50;51
9;10 12
0 7;8;11;13;17;19;20;26;31
0 9;10
9 #edges, tree 133
16;22;23;27;32;34;36;38;39;41;44 47
16;22;23;27;32;34;36;38;39;41;44 1;5
12 16;22;23;27;32;34;36;38;39;41;44
12 15;18
9;10 21;24;25;28;29;37;40;42;43;49;50;51
9;10 12
1;5 2;3;4
0 7;8;11;13;17;19;20;26;31
0 9;10
9 #edges, tree 134
47 2;3;4
16;22;23;27;32;34;36;38;39;41;44 47
16;22;23;27;32;34;36;38;39;41;44 1;5
12 16;22;23;27;32;34;36;38;39;41;44
12 15;18
9;10 21;24;25;28;29;37;40;42;43;49;50;51
9;10 12
0 7;8;11;13;17;19;20;26;31
0 9;10
9 #edges, tree 135
47 1;5
47 2;3;4
16;22;23;27;32;34;36;38;39;41;44 47
12 16;22;23;27;32;34;36;38;39;41;44
12 15;18
9;10 21;24;25;28;29;37;40;42;43;49;50;51
9;10 12
0 7;8;11;13;17;19;20;26;31
0 9;10
9 #edges, tree 136
47 1;5
16;22;23;27;32;34;36;38;39;41;44 47
12 16;22;23;27;32;34;36;38;39;41;44
12 15;18
9;10 21;24;25;28;29;37;40;42;43;49;50;51
9;10 12
1;5 2;3;4
0 7;8;11;13;17;19;20;26;31
0 9;10
9 #edges, tree 137
47 2;3;4
16;22;23;27;32;34;36;38;39;41;44 47
12 16;22;23;27;32;34;36;38;39;41;44
12 15;18
9;10 21;24;25;28;29;37;40;42;43;49;50;51
9;10 12
2;3;4 1;5
0 7;8;11;13;17;19;20;26;31
0 9;10
9 #edges, tree 138
16;22;23;27;32;34;36;38;39;41;44 47
12 16;22;23;27;32;34;36;38;39;41;44
12 2;3;4
9;10 21;24;25;28;29;37;40;42;43;49;50;51
9;10 15;18
9;10 12
2;3;4 1;5
0 7;8;11;13;17;19;20;26;31
0 9;10
9 #edges, tree 139
16;22;23;27;32;34;36;38;39;41;44 47
16;22;23;27;32;34;36;38;39;41;44 1;5
12 16;22;23;27;32;34;36;38;39;41;44
12 2;3;4
9;10 21;24;25;28;29;37;40;42;43;49;50;51
9;10 15;18
9;10 12
0 7;8;11;13;17;19;20;26;31
0 9;10
9 #edges, tree 140
16;22;23;27;32;34;36;38;39;41;44 47
15;18 1;5
12 16;22;23;27;32;34;36;38;39;41;44
12 2;3;4
9;10 21;24;25;28;29;37;40;42;43;49;50;51
9;10 15;18
9;10 12
0 7;8;11;13;17;19;20;26;31
0 9;10
9 #edges, tree 141
47 1;5
16;22;23;27;32;34;36;38;39;41;44 47
12 16;22;23;27;32;34;36;38;39;41;44
12 2;3;4
9;10 21;24;25;28;29;37;40;42;43;49;50;51
9;10 15;18
9;10 12
0 7;8;11;13;17;19;20;26;31
0 9;10
9 #edges, tree 142
16;22;23;27;32;34;36;38;39;41;44 47
16;22;23;27;32;34;36;38;39;41;44 1;5
16;22;23;27;32;34;36;38;39;41;44 2;3;4
12 16;22;23;27;32;34;36;38;39;41;44
9;10 21;24;25;28;29;37;40;42;43;49;50;51
9;10 15;18
9;10 12
0 7;8;11;13;17;19;20;26;31
0 9;10
9 #edges, tree 143
16;22;23;27;32;34;36;38;39;41;44 47
16;22;23;27;32;34;36;38;39;41;44 2;3;4
15;18 1;5
12 16;22;23;27;32;34;36;38;39;41;44
9;10 21;24;25;28;29;37;40;42;43;49;50;51
9;10 15;18
9;10 12
0 7;8;11;13;17;19;20;26;31
0 9;10
9 #edges, tree 144
16;22;23;27;32;34;36;38;39;41;44 47
16;22;23;27;32;34;36;38;39;41;44 2;3;4
12 16;22;23;27;32;34;36;38;39;41;44
9;10 21;24;25;28;29;37;40;42;43;49;50;51
9;10 15;18
9;10 12
2;3;4 1;5
0 7;8;11;13;17;19;20;26;31
0 9;10
9 #edges, tree 145
47 1;5
16;22;23;27;32;34;36;38;39;41;44 47
16;22;23;27;32;34;36;38;39;41;44 2;3;4
12 16;22;23;27;32;34;36;38;39;41;44
9;10 21;24;25;28;29;37;40;42;43;49;50;51
9;10 15;18
9;10 12
0 7;8;11;13;17;19;20;26;31
0 9;10
9 #edges, tree 146
16;22;23;27;32;34;36;38;39;41;44 47
16;22;23;27;32;34;36;38;39;41;44 1;5
12 16;22;23;27;32;34;36;38;39;41;44
9;10 21;24;25;28;29;37;40;42;43;49;50;51
9;10 15;18
9;10 12
1;5 2;3;4
0 7;8;11;13;17;19;20;26;31
0 9;10
9 #edges, tree 147
47 2;3;4
16;22;23;27;32;34;36;38;39;41;44 47
16;22;23;27;32;34;36;38;39;41;44 1;5
12 16;22;23;27;32;34;36;38;39;41;44
9;10 21;24;25;28;29;37;40;42;43;49;50;51
9;10 15;18
9;10 12
0 7;8;11;13;17;19;20;26;31
0 9;10
9 #edges, tree 148
16;22;23;27;32;34;36;38;39;41;44 47
16;22;23;27;32;34;36;38;39;41;44 1;5
12 16;22;23;27;32;34;36;38;39;41;44
9;10 21;24;25;28;29;37;40;42;43;49;50;51
9;10 15;18
9;10 12
9;10 2;3;4
0 7;8;11;13;17;19;20;26;31
0 9;10
9 #edges, tree 149
16;22;23;27;32;34;36;38;39;41;44 47
16;22;23;27;32;34;36;38;39;41;44 1;5
15;18 2;3;4
12 16;22;23;27;32;34;36;38;39;41;44
9;10 21;24;25;28;29;37;40;42;43;49;50;51
9;10 15;18
9;10 12
0 7;8;11;13;17;19;20;26;31
0 9;10
9 #edges, tree 150
16;22;23;27;32;34;36;38;39;41;44 47
12 16;22;23;27;32;34;36;38;39;41;44
9;10 21;24;25;28;29;37;40;42;43;49;50;51
9;10 15;18
9;10 12
9;10 2;3;4
2;3;4 1;5
0 7;8;11;13;17;19;20;26;31
0 9;10
9 #edges, tree 151
47 1;5
16;22;23;27;32;34;36;38;39;41;44 47
12 16;22;23;27;32;34;36;38;39;41;44
9;10 21;24;25;28;29;37;40;42;43;49;50;51
9;10 15;18
9;10 12
9;10 2;3;4
0 7;8;11;13;17;19;20;26;31
0 9;10
9 #edges, tree 152
16;22;23;27;32;34;36;38;39;41;44 47
15;18 1;5
12 16;22;23;27;32;34;36;38;39;41;44
9;10 21;24;25;28;29;37;40;42;43;49;50;51
9;10 15;18
9;10 12
9;10 2;3;4
0 7;8;11;13;17;19;20;26;31
0 9;10
9 #edges, tree 153
16;22;23;27;32;34;36;38;39;41;44 47
15;18 1;5
15;18 2;3;4
12 16;22;23;27;32;34;36;38;39;41;44
9;10 21;24;25;28;29;37;40;42;43;49;50;51
9;10 15;18
9;10 12
0 7;8;11;13;17;19;20;26;31
0 9;10
9 #edges, tree 154
16;22;23;27;32;34;36;38;39;41;44 47
15;18 1;5
12 16;22;23;27;32;34;36;38;39;41;44
9;10 21;24;25;28;29;37;40;42;43;49;50;51
9;10 15;18
9;10 12
1;5 2;3;4
0 7;8;11;13;17;19;20;26;31
0 9;10
9 #edges, tree 155
47 2;3;4
16;22;23;27;32;34;36;38;39;41;44 47
15;18 1;5
12 16;22;23;27;32;34;36;38;39;41;44
9;10 21;24;25;28;29;37;40;42;43;49;50;51
9;10 15;18
9;10 12
0 7;8;11;13;17;19;20;26;31
0 9;10
9 #edges, tree 156
47 1;5
47 2;3;4
16;22;23;27;32;34;36;38;39;41;44 47
12 16;22;23;27;32;34;36;38;39;41;44
9;10 21;24;25;28;29;37;40;42;43;49;50;51
9;10 15;18
9;10 12
0 7;8;11;13;17;19;20;26;31
0 9;10
9 #edges, tree 157
47 2;3;4
16;22;23;27;32;34;36;38;39;41;44 47
12 16;22;23;27;32;34;36;38;39;41;44
9;10 21;24;25;28;29;37;40;42;43;49;50;51
9;10 15;18
9;10 12
2;3;4 1;5
0 7;8;11;13;17;19;20;26;31
0 9;10
9 #edges, tree 158
47 1;5
16;22;23;27;32;34;36;38;39;41;44 47
12 16;22;23;27;32;34;36;38;39;41;44
9;10 21;24;25;28;29;37;40;42;43;49;50;51
9;10 15;18
9;10 12
1;5 2;3;4
0 7;8;11;13;17;19;20;26;31
0 9;10
9 #edges, tree 159
47 1;5
16;22;23;27;32;34;36;38;39;41;44 47
15;18 2;3;4
12 16;22;23;27;32;34;36;38;39;41;44
9;10 21;24;25;28;29;37;40;42;43;49;50;51
9;10 15;18
9;10 12
0 7;8;11;13;17;19;20;26;31
0 9;10
9 #edges, tree 160
16;22;23;27;32;34;36;38;39;41;44 47
15;18 2;3;4
12 16;22;23;27;32;34;36;38;39;41;44
9;10 21;24;25;28;29;37;40;42;43;49;50;51
9;10 15;18
9;10 12
2;3;4 1;5
0 7;8;11;13;17;19;20;26;31
0 9;10
