# 8 out of 8 mutations
14 #trees
7 #edges, tree 1
9;12;18;21;45 46;47;51
0 9;12;18;21;45
0 7;8;10;16;33;34;35;37;38
0 6;11;13;15;17;19;26;27;31;32
0 22;24
0 4;14;20;23
0 2
7 #edges, tree 2
0 2
0 4;14;20;23
0 6;11;13;15;17;19;26;27;31;32
0 7;8;10;16;33;34;35;37;38
0 9;12;18;21;45
4;14;20;23 22;24
9;12;18;21;45 46;47;51
7 #edges, tree 3
9;12;18;21;45 46;47;51
4;14;20;23 2
0 9;12;18;21;45
0 7;8;10;16;33;34;35;37;38
0 6;11;13;15;17;19;26;27;31;32
0 22;24
0 4;14;20;23
7 #edges, tree 4
9;12;18;21;45 46;47;51
22;24 2
0 9;12;18;21;45
0 7;8;10;16;33;34;35;37;38
0 6;11;13;15;17;19;26;27;31;32
0 22;24
0 4;14;20;23
7 #edges, tree 5
0 4;14;20;23
0 22;24
0 6;11;13;15;17;19;26;27;31;32
0 7;8;10;16;33;34;35;37;38
0 9;12;18;21;45
7;8;10;16;33;34;35;37;38 2
9;12;18;21;45 46;47;51
7 #edges, tree 6
0 4;14;20;23
0 22;24
0 6;11;13;15;17;19;26;27;31;32
0 7;8;10;16;33;34;35;37;38
0 9;12;18;21;45
9;12;18;21;45 2
9;12;18;21;45 46;47;51
7 #edges, tree 7
0 4;14;20;23
0 22;24
0 6;11;13;15;17;19;26;27;31;32
0 7;8;10;16;33;34;35;37;38
0 9;12;18;21;45
6;11;13;15;17;19;26;27;31;32 2
9;12;18;21;45 46;47;51
7 #edges, tree 8
0 4;14;20;23
0 22;24
0 6;11;13;15;17;19;26;27;31;32
0 7;8;10;16;33;34;35;37;38
0 9;12;18;21;45
9;12;18;21;45 46;47;51
46;47;51 2
7 #edges, tree 9
9;12;18;21;45 46;47;51
4;14;20;23 22;24
4;14;20;23 2
0 9;12;18;21;45
0 7;8;10;16;33;34;35;37;38
0 6;11;13;15;17;19;26;27;31;32
0 4;14;20;23
7 #edges, tree 10
9;12;18;21;45 46;47;51
22;24 2
4;14;20;23 22;24
0 9;12;18;21;45
0 7;8;10;16;33;34;35;37;38
0 6;11;13;15;17;19;26;27;31;32
0 4;14;20;23
7 #edges, tree 11
9;12;18;21;45 46;47;51
9;12;18;21;45 2
4;14;20;23 22;24
0 9;12;18;21;45
0 7;8;10;16;33;34;35;37;38
0 6;11;13;15;17;19;26;27;31;32
0 4;14;20;23
7 #edges, tree 12
9;12;18;21;45 46;47;51
7;8;10;16;33;34;35;37;38 2
4;14;20;23 22;24
0 9;12;18;21;45
0 7;8;10;16;33;34;35;37;38
0 6;11;13;15;17;19;26;27;31;32
0 4;14;20;23
7 #edges, tree 13
9;12;18;21;45 46;47;51
6;11;13;15;17;19;26;27;31;32 2
4;14;20;23 22;24
0 9;12;18;21;45
0 7;8;10;16;33;34;35;37;38
0 6;11;13;15;17;19;26;27;31;32
0 4;14;20;23
7 #edges, tree 14
46;47;51 2
9;12;18;21;45 46;47;51
4;14;20;23 22;24
0 9;12;18;21;45
0 7;8;10;16;33;34;35;37;38
0 6;11;13;15;17;19;26;27;31;32
0 4;14;20;23
