# 12 out of 12 mutations
438 #trees
11 #edges, tree 1
0 1
0 9
0 2;7;8;11
0 21
0 27
0 4;18;23;28;29;30
0 31;34;35
1 14
1 6;13;17;20
1 10;15;16;22
10;15;16;22 32;38
11 #edges, tree 2
4;18;23;28;29;30 31;34;35
10;15;16;22 32;38
1 10;15;16;22
1 6;13;17;20
1 14
0 4;18;23;28;29;30
0 27
0 21
0 2;7;8;11
0 9
0 1
11 #edges, tree 3
0 1
0 2;7;8;11
0 21
0 27
0 4;18;23;28;29;30
1 14
1 6;13;17;20
1 10;15;16;22
2;7;8;11 9
10;15;16;22 32;38
4;18;23;28;29;30 31;34;35
11 #edges, tree 4
0 1
0 2;7;8;11
0 21
0 27
0 4;18;23;28;29;30
0 31;34;35
1 14
1 6;13;17;20
1 10;15;16;22
2;7;8;11 9
10;15;16;22 32;38
11 #edges, tree 5
4;18;23;28;29;30 31;34;35
10;15;16;22 32;38
1 10;15;16;22
1 6;13;17;20
1 14
1 9
0 4;18;23;28;29;30
0 27
0 21
0 2;7;8;11
0 1
11 #edges, tree 6
10;15;16;22 32;38
1 10;15;16;22
1 6;13;17;20
1 14
1 9
0 31;34;35
0 4;18;23;28;29;30
0 27
0 21
0 2;7;8;11
0 1
11 #edges, tree 7
4;18;23;28;29;30 31;34;35
10;15;16;22 32;38
9 21
1 10;15;16;22
1 6;13;17;20
1 14
0 4;18;23;28;29;30
0 27
0 2;7;8;11
0 9
0 1
11 #edges, tree 8
4;18;23;28;29;30 31;34;35
10;15;16;22 32;38
1 10;15;16;22
1 21
1 6;13;17;20
1 14
0 4;18;23;28;29;30
0 27
0 2;7;8;11
0 9
0 1
11 #edges, tree 9
0 1
0 9
0 2;7;8;11
0 27
0 4;18;23;28;29;30
1 14
1 6;13;17;20
1 10;15;16;22
14 21
10;15;16;22 32;38
4;18;23;28;29;30 31;34;35
11 #edges, tree 10
0 1
0 9
0 2;7;8;11
0 27
0 4;18;23;28;29;30
1 14
1 6;13;17;20
1 10;15;16;22
10;15;16;22 32;38
27 21
4;18;23;28;29;30 31;34;35
11 #edges, tree 11
0 1
0 9
0 2;7;8;11
0 27
0 4;18;23;28;29;30
0 31;34;35
1 14
1 6;13;17;20
1 10;15;16;22
10;15;16;22 32;38
27 21
11 #edges, tree 12
0 1
0 9
0 2;7;8;11
0 27
0 4;18;23;28;29;30
0 31;34;35
1 14
1 6;13;17;20
1 10;15;16;22
9 21
10;15;16;22 32;38
11 #edges, tree 13
0 1
0 9
0 2;7;8;11
0 27
0 4;18;23;28;29;30
0 31;34;35
1 14
1 6;13;17;20
1 21
1 10;15;16;22
10;15;16;22 32;38
11 #edges, tree 14
0 1
0 9
0 2;7;8;11
0 27
0 4;18;23;28;29;30
0 31;34;35
1 14
1 6;13;17;20
1 10;15;16;22
14 21
10;15;16;22 32;38
11 #edges, tree 15
0 1
0 2;7;8;11
0 27
0 4;18;23;28;29;30
1 14
1 6;13;17;20
1 21
1 10;15;16;22
2;7;8;11 9
10;15;16;22 32;38
4;18;23;28;29;30 31;34;35
11 #edges, tree 16
0 1
0 2;7;8;11
0 27
0 4;18;23;28;29;30
1 14
1 6;13;17;20
1 10;15;16;22
2;7;8;11 9
10;15;16;22 32;38
27 21
4;18;23;28;29;30 31;34;35
11 #edges, tree 17
4;18;23;28;29;30 31;34;35
10;15;16;22 32;38
14 21
2;7;8;11 9
1 10;15;16;22
1 6;13;17;20
1 14
0 4;18;23;28;29;30
0 27
0 2;7;8;11
0 1
11 #edges, tree 18
27 21
10;15;16;22 32;38
2;7;8;11 9
1 10;15;16;22
1 6;13;17;20
1 14
0 31;34;35
0 4;18;23;28;29;30
0 27
0 2;7;8;11
0 1
11 #edges, tree 19
10;15;16;22 32;38
2;7;8;11 9
1 10;15;16;22
1 21
1 6;13;17;20
1 14
0 31;34;35
0 4;18;23;28;29;30
0 27
0 2;7;8;11
0 1
11 #edges, tree 20
10;15;16;22 32;38
14 21
2;7;8;11 9
1 10;15;16;22
1 6;13;17;20
1 14
0 31;34;35
0 4;18;23;28;29;30
0 27
0 2;7;8;11
0 1
11 #edges, tree 21
27 21
10;15;16;22 32;38
1 10;15;16;22
1 6;13;17;20
1 14
1 9
0 31;34;35
0 4;18;23;28;29;30
0 27
0 2;7;8;11
0 1
11 #edges, tree 22
10;15;16;22 32;38
14 21
1 10;15;16;22
1 6;13;17;20
1 14
1 9
0 31;34;35
0 4;18;23;28;29;30
0 27
0 2;7;8;11
0 1
11 #edges, tree 23
10;15;16;22 32;38
1 10;15;16;22
1 21
1 6;13;17;20
1 14
1 9
0 31;34;35
0 4;18;23;28;29;30
0 27
0 2;7;8;11
0 1
11 #edges, tree 24
10;15;16;22 32;38
9 21
1 10;15;16;22
1 6;13;17;20
1 14
1 9
0 31;34;35
0 4;18;23;28;29;30
0 27
0 2;7;8;11
0 1
11 #edges, tree 25
4;18;23;28;29;30 31;34;35
27 21
10;15;16;22 32;38
1 10;15;16;22
1 6;13;17;20
1 14
1 9
0 4;18;23;28;29;30
0 27
0 2;7;8;11
0 1
11 #edges, tree 26
4;18;23;28;29;30 31;34;35
10;15;16;22 32;38
1 10;15;16;22
1 21
1 6;13;17;20
1 14
1 9
0 4;18;23;28;29;30
0 27
0 2;7;8;11
0 1
11 #edges, tree 27
4;18;23;28;29;30 31;34;35
10;15;16;22 32;38
9 21
1 10;15;16;22
1 6;13;17;20
1 14
1 9
0 4;18;23;28;29;30
0 27
0 2;7;8;11
0 1
11 #edges, tree 28
4;18;23;28;29;30 31;34;35
10;15;16;22 32;38
14 21
1 10;15;16;22
1 6;13;17;20
1 14
1 9
0 4;18;23;28;29;30
0 27
0 2;7;8;11
0 1
11 #edges, tree 29
10;15;16;22 32;38
9 2;7;8;11
1 10;15;16;22
1 6;13;17;20
1 14
0 31;34;35
0 4;18;23;28;29;30
0 27
0 21
0 9
0 1
11 #edges, tree 30
10;15;16;22 32;38
1 10;15;16;22
1 6;13;17;20
1 14
1 2;7;8;11
0 31;34;35
0 4;18;23;28;29;30
0 27
0 21
0 9
0 1
11 #edges, tree 31
4;18;23;28;29;30 31;34;35
10;15;16;22 32;38
1 10;15;16;22
1 6;13;17;20
1 14
1 2;7;8;11
0 4;18;23;28;29;30
0 27
0 21
0 9
0 1
11 #edges, tree 32
4;18;23;28;29;30 31;34;35
10;15;16;22 32;38
9 2;7;8;11
1 10;15;16;22
1 6;13;17;20
1 14
0 4;18;23;28;29;30
0 27
0 21
0 9
0 1
11 #edges, tree 33
0 1
0 9
0 27
0 4;18;23;28;29;30
0 31;34;35
1 2;7;8;11
1 14
1 6;13;17;20
1 10;15;16;22
10;15;16;22 32;38
27 21
11 #edges, tree 34
0 1
0 9
0 27
0 4;18;23;28;29;30
1 2;7;8;11
1 14
1 6;13;17;20
1 10;15;16;22
10;15;16;22 32;38
27 21
4;18;23;28;29;30 31;34;35
11 #edges, tree 35
0 1
0 9
0 27
0 4;18;23;28;29;30
1 14
1 6;13;17;20
1 10;15;16;22
9 2;7;8;11
10;15;16;22 32;38
27 21
4;18;23;28;29;30 31;34;35
11 #edges, tree 36
0 1
0 9
0 27
0 4;18;23;28;29;30
0 31;34;35
1 14
1 6;13;17;20
1 10;15;16;22
9 2;7;8;11
10;15;16;22 32;38
27 21
11 #edges, tree 37
0 1
0 9
0 27
0 4;18;23;28;29;30
1 2;7;8;11
1 14
1 6;13;17;20
1 21
1 10;15;16;22
10;15;16;22 32;38
4;18;23;28;29;30 31;34;35
11 #edges, tree 38
0 1
0 9
0 27
0 4;18;23;28;29;30
0 31;34;35
1 2;7;8;11
1 14
1 6;13;17;20
1 21
1 10;15;16;22
10;15;16;22 32;38
11 #edges, tree 39
0 1
0 9
0 27
0 4;18;23;28;29;30
0 31;34;35
1 2;7;8;11
1 14
1 6;13;17;20
1 10;15;16;22
9 21
10;15;16;22 32;38
11 #edges, tree 40
0 1
0 9
0 27
0 4;18;23;28;29;30
1 2;7;8;11
1 14
1 6;13;17;20
1 10;15;16;22
9 21
10;15;16;22 32;38
4;18;23;28;29;30 31;34;35
11 #edges, tree 41
0 1
0 9
0 27
0 4;18;23;28;29;30
0 31;34;35
1 2;7;8;11
1 14
1 6;13;17;20
1 10;15;16;22
14 21
10;15;16;22 32;38
11 #edges, tree 42
0 1
0 9
0 27
0 4;18;23;28;29;30
1 2;7;8;11
1 14
1 6;13;17;20
1 10;15;16;22
14 21
10;15;16;22 32;38
4;18;23;28;29;30 31;34;35
11 #edges, tree 43
0 1
0 9
0 27
0 4;18;23;28;29;30
0 31;34;35
1 14
1 6;13;17;20
1 21
1 10;15;16;22
9 2;7;8;11
10;15;16;22 32;38
11 #edges, tree 44
0 1
0 9
0 27
0 4;18;23;28;29;30
1 14
1 6;13;17;20
1 21
1 10;15;16;22
9 2;7;8;11
10;15;16;22 32;38
4;18;23;28;29;30 31;34;35
11 #edges, tree 45
0 1
0 9
0 27
0 4;18;23;28;29;30
0 31;34;35
1 14
1 6;13;17;20
1 10;15;16;22
9 2;7;8;11
14 21
10;15;16;22 32;38
11 #edges, tree 46
0 1
0 9
0 27
0 4;18;23;28;29;30
0 31;34;35
1 14
1 6;13;17;20
1 10;15;16;22
9 2;7;8;11
9 21
10;15;16;22 32;38
11 #edges, tree 47
0 1
0 9
0 27
0 4;18;23;28;29;30
1 14
1 6;13;17;20
1 10;15;16;22
9 2;7;8;11
9 21
10;15;16;22 32;38
4;18;23;28;29;30 31;34;35
11 #edges, tree 48
0 1
0 9
0 27
0 4;18;23;28;29;30
1 14
1 6;13;17;20
1 10;15;16;22
9 2;7;8;11
14 21
10;15;16;22 32;38
4;18;23;28;29;30 31;34;35
11 #edges, tree 49
0 1
0 21
0 27
0 4;18;23;28;29;30
0 31;34;35
1 9
1 2;7;8;11
1 14
1 6;13;17;20
1 10;15;16;22
10;15;16;22 32;38
11 #edges, tree 50
0 1
0 21
0 27
0 4;18;23;28;29;30
1 9
1 2;7;8;11
1 14
1 6;13;17;20
1 10;15;16;22
10;15;16;22 32;38
4;18;23;28;29;30 31;34;35
11 #edges, tree 51
0 1
0 21
0 27
0 4;18;23;28;29;30
0 31;34;35
1 2;7;8;11
1 14
1 6;13;17;20
1 10;15;16;22
2;7;8;11 9
10;15;16;22 32;38
11 #edges, tree 52
0 1
0 21
0 27
0 4;18;23;28;29;30
1 2;7;8;11
1 14
1 6;13;17;20
1 10;15;16;22
2;7;8;11 9
10;15;16;22 32;38
4;18;23;28;29;30 31;34;35
11 #edges, tree 53
0 1
0 21
0 27
0 4;18;23;28;29;30
0 31;34;35
1 9
1 14
1 6;13;17;20
1 10;15;16;22
9 2;7;8;11
10;15;16;22 32;38
11 #edges, tree 54
0 1
0 21
0 27
0 4;18;23;28;29;30
1 9
1 14
1 6;13;17;20
1 10;15;16;22
9 2;7;8;11
10;15;16;22 32;38
4;18;23;28;29;30 31;34;35
11 #edges, tree 55
0 1
0 27
0 4;18;23;28;29;30
0 31;34;35
1 2;7;8;11
1 14
1 6;13;17;20
1 21
1 10;15;16;22
2;7;8;11 9
10;15;16;22 32;38
11 #edges, tree 56
0 1
0 27
0 4;18;23;28;29;30
0 31;34;35
1 9
1 2;7;8;11
1 14
1 6;13;17;20
1 21
1 10;15;16;22
10;15;16;22 32;38
11 #edges, tree 57
0 1
0 27
0 4;18;23;28;29;30
0 31;34;35
1 9
1 14
1 6;13;17;20
1 21
1 10;15;16;22
9 2;7;8;11
10;15;16;22 32;38
11 #edges, tree 58
0 1
0 27
0 4;18;23;28;29;30
0 31;34;35
1 9
1 14
1 6;13;17;20
1 10;15;16;22
9 2;7;8;11
10;15;16;22 32;38
27 21
11 #edges, tree 59
0 1
0 27
0 4;18;23;28;29;30
0 31;34;35
1 9
1 14
1 6;13;17;20
1 10;15;16;22
9 2;7;8;11
14 21
10;15;16;22 32;38
11 #edges, tree 60
0 1
0 27
0 4;18;23;28;29;30
0 31;34;35
1 9
1 14
1 6;13;17;20
1 10;15;16;22
9 2;7;8;11
9 21
10;15;16;22 32;38
11 #edges, tree 61
0 1
0 27
0 4;18;23;28;29;30
0 31;34;35
1 9
1 2;7;8;11
1 14
1 6;13;17;20
1 10;15;16;22
9 21
10;15;16;22 32;38
11 #edges, tree 62
0 1
0 27
0 4;18;23;28;29;30
0 31;34;35
1 9
1 2;7;8;11
1 14
1 6;13;17;20
1 10;15;16;22
10;15;16;22 32;38
27 21
11 #edges, tree 63
0 1
0 27
0 4;18;23;28;29;30
0 31;34;35
1 9
1 2;7;8;11
1 14
1 6;13;17;20
1 10;15;16;22
14 21
10;15;16;22 32;38
11 #edges, tree 64
0 1
0 27
0 4;18;23;28;29;30
0 31;34;35
1 2;7;8;11
1 14
1 6;13;17;20
1 10;15;16;22
2;7;8;11 9
10;15;16;22 32;38
27 21
11 #edges, tree 65
10;15;16;22 32;38
14 21
2;7;8;11 9
1 10;15;16;22
1 6;13;17;20
1 14
1 2;7;8;11
0 31;34;35
0 4;18;23;28;29;30
0 27
0 1
11 #edges, tree 66
4;18;23;28;29;30 31;34;35
10;15;16;22 32;38
1 10;15;16;22
1 21
1 6;13;17;20
1 14
1 2;7;8;11
1 9
0 4;18;23;28;29;30
0 27
0 1
11 #edges, tree 67
4;18;23;28;29;30 31;34;35
10;15;16;22 32;38
9 2;7;8;11
1 10;15;16;22
1 21
1 6;13;17;20
1 14
1 9
0 4;18;23;28;29;30
0 27
0 1
11 #edges, tree 68
4;18;23;28;29;30 31;34;35
10;15;16;22 32;38
2;7;8;11 9
1 10;15;16;22
1 21
1 6;13;17;20
1 14
1 2;7;8;11
0 4;18;23;28;29;30
0 27
0 1
11 #edges, tree 69
4;18;23;28;29;30 31;34;35
10;15;16;22 32;38
9 21
1 10;15;16;22
1 6;13;17;20
1 14
1 2;7;8;11
1 9
0 4;18;23;28;29;30
0 27
0 1
11 #edges, tree 70
4;18;23;28;29;30 31;34;35
10;15;16;22 32;38
14 21
1 10;15;16;22
1 6;13;17;20
1 14
1 2;7;8;11
1 9
0 4;18;23;28;29;30
0 27
0 1
11 #edges, tree 71
4;18;23;28;29;30 31;34;35
27 21
10;15;16;22 32;38
1 10;15;16;22
1 6;13;17;20
1 14
1 2;7;8;11
1 9
0 4;18;23;28;29;30
0 27
0 1
11 #edges, tree 72
4;18;23;28;29;30 31;34;35
10;15;16;22 32;38
9 21
9 2;7;8;11
1 10;15;16;22
1 6;13;17;20
1 14
1 9
0 4;18;23;28;29;30
0 27
0 1
11 #edges, tree 73
4;18;23;28;29;30 31;34;35
27 21
10;15;16;22 32;38
9 2;7;8;11
1 10;15;16;22
1 6;13;17;20
1 14
1 9
0 4;18;23;28;29;30
0 27
0 1
11 #edges, tree 74
4;18;23;28;29;30 31;34;35
10;15;16;22 32;38
14 21
9 2;7;8;11
1 10;15;16;22
1 6;13;17;20
1 14
1 9
0 4;18;23;28;29;30
0 27
0 1
11 #edges, tree 75
4;18;23;28;29;30 31;34;35
10;15;16;22 32;38
14 21
2;7;8;11 9
1 10;15;16;22
1 6;13;17;20
1 14
1 2;7;8;11
0 4;18;23;28;29;30
0 27
0 1
11 #edges, tree 76
4;18;23;28;29;30 31;34;35
27 21
10;15;16;22 32;38
2;7;8;11 9
1 10;15;16;22
1 6;13;17;20
1 14
1 2;7;8;11
0 4;18;23;28;29;30
0 27
0 1
11 #edges, tree 77
10;15;16;22 32;38
9 27
1 10;15;16;22
1 6;13;17;20
1 14
0 31;34;35
0 4;18;23;28;29;30
0 21
0 2;7;8;11
0 9
0 1
11 #edges, tree 78
31;34;35 27
10;15;16;22 32;38
1 10;15;16;22
1 6;13;17;20
1 14
0 31;34;35
0 4;18;23;28;29;30
0 21
0 2;7;8;11
0 9
0 1
11 #edges, tree 79
10;15;16;22 32;38
21 27
1 10;15;16;22
1 6;13;17;20
1 14
0 31;34;35
0 4;18;23;28;29;30
0 21
0 2;7;8;11
0 9
0 1
11 #edges, tree 80
10;15;16;22 32;38
1 27
1 10;15;16;22
1 6;13;17;20
1 14
0 31;34;35
0 4;18;23;28;29;30
0 21
0 2;7;8;11
0 9
0 1
11 #edges, tree 81
10;15;16;22 32;38
14 27
1 10;15;16;22
1 6;13;17;20
1 14
0 31;34;35
0 4;18;23;28;29;30
0 21
0 2;7;8;11
0 9
0 1
11 #edges, tree 82
10;15;16;22 32;38
6;13;17;20 27
1 10;15;16;22
1 6;13;17;20
1 14
0 31;34;35
0 4;18;23;28;29;30
0 21
0 2;7;8;11
0 9
0 1
11 #edges, tree 83
31;34;35 27
10;15;16;22 32;38
9 2;7;8;11
1 10;15;16;22
1 6;13;17;20
1 14
0 31;34;35
0 4;18;23;28;29;30
0 21
0 9
0 1
11 #edges, tree 84
31;34;35 27
10;15;16;22 32;38
1 10;15;16;22
1 6;13;17;20
1 14
1 2;7;8;11
0 31;34;35
0 4;18;23;28;29;30
0 21
0 9
0 1
11 #edges, tree 85
10;15;16;22 32;38
1 27
1 10;15;16;22
1 6;13;17;20
1 14
1 2;7;8;11
0 31;34;35
0 4;18;23;28;29;30
0 21
0 9
0 1
11 #edges, tree 86
10;15;16;22 32;38
9 2;7;8;11
1 27
1 10;15;16;22
1 6;13;17;20
1 14
0 31;34;35
0 4;18;23;28;29;30
0 21
0 9
0 1
11 #edges, tree 87
10;15;16;22 32;38
21 27
9 2;7;8;11
1 10;15;16;22
1 6;13;17;20
1 14
0 31;34;35
0 4;18;23;28;29;30
0 21
0 9
0 1
11 #edges, tree 88
10;15;16;22 32;38
21 27
1 10;15;16;22
1 6;13;17;20
1 14
1 2;7;8;11
0 31;34;35
0 4;18;23;28;29;30
0 21
0 9
0 1
11 #edges, tree 89
10;15;16;22 32;38
9 27
9 2;7;8;11
1 10;15;16;22
1 6;13;17;20
1 14
0 31;34;35
0 4;18;23;28;29;30
0 21
0 9
0 1
11 #edges, tree 90
10;15;16;22 32;38
14 27
9 2;7;8;11
1 10;15;16;22
1 6;13;17;20
1 14
0 31;34;35
0 4;18;23;28;29;30
0 21
0 9
0 1
11 #edges, tree 91
10;15;16;22 32;38
6;13;17;20 27
9 2;7;8;11
1 10;15;16;22
1 6;13;17;20
1 14
0 31;34;35
0 4;18;23;28;29;30
0 21
0 9
0 1
11 #edges, tree 92
10;15;16;22 32;38
9 27
1 10;15;16;22
1 6;13;17;20
1 14
1 2;7;8;11
0 31;34;35
0 4;18;23;28;29;30
0 21
0 9
0 1
11 #edges, tree 93
10;15;16;22 32;38
6;13;17;20 27
1 10;15;16;22
1 6;13;17;20
1 14
1 2;7;8;11
0 31;34;35
0 4;18;23;28;29;30
0 21
0 9
0 1
11 #edges, tree 94
10;15;16;22 32;38
14 27
1 10;15;16;22
1 6;13;17;20
1 14
1 2;7;8;11
0 31;34;35
0 4;18;23;28;29;30
0 21
0 9
0 1
11 #edges, tree 95
31;34;35 27
10;15;16;22 32;38
2;7;8;11 9
1 10;15;16;22
1 6;13;17;20
1 14
0 31;34;35
0 4;18;23;28;29;30
0 21
0 2;7;8;11
0 1
11 #edges, tree 96
31;34;35 27
10;15;16;22 32;38
1 10;15;16;22
1 6;13;17;20
1 14
1 9
0 31;34;35
0 4;18;23;28;29;30
0 21
0 2;7;8;11
0 1
11 #edges, tree 97
10;15;16;22 32;38
21 27
1 10;15;16;22
1 6;13;17;20
1 14
1 9
0 31;34;35
0 4;18;23;28;29;30
0 21
0 2;7;8;11
0 1
11 #edges, tree 98
10;15;16;22 32;38
21 27
2;7;8;11 9
1 10;15;16;22
1 6;13;17;20
1 14
0 31;34;35
0 4;18;23;28;29;30
0 21
0 2;7;8;11
0 1
11 #edges, tree 99
10;15;16;22 32;38
14 27
1 10;15;16;22
1 6;13;17;20
1 14
1 9
0 31;34;35
0 4;18;23;28;29;30
0 21
0 2;7;8;11
0 1
11 #edges, tree 100
10;15;16;22 32;38
6;13;17;20 27
1 10;15;16;22
1 6;13;17;20
1 14
1 9
0 31;34;35
0 4;18;23;28;29;30
0 21
0 2;7;8;11
0 1
11 #edges, tree 101
10;15;16;22 32;38
9 27
1 10;15;16;22
1 6;13;17;20
1 14
1 9
0 31;34;35
0 4;18;23;28;29;30
0 21
0 2;7;8;11
0 1
11 #edges, tree 102
10;15;16;22 32;38
1 27
1 10;15;16;22
1 6;13;17;20
1 14
1 9
0 31;34;35
0 4;18;23;28;29;30
0 21
0 2;7;8;11
0 1
11 #edges, tree 103
10;15;16;22 32;38
6;13;17;20 27
2;7;8;11 9
1 10;15;16;22
1 6;13;17;20
1 14
0 31;34;35
0 4;18;23;28;29;30
0 21
0 2;7;8;11
0 1
11 #edges, tree 104
10;15;16;22 32;38
14 27
2;7;8;11 9
1 10;15;16;22
1 6;13;17;20
1 14
0 31;34;35
0 4;18;23;28;29;30
0 21
0 2;7;8;11
0 1
11 #edges, tree 105
10;15;16;22 32;38
2;7;8;11 9
1 27
1 10;15;16;22
1 6;13;17;20
1 14
0 31;34;35
0 4;18;23;28;29;30
0 21
0 2;7;8;11
0 1
11 #edges, tree 106
10;15;16;22 32;38
2;7;8;11 9
1 27
1 10;15;16;22
1 6;13;17;20
1 14
1 2;7;8;11
0 31;34;35
0 4;18;23;28;29;30
0 21
0 1
11 #edges, tree 107
10;15;16;22 32;38
1 27
1 10;15;16;22
1 6;13;17;20
1 14
1 2;7;8;11
1 9
0 31;34;35
0 4;18;23;28;29;30
0 21
0 1
11 #edges, tree 108
10;15;16;22 32;38
9 2;7;8;11
1 27
1 10;15;16;22
1 6;13;17;20
1 14
1 9
0 31;34;35
0 4;18;23;28;29;30
0 21
0 1
11 #edges, tree 109
31;34;35 27
10;15;16;22 32;38
9 2;7;8;11
1 10;15;16;22
1 6;13;17;20
1 14
1 9
0 31;34;35
0 4;18;23;28;29;30
0 21
0 1
11 #edges, tree 110
31;34;35 27
10;15;16;22 32;38
1 10;15;16;22
1 6;13;17;20
1 14
1 2;7;8;11
1 9
0 31;34;35
0 4;18;23;28;29;30
0 21
0 1
11 #edges, tree 111
31;34;35 27
10;15;16;22 32;38
2;7;8;11 9
1 10;15;16;22
1 6;13;17;20
1 14
1 2;7;8;11
0 31;34;35
0 4;18;23;28;29;30
0 21
0 1
11 #edges, tree 112
10;15;16;22 32;38
9 27
1 10;15;16;22
1 6;13;17;20
1 14
1 2;7;8;11
1 9
0 31;34;35
0 4;18;23;28;29;30
0 21
0 1
11 #edges, tree 113
10;15;16;22 32;38
21 27
1 10;15;16;22
1 6;13;17;20
1 14
1 2;7;8;11
1 9
0 31;34;35
0 4;18;23;28;29;30
0 21
0 1
11 #edges, tree 114
10;15;16;22 32;38
6;13;17;20 27
1 10;15;16;22
1 6;13;17;20
1 14
1 2;7;8;11
1 9
0 31;34;35
0 4;18;23;28;29;30
0 21
0 1
11 #edges, tree 115
10;15;16;22 32;38
14 27
1 10;15;16;22
1 6;13;17;20
1 14
1 2;7;8;11
1 9
0 31;34;35
0 4;18;23;28;29;30
0 21
0 1
11 #edges, tree 116
10;15;16;22 32;38
21 27
2;7;8;11 9
1 10;15;16;22
1 6;13;17;20
1 14
1 2;7;8;11
0 31;34;35
0 4;18;23;28;29;30
0 21
0 1
11 #edges, tree 117
10;15;16;22 32;38
14 27
2;7;8;11 9
1 10;15;16;22
1 6;13;17;20
1 14
1 2;7;8;11
0 31;34;35
0 4;18;23;28;29;30
0 21
0 1
11 #edges, tree 118
10;15;16;22 32;38
6;13;17;20 27
2;7;8;11 9
1 10;15;16;22
1 6;13;17;20
1 14
1 2;7;8;11
0 31;34;35
0 4;18;23;28;29;30
0 21
0 1
11 #edges, tree 119
10;15;16;22 32;38
21 27
9 2;7;8;11
1 10;15;16;22
1 6;13;17;20
1 14
1 9
0 31;34;35
0 4;18;23;28;29;30
0 21
0 1
11 #edges, tree 120
10;15;16;22 32;38
9 27
9 2;7;8;11
1 10;15;16;22
1 6;13;17;20
1 14
1 9
0 31;34;35
0 4;18;23;28;29;30
0 21
0 1
11 #edges, tree 121
10;15;16;22 32;38
14 27
9 2;7;8;11
1 10;15;16;22
1 6;13;17;20
1 14
1 9
0 31;34;35
0 4;18;23;28;29;30
0 21
0 1
11 #edges, tree 122
10;15;16;22 32;38
6;13;17;20 27
9 2;7;8;11
1 10;15;16;22
1 6;13;17;20
1 14
1 9
0 31;34;35
0 4;18;23;28;29;30
0 21
0 1
11 #edges, tree 123
4;18;23;28;29;30 31;34;35
10;15;16;22 32;38
9 27
9 2;7;8;11
1 10;15;16;22
1 6;13;17;20
1 14
0 4;18;23;28;29;30
0 21
0 9
0 1
11 #edges, tree 124
4;18;23;28;29;30 31;34;35
10;15;16;22 32;38
9 27
1 10;15;16;22
1 6;13;17;20
1 14
1 2;7;8;11
0 4;18;23;28;29;30
0 21
0 9
0 1
11 #edges, tree 125
4;18;23;28;29;30 31;34;35
10;15;16;22 32;38
9 27
1 10;15;16;22
1 6;13;17;20
1 14
0 4;18;23;28;29;30
0 21
0 2;7;8;11
0 9
0 1
11 #edges, tree 126
4;18;23;28;29;30 31;34;35
10;15;16;22 32;38
21 27
9 2;7;8;11
1 10;15;16;22
1 6;13;17;20
1 14
0 4;18;23;28;29;30
0 21
0 9
0 1
11 #edges, tree 127
4;18;23;28;29;30 31;34;35
10;15;16;22 32;38
9 2;7;8;11
1 27
1 10;15;16;22
1 6;13;17;20
1 14
0 4;18;23;28;29;30
0 21
0 9
0 1
11 #edges, tree 128
4;18;23;28;29;30 31;34;35
10;15;16;22 32;38
6;13;17;20 27
9 2;7;8;11
1 10;15;16;22
1 6;13;17;20
1 14
0 4;18;23;28;29;30
0 21
0 9
0 1
11 #edges, tree 129
0 1
0 9
0 21
0 4;18;23;28;29;30
1 14
1 6;13;17;20
1 10;15;16;22
9 2;7;8;11
14 27
10;15;16;22 32;38
4;18;23;28;29;30 31;34;35
11 #edges, tree 130
0 1
0 9
0 2;7;8;11
0 21
0 4;18;23;28;29;30
1 14
1 6;13;17;20
1 10;15;16;22
21 27
10;15;16;22 32;38
4;18;23;28;29;30 31;34;35
11 #edges, tree 131
0 1
0 9
0 2;7;8;11
0 21
0 4;18;23;28;29;30
1 14
1 6;13;17;20
1 10;15;16;22
1 27
10;15;16;22 32;38
4;18;23;28;29;30 31;34;35
11 #edges, tree 132
0 1
0 9
0 2;7;8;11
0 21
0 4;18;23;28;29;30
1 14
1 6;13;17;20
1 10;15;16;22
14 27
10;15;16;22 32;38
4;18;23;28;29;30 31;34;35
11 #edges, tree 133
0 1
0 9
0 2;7;8;11
0 21
0 4;18;23;28;29;30
1 14
1 6;13;17;20
1 10;15;16;22
6;13;17;20 27
10;15;16;22 32;38
4;18;23;28;29;30 31;34;35
11 #edges, tree 134
0 1
0 9
0 21
0 4;18;23;28;29;30
1 2;7;8;11
1 14
1 6;13;17;20
1 10;15;16;22
21 27
10;15;16;22 32;38
4;18;23;28;29;30 31;34;35
11 #edges, tree 135
0 1
0 9
0 21
0 4;18;23;28;29;30
1 2;7;8;11
1 14
1 6;13;17;20
1 10;15;16;22
1 27
10;15;16;22 32;38
4;18;23;28;29;30 31;34;35
11 #edges, tree 136
0 1
0 9
0 21
0 4;18;23;28;29;30
1 2;7;8;11
1 14
1 6;13;17;20
1 10;15;16;22
6;13;17;20 27
10;15;16;22 32;38
4;18;23;28;29;30 31;34;35
11 #edges, tree 137
0 1
0 9
0 21
0 4;18;23;28;29;30
1 2;7;8;11
1 14
1 6;13;17;20
1 10;15;16;22
14 27
10;15;16;22 32;38
4;18;23;28;29;30 31;34;35
11 #edges, tree 138
0 1
0 2;7;8;11
0 21
0 4;18;23;28;29;30
1 9
1 14
1 6;13;17;20
1 10;15;16;22
21 27
10;15;16;22 32;38
4;18;23;28;29;30 31;34;35
11 #edges, tree 139
0 1
0 2;7;8;11
0 21
0 4;18;23;28;29;30
1 14
1 6;13;17;20
1 10;15;16;22
2;7;8;11 9
21 27
10;15;16;22 32;38
4;18;23;28;29;30 31;34;35
11 #edges, tree 140
0 1
0 2;7;8;11
0 21
0 4;18;23;28;29;30
1 9
1 14
1 6;13;17;20
1 10;15;16;22
1 27
10;15;16;22 32;38
4;18;23;28;29;30 31;34;35
11 #edges, tree 141
0 1
0 2;7;8;11
0 21
0 4;18;23;28;29;30
1 14
1 6;13;17;20
1 10;15;16;22
1 27
2;7;8;11 9
10;15;16;22 32;38
4;18;23;28;29;30 31;34;35
11 #edges, tree 142
0 1
0 2;7;8;11
0 21
0 4;18;23;28;29;30
1 14
1 6;13;17;20
1 10;15;16;22
2;7;8;11 9
14 27
10;15;16;22 32;38
4;18;23;28;29;30 31;34;35
11 #edges, tree 143
0 1
0 2;7;8;11
0 21
0 4;18;23;28;29;30
1 9
1 14
1 6;13;17;20
1 10;15;16;22
14 27
10;15;16;22 32;38
4;18;23;28;29;30 31;34;35
11 #edges, tree 144
0 1
0 2;7;8;11
0 21
0 4;18;23;28;29;30
1 14
1 6;13;17;20
1 10;15;16;22
2;7;8;11 9
6;13;17;20 27
10;15;16;22 32;38
4;18;23;28;29;30 31;34;35
11 #edges, tree 145
0 1
0 2;7;8;11
0 21
0 4;18;23;28;29;30
1 9
1 14
1 6;13;17;20
1 10;15;16;22
6;13;17;20 27
10;15;16;22 32;38
4;18;23;28;29;30 31;34;35
11 #edges, tree 146
0 1
0 2;7;8;11
0 21
0 4;18;23;28;29;30
1 9
1 14
1 6;13;17;20
1 10;15;16;22
9 27
10;15;16;22 32;38
4;18;23;28;29;30 31;34;35
11 #edges, tree 147
0 1
0 21
0 4;18;23;28;29;30
1 2;7;8;11
1 14
1 6;13;17;20
1 10;15;16;22
2;7;8;11 9
21 27
10;15;16;22 32;38
4;18;23;28;29;30 31;34;35
11 #edges, tree 148
0 1
0 21
0 4;18;23;28;29;30
1 9
1 2;7;8;11
1 14
1 6;13;17;20
1 10;15;16;22
21 27
10;15;16;22 32;38
4;18;23;28;29;30 31;34;35
11 #edges, tree 149
0 1
0 21
0 4;18;23;28;29;30
1 9
1 14
1 6;13;17;20
1 10;15;16;22
9 2;7;8;11
21 27
10;15;16;22 32;38
4;18;23;28;29;30 31;34;35
11 #edges, tree 150
0 1
0 21
0 4;18;23;28;29;30
1 2;7;8;11
1 14
1 6;13;17;20
1 10;15;16;22
2;7;8;11 9
6;13;17;20 27
10;15;16;22 32;38
4;18;23;28;29;30 31;34;35
11 #edges, tree 151
0 1
0 21
0 4;18;23;28;29;30
1 9
1 2;7;8;11
1 14
1 6;13;17;20
1 10;15;16;22
6;13;17;20 27
10;15;16;22 32;38
4;18;23;28;29;30 31;34;35
11 #edges, tree 152
0 1
0 21
0 4;18;23;28;29;30
1 9
1 14
1 6;13;17;20
1 10;15;16;22
9 2;7;8;11
6;13;17;20 27
10;15;16;22 32;38
4;18;23;28;29;30 31;34;35
11 #edges, tree 153
0 1
0 21
0 4;18;23;28;29;30
1 2;7;8;11
1 14
1 6;13;17;20
1 10;15;16;22
2;7;8;11 9
14 27
10;15;16;22 32;38
4;18;23;28;29;30 31;34;35
11 #edges, tree 154
0 1
0 21
0 4;18;23;28;29;30
1 9
1 2;7;8;11
1 14
1 6;13;17;20
1 10;15;16;22
14 27
10;15;16;22 32;38
4;18;23;28;29;30 31;34;35
11 #edges, tree 155
0 1
0 21
0 4;18;23;28;29;30
1 2;7;8;11
1 14
1 6;13;17;20
1 10;15;16;22
1 27
2;7;8;11 9
10;15;16;22 32;38
4;18;23;28;29;30 31;34;35
11 #edges, tree 156
0 1
0 21
0 4;18;23;28;29;30
1 9
1 2;7;8;11
1 14
1 6;13;17;20
1 10;15;16;22
1 27
10;15;16;22 32;38
4;18;23;28;29;30 31;34;35
11 #edges, tree 157
0 1
0 21
0 4;18;23;28;29;30
1 9
1 2;7;8;11
1 14
1 6;13;17;20
1 10;15;16;22
9 27
10;15;16;22 32;38
4;18;23;28;29;30 31;34;35
11 #edges, tree 158
0 1
0 21
0 4;18;23;28;29;30
1 9
1 14
1 6;13;17;20
1 10;15;16;22
9 2;7;8;11
14 27
10;15;16;22 32;38
4;18;23;28;29;30 31;34;35
11 #edges, tree 159
0 1
0 21
0 4;18;23;28;29;30
1 9
1 14
1 6;13;17;20
1 10;15;16;22
9 2;7;8;11
9 27
10;15;16;22 32;38
4;18;23;28;29;30 31;34;35
11 #edges, tree 160
0 1
0 21
0 4;18;23;28;29;30
1 9
1 14
1 6;13;17;20
1 10;15;16;22
1 27
9 2;7;8;11
10;15;16;22 32;38
4;18;23;28;29;30 31;34;35
11 #edges, tree 161
0 1
0 2;7;8;11
0 4;18;23;28;29;30
0 31;34;35
1 14
1 6;13;17;20
1 10;15;16;22
1 27
2;7;8;11 9
10;15;16;22 32;38
27 21
11 #edges, tree 162
0 1
0 2;7;8;11
0 4;18;23;28;29;30
0 31;34;35
1 14
1 6;13;17;20
1 21
1 10;15;16;22
1 27
2;7;8;11 9
10;15;16;22 32;38
11 #edges, tree 163
0 1
0 2;7;8;11
0 4;18;23;28;29;30
0 31;34;35
1 14
1 6;13;17;20
1 10;15;16;22
1 27
2;7;8;11 9
14 21
10;15;16;22 32;38
11 #edges, tree 164
0 1
0 2;7;8;11
0 4;18;23;28;29;30
0 31;34;35
1 9
1 14
1 6;13;17;20
1 21
1 10;15;16;22
1 27
10;15;16;22 32;38
11 #edges, tree 165
0 1
0 2;7;8;11
0 4;18;23;28;29;30
0 31;34;35
1 9
1 14
1 6;13;17;20
1 10;15;16;22
1 27
9 21
10;15;16;22 32;38
11 #edges, tree 166
0 1
0 2;7;8;11
0 4;18;23;28;29;30
0 31;34;35
1 9
1 14
1 6;13;17;20
1 10;15;16;22
1 27
10;15;16;22 32;38
27 21
11 #edges, tree 167
0 1
0 2;7;8;11
0 4;18;23;28;29;30
0 31;34;35
1 9
1 14
1 6;13;17;20
1 10;15;16;22
1 27
14 21
10;15;16;22 32;38
11 #edges, tree 168
0 1
0 9
0 2;7;8;11
0 4;18;23;28;29;30
0 31;34;35
1 14
1 6;13;17;20
1 21
1 10;15;16;22
1 27
10;15;16;22 32;38
11 #edges, tree 169
0 1
0 9
0 2;7;8;11
0 4;18;23;28;29;30
0 31;34;35
1 14
1 6;13;17;20
1 10;15;16;22
1 27
10;15;16;22 32;38
27 21
11 #edges, tree 170
0 1
0 9
0 2;7;8;11
0 4;18;23;28;29;30
0 31;34;35
1 14
1 6;13;17;20
1 10;15;16;22
1 27
9 21
10;15;16;22 32;38
11 #edges, tree 171
0 1
0 9
0 2;7;8;11
0 4;18;23;28;29;30
0 31;34;35
1 14
1 6;13;17;20
1 10;15;16;22
1 27
14 21
10;15;16;22 32;38
11 #edges, tree 172
0 1
0 9
0 4;18;23;28;29;30
0 31;34;35
1 2;7;8;11
1 14
1 6;13;17;20
1 10;15;16;22
1 27
10;15;16;22 32;38
27 21
11 #edges, tree 173
0 1
0 4;18;23;28;29;30
0 31;34;35
1 2;7;8;11
1 14
1 6;13;17;20
1 10;15;16;22
1 27
2;7;8;11 9
10;15;16;22 32;38
27 21
11 #edges, tree 174
0 1
0 4;18;23;28;29;30
0 31;34;35
1 9
1 2;7;8;11
1 14
1 6;13;17;20
1 10;15;16;22
1 27
10;15;16;22 32;38
27 21
11 #edges, tree 175
0 1
0 9
0 4;18;23;28;29;30
0 31;34;35
1 14
1 6;13;17;20
1 10;15;16;22
1 27
9 2;7;8;11
10;15;16;22 32;38
27 21
11 #edges, tree 176
0 1
0 4;18;23;28;29;30
0 31;34;35
1 9
1 14
1 6;13;17;20
1 10;15;16;22
1 27
9 2;7;8;11
10;15;16;22 32;38
27 21
11 #edges, tree 177
0 1
0 4;18;23;28;29;30
0 31;34;35
1 2;7;8;11
1 14
1 6;13;17;20
1 10;15;16;22
1 27
2;7;8;11 9
14 21
10;15;16;22 32;38
11 #edges, tree 178
0 1
0 9
0 4;18;23;28;29;30
0 31;34;35
1 2;7;8;11
1 14
1 6;13;17;20
1 10;15;16;22
1 27
14 21
10;15;16;22 32;38
11 #edges, tree 179
0 1
0 4;18;23;28;29;30
0 31;34;35
1 9
1 2;7;8;11
1 14
1 6;13;17;20
1 10;15;16;22
1 27
14 21
10;15;16;22 32;38
11 #edges, tree 180
0 1
0 9
0 4;18;23;28;29;30
0 31;34;35
1 14
1 6;13;17;20
1 10;15;16;22
1 27
9 2;7;8;11
14 21
10;15;16;22 32;38
11 #edges, tree 181
0 1
0 4;18;23;28;29;30
0 31;34;35
1 9
1 14
1 6;13;17;20
1 10;15;16;22
1 27
9 2;7;8;11
14 21
10;15;16;22 32;38
11 #edges, tree 182
0 1
0 4;18;23;28;29;30
0 31;34;35
1 2;7;8;11
1 14
1 6;13;17;20
1 21
1 10;15;16;22
1 27
2;7;8;11 9
10;15;16;22 32;38
11 #edges, tree 183
0 1
0 9
0 4;18;23;28;29;30
0 31;34;35
1 2;7;8;11
1 14
1 6;13;17;20
1 21
1 10;15;16;22
1 27
10;15;16;22 32;38
11 #edges, tree 184
0 1
0 4;18;23;28;29;30
0 31;34;35
1 9
1 2;7;8;11
1 14
1 6;13;17;20
1 21
1 10;15;16;22
1 27
10;15;16;22 32;38
11 #edges, tree 185
0 1
0 4;18;23;28;29;30
0 31;34;35
1 9
1 2;7;8;11
1 14
1 6;13;17;20
1 10;15;16;22
1 27
9 21
10;15;16;22 32;38
11 #edges, tree 186
0 1
0 9
0 4;18;23;28;29;30
0 31;34;35
1 2;7;8;11
1 14
1 6;13;17;20
1 10;15;16;22
1 27
9 21
10;15;16;22 32;38
11 #edges, tree 187
0 1
0 9
0 4;18;23;28;29;30
0 31;34;35
1 14
1 6;13;17;20
1 21
1 10;15;16;22
1 27
9 2;7;8;11
10;15;16;22 32;38
11 #edges, tree 188
0 1
0 9
0 4;18;23;28;29;30
0 31;34;35
1 14
1 6;13;17;20
1 10;15;16;22
1 27
9 2;7;8;11
9 21
10;15;16;22 32;38
11 #edges, tree 189
0 1
0 4;18;23;28;29;30
0 31;34;35
1 9
1 14
1 6;13;17;20
1 21
1 10;15;16;22
1 27
9 2;7;8;11
10;15;16;22 32;38
11 #edges, tree 190
0 1
0 4;18;23;28;29;30
0 31;34;35
1 9
1 14
1 6;13;17;20
1 10;15;16;22
1 27
9 2;7;8;11
9 21
10;15;16;22 32;38
11 #edges, tree 191
0 1
0 4;18;23;28;29;30
0 31;34;35
1 9
1 2;7;8;11
1 14
1 6;13;17;20
1 10;15;16;22
14 21
10;15;16;22 32;38
31;34;35 27
11 #edges, tree 192
0 1
0 4;18;23;28;29;30
0 31;34;35
1 9
1 2;7;8;11
1 14
1 6;13;17;20
1 10;15;16;22
9 21
10;15;16;22 32;38
31;34;35 27
11 #edges, tree 193
0 1
0 4;18;23;28;29;30
0 31;34;35
1 9
1 2;7;8;11
1 14
1 6;13;17;20
1 21
1 10;15;16;22
10;15;16;22 32;38
31;34;35 27
11 #edges, tree 194
0 1
0 4;18;23;28;29;30
0 31;34;35
1 9
1 2;7;8;11
1 14
1 6;13;17;20
1 10;15;16;22
9 27
14 21
10;15;16;22 32;38
11 #edges, tree 195
0 1
0 4;18;23;28;29;30
0 31;34;35
1 9
1 2;7;8;11
1 14
1 6;13;17;20
1 10;15;16;22
9 21
9 27
10;15;16;22 32;38
11 #edges, tree 196
0 1
0 4;18;23;28;29;30
0 31;34;35
1 9
1 2;7;8;11
1 14
1 6;13;17;20
1 21
1 10;15;16;22
9 27
10;15;16;22 32;38
11 #edges, tree 197
0 1
0 4;18;23;28;29;30
0 31;34;35
1 9
1 2;7;8;11
1 14
1 6;13;17;20
1 10;15;16;22
9 27
10;15;16;22 32;38
27 21
11 #edges, tree 198
0 1
0 4;18;23;28;29;30
0 31;34;35
1 9
1 2;7;8;11
1 14
1 6;13;17;20
1 21
1 10;15;16;22
21 27
10;15;16;22 32;38
11 #edges, tree 199
0 1
0 4;18;23;28;29;30
0 31;34;35
1 9
1 2;7;8;11
1 14
1 6;13;17;20
1 21
1 10;15;16;22
14 27
10;15;16;22 32;38
11 #edges, tree 200
0 1
0 4;18;23;28;29;30
0 31;34;35
1 9
1 2;7;8;11
1 14
1 6;13;17;20
1 21
1 10;15;16;22
6;13;17;20 27
10;15;16;22 32;38
11 #edges, tree 201
0 1
0 4;18;23;28;29;30
0 31;34;35
1 9
1 2;7;8;11
1 14
1 6;13;17;20
1 10;15;16;22
14 21
21 27
10;15;16;22 32;38
11 #edges, tree 202
0 1
0 4;18;23;28;29;30
0 31;34;35
1 9
1 2;7;8;11
1 14
1 6;13;17;20
1 10;15;16;22
14 21
6;13;17;20 27
10;15;16;22 32;38
11 #edges, tree 203
0 1
0 4;18;23;28;29;30
0 31;34;35
1 9
1 2;7;8;11
1 14
1 6;13;17;20
1 10;15;16;22
14 21
14 27
10;15;16;22 32;38
11 #edges, tree 204
0 1
0 4;18;23;28;29;30
0 31;34;35
1 9
1 2;7;8;11
1 14
1 6;13;17;20
1 10;15;16;22
9 21
6;13;17;20 27
10;15;16;22 32;38
11 #edges, tree 205
0 1
0 4;18;23;28;29;30
0 31;34;35
1 9
1 2;7;8;11
1 14
1 6;13;17;20
1 10;15;16;22
9 21
21 27
10;15;16;22 32;38
11 #edges, tree 206
0 1
0 4;18;23;28;29;30
0 31;34;35
1 9
1 2;7;8;11
1 14
1 6;13;17;20
1 10;15;16;22
9 21
14 27
10;15;16;22 32;38
11 #edges, tree 207
0 1
0 4;18;23;28;29;30
0 31;34;35
1 9
1 2;7;8;11
1 14
1 6;13;17;20
1 10;15;16;22
14 27
10;15;16;22 32;38
27 21
11 #edges, tree 208
0 1
0 9
0 4;18;23;28;29;30
0 31;34;35
1 2;7;8;11
1 14
1 6;13;17;20
1 10;15;16;22
9 27
10;15;16;22 32;38
27 21
11 #edges, tree 209
0 1
0 9
0 4;18;23;28;29;30
0 31;34;35
1 2;7;8;11
1 14
1 6;13;17;20
1 10;15;16;22
9 21
9 27
10;15;16;22 32;38
11 #edges, tree 210
0 1
0 9
0 4;18;23;28;29;30
0 31;34;35
1 2;7;8;11
1 14
1 6;13;17;20
1 21
1 10;15;16;22
9 27
10;15;16;22 32;38
11 #edges, tree 211
0 1
0 9
0 4;18;23;28;29;30
0 31;34;35
1 2;7;8;11
1 14
1 6;13;17;20
1 10;15;16;22
9 27
14 21
10;15;16;22 32;38
11 #edges, tree 212
0 1
0 9
0 4;18;23;28;29;30
0 31;34;35
1 2;7;8;11
1 14
1 6;13;17;20
1 21
1 10;15;16;22
14 27
10;15;16;22 32;38
11 #edges, tree 213
0 1
0 9
0 4;18;23;28;29;30
0 31;34;35
1 2;7;8;11
1 14
1 6;13;17;20
1 21
1 10;15;16;22
10;15;16;22 32;38
31;34;35 27
11 #edges, tree 214
0 1
0 9
0 4;18;23;28;29;30
0 31;34;35
1 2;7;8;11
1 14
1 6;13;17;20
1 21
1 10;15;16;22
21 27
10;15;16;22 32;38
11 #edges, tree 215
0 1
0 9
0 4;18;23;28;29;30
0 31;34;35
1 2;7;8;11
1 14
1 6;13;17;20
1 21
1 10;15;16;22
6;13;17;20 27
10;15;16;22 32;38
11 #edges, tree 216
0 1
0 9
0 4;18;23;28;29;30
0 31;34;35
1 2;7;8;11
1 14
1 6;13;17;20
1 10;15;16;22
9 21
6;13;17;20 27
10;15;16;22 32;38
11 #edges, tree 217
0 1
0 9
0 4;18;23;28;29;30
0 31;34;35
1 2;7;8;11
1 14
1 6;13;17;20
1 10;15;16;22
14 21
6;13;17;20 27
10;15;16;22 32;38
11 #edges, tree 218
0 1
0 9
0 4;18;23;28;29;30
0 31;34;35
1 2;7;8;11
1 14
1 6;13;17;20
1 10;15;16;22
14 21
14 27
10;15;16;22 32;38
11 #edges, tree 219
0 1
0 9
0 4;18;23;28;29;30
0 31;34;35
1 2;7;8;11
1 14
1 6;13;17;20
1 10;15;16;22
14 21
21 27
10;15;16;22 32;38
11 #edges, tree 220
0 1
0 9
0 4;18;23;28;29;30
0 31;34;35
1 2;7;8;11
1 14
1 6;13;17;20
1 10;15;16;22
14 21
10;15;16;22 32;38
31;34;35 27
11 #edges, tree 221
0 1
0 9
0 4;18;23;28;29;30
0 31;34;35
1 2;7;8;11
1 14
1 6;13;17;20
1 10;15;16;22
9 21
14 27
10;15;16;22 32;38
11 #edges, tree 222
0 1
0 9
0 4;18;23;28;29;30
0 31;34;35
1 2;7;8;11
1 14
1 6;13;17;20
1 10;15;16;22
14 27
10;15;16;22 32;38
27 21
11 #edges, tree 223
0 1
0 9
0 4;18;23;28;29;30
0 31;34;35
1 2;7;8;11
1 14
1 6;13;17;20
1 10;15;16;22
9 21
21 27
10;15;16;22 32;38
11 #edges, tree 224
0 1
0 9
0 4;18;23;28;29;30
0 31;34;35
1 2;7;8;11
1 14
1 6;13;17;20
1 10;15;16;22
9 21
10;15;16;22 32;38
31;34;35 27
11 #edges, tree 225
0 1
0 4;18;23;28;29;30
0 31;34;35
1 2;7;8;11
1 14
1 6;13;17;20
1 21
1 10;15;16;22
2;7;8;11 9
14 27
10;15;16;22 32;38
11 #edges, tree 226
0 1
0 4;18;23;28;29;30
0 31;34;35
1 2;7;8;11
1 14
1 6;13;17;20
1 10;15;16;22
2;7;8;11 9
14 27
10;15;16;22 32;38
27 21
11 #edges, tree 227
0 1
0 4;18;23;28;29;30
0 31;34;35
1 2;7;8;11
1 14
1 6;13;17;20
1 10;15;16;22
2;7;8;11 9
14 21
14 27
10;15;16;22 32;38
11 #edges, tree 228
0 1
0 4;18;23;28;29;30
0 31;34;35
1 2;7;8;11
1 14
1 6;13;17;20
1 21
1 10;15;16;22
2;7;8;11 9
10;15;16;22 32;38
31;34;35 27
11 #edges, tree 229
0 1
0 4;18;23;28;29;30
0 31;34;35
1 2;7;8;11
1 14
1 6;13;17;20
1 21
1 10;15;16;22
2;7;8;11 9
21 27
10;15;16;22 32;38
11 #edges, tree 230
0 1
0 4;18;23;28;29;30
0 31;34;35
1 2;7;8;11
1 14
1 6;13;17;20
1 21
1 10;15;16;22
2;7;8;11 9
6;13;17;20 27
10;15;16;22 32;38
11 #edges, tree 231
0 1
0 4;18;23;28;29;30
0 31;34;35
1 2;7;8;11
1 14
1 6;13;17;20
1 10;15;16;22
2;7;8;11 9
14 21
6;13;17;20 27
10;15;16;22 32;38
11 #edges, tree 232
0 1
0 4;18;23;28;29;30
0 31;34;35
1 2;7;8;11
1 14
1 6;13;17;20
1 10;15;16;22
2;7;8;11 9
14 21
10;15;16;22 32;38
31;34;35 27
11 #edges, tree 233
0 1
0 4;18;23;28;29;30
0 31;34;35
1 2;7;8;11
1 14
1 6;13;17;20
1 10;15;16;22
2;7;8;11 9
14 21
21 27
10;15;16;22 32;38
11 #edges, tree 234
0 1
0 2;7;8;11
0 4;18;23;28;29;30
0 31;34;35
1 9
1 14
1 6;13;17;20
1 21
1 10;15;16;22
14 27
10;15;16;22 32;38
11 #edges, tree 235
0 1
0 4;18;23;28;29;30
0 31;34;35
1 9
1 14
1 6;13;17;20
1 21
1 10;15;16;22
9 2;7;8;11
14 27
10;15;16;22 32;38
11 #edges, tree 236
0 1
0 2;7;8;11
0 4;18;23;28;29;30
0 31;34;35
1 9
1 14
1 6;13;17;20
1 10;15;16;22
14 21
14 27
10;15;16;22 32;38
11 #edges, tree 237
0 1
0 4;18;23;28;29;30
0 31;34;35
1 9
1 14
1 6;13;17;20
1 10;15;16;22
9 2;7;8;11
14 21
14 27
10;15;16;22 32;38
11 #edges, tree 238
0 1
0 4;18;23;28;29;30
0 31;34;35
1 9
1 14
1 6;13;17;20
1 10;15;16;22
9 2;7;8;11
14 27
10;15;16;22 32;38
27 21
11 #edges, tree 239
0 1
0 2;7;8;11
0 4;18;23;28;29;30
0 31;34;35
1 9
1 14
1 6;13;17;20
1 10;15;16;22
14 27
10;15;16;22 32;38
27 21
11 #edges, tree 240
0 1
0 2;7;8;11
0 4;18;23;28;29;30
0 31;34;35
1 9
1 14
1 6;13;17;20
1 10;15;16;22
9 21
14 27
10;15;16;22 32;38
11 #edges, tree 241
0 1
0 4;18;23;28;29;30
0 31;34;35
1 9
1 14
1 6;13;17;20
1 10;15;16;22
9 2;7;8;11
9 21
14 27
10;15;16;22 32;38
11 #edges, tree 242
0 1
0 2;7;8;11
0 4;18;23;28;29;30
0 31;34;35
1 9
1 14
1 6;13;17;20
1 21
1 10;15;16;22
10;15;16;22 32;38
31;34;35 27
11 #edges, tree 243
0 1
0 4;18;23;28;29;30
0 31;34;35
1 9
1 14
1 6;13;17;20
1 21
1 10;15;16;22
9 2;7;8;11
10;15;16;22 32;38
31;34;35 27
11 #edges, tree 244
0 1
0 4;18;23;28;29;30
0 31;34;35
1 9
1 14
1 6;13;17;20
1 10;15;16;22
9 2;7;8;11
9 21
10;15;16;22 32;38
31;34;35 27
11 #edges, tree 245
0 1
0 4;18;23;28;29;30
0 31;34;35
1 9
1 14
1 6;13;17;20
1 10;15;16;22
9 2;7;8;11
14 21
10;15;16;22 32;38
31;34;35 27
11 #edges, tree 246
0 1
0 2;7;8;11
0 4;18;23;28;29;30
0 31;34;35
1 9
1 14
1 6;13;17;20
1 10;15;16;22
9 21
10;15;16;22 32;38
31;34;35 27
11 #edges, tree 247
0 1
0 2;7;8;11
0 4;18;23;28;29;30
0 31;34;35
1 9
1 14
1 6;13;17;20
1 10;15;16;22
14 21
10;15;16;22 32;38
31;34;35 27
11 #edges, tree 248
0 1
0 2;7;8;11
0 4;18;23;28;29;30
0 31;34;35
1 9
1 14
1 6;13;17;20
1 21
1 10;15;16;22
21 27
10;15;16;22 32;38
11 #edges, tree 249
0 1
0 2;7;8;11
0 4;18;23;28;29;30
0 31;34;35
1 9
1 14
1 6;13;17;20
1 21
1 10;15;16;22
9 27
10;15;16;22 32;38
11 #edges, tree 250
0 1
0 2;7;8;11
0 4;18;23;28;29;30
0 31;34;35
1 9
1 14
1 6;13;17;20
1 21
1 10;15;16;22
6;13;17;20 27
10;15;16;22 32;38
11 #edges, tree 251
0 1
0 4;18;23;28;29;30
0 31;34;35
1 9
1 14
1 6;13;17;20
1 21
1 10;15;16;22
9 2;7;8;11
21 27
10;15;16;22 32;38
11 #edges, tree 252
0 1
0 4;18;23;28;29;30
0 31;34;35
1 9
1 14
1 6;13;17;20
1 21
1 10;15;16;22
9 2;7;8;11
6;13;17;20 27
10;15;16;22 32;38
11 #edges, tree 253
0 1
0 4;18;23;28;29;30
0 31;34;35
1 9
1 14
1 6;13;17;20
1 21
1 10;15;16;22
9 2;7;8;11
9 27
10;15;16;22 32;38
11 #edges, tree 254
0 1
0 2;7;8;11
0 4;18;23;28;29;30
0 31;34;35
1 9
1 14
1 6;13;17;20
1 10;15;16;22
9 21
6;13;17;20 27
10;15;16;22 32;38
11 #edges, tree 255
0 1
0 2;7;8;11
0 4;18;23;28;29;30
0 31;34;35
1 9
1 14
1 6;13;17;20
1 10;15;16;22
14 21
6;13;17;20 27
10;15;16;22 32;38
11 #edges, tree 256
0 1
0 2;7;8;11
0 4;18;23;28;29;30
0 31;34;35
1 9
1 14
1 6;13;17;20
1 10;15;16;22
9 27
14 21
10;15;16;22 32;38
11 #edges, tree 257
10;15;16;22 32;38
9 27
9 21
1 10;15;16;22
1 6;13;17;20
1 14
1 9
0 31;34;35
0 4;18;23;28;29;30
0 2;7;8;11
0 1
11 #edges, tree 258
27 21
10;15;16;22 32;38
9 27
1 10;15;16;22
1 6;13;17;20
1 14
1 9
0 31;34;35
0 4;18;23;28;29;30
0 2;7;8;11
0 1
11 #edges, tree 259
10;15;16;22 32;38
21 27
9 21
1 10;15;16;22
1 6;13;17;20
1 14
1 9
0 31;34;35
0 4;18;23;28;29;30
0 2;7;8;11
0 1
11 #edges, tree 260
10;15;16;22 32;38
21 27
14 21
1 10;15;16;22
1 6;13;17;20
1 14
1 9
0 31;34;35
0 4;18;23;28;29;30
0 2;7;8;11
0 1
11 #edges, tree 261
10;15;16;22 32;38
6;13;17;20 27
9 21
9 2;7;8;11
1 10;15;16;22
1 6;13;17;20
1 14
1 9
0 31;34;35
0 4;18;23;28;29;30
0 1
11 #edges, tree 262
10;15;16;22 32;38
6;13;17;20 27
14 21
9 2;7;8;11
1 10;15;16;22
1 6;13;17;20
1 14
1 9
0 31;34;35
0 4;18;23;28;29;30
0 1
11 #edges, tree 263
27 21
10;15;16;22 32;38
9 27
9 2;7;8;11
1 10;15;16;22
1 6;13;17;20
1 14
1 9
0 31;34;35
0 4;18;23;28;29;30
0 1
11 #edges, tree 264
10;15;16;22 32;38
14 21
9 27
9 2;7;8;11
1 10;15;16;22
1 6;13;17;20
1 14
1 9
0 31;34;35
0 4;18;23;28;29;30
0 1
11 #edges, tree 265
10;15;16;22 32;38
9 27
9 21
9 2;7;8;11
1 10;15;16;22
1 6;13;17;20
1 14
1 9
0 31;34;35
0 4;18;23;28;29;30
0 1
11 #edges, tree 266
10;15;16;22 32;38
21 27
14 21
9 2;7;8;11
1 10;15;16;22
1 6;13;17;20
1 14
1 9
0 31;34;35
0 4;18;23;28;29;30
0 1
11 #edges, tree 267
10;15;16;22 32;38
21 27
9 21
9 2;7;8;11
1 10;15;16;22
1 6;13;17;20
1 14
1 9
0 31;34;35
0 4;18;23;28;29;30
0 1
11 #edges, tree 268
10;15;16;22 32;38
6;13;17;20 27
2;7;8;11 9
1 10;15;16;22
1 21
1 6;13;17;20
1 14
0 31;34;35
0 4;18;23;28;29;30
0 2;7;8;11
0 1
11 #edges, tree 269
10;15;16;22 32;38
6;13;17;20 27
1 10;15;16;22
1 21
1 6;13;17;20
1 14
0 31;34;35
0 4;18;23;28;29;30
0 2;7;8;11
0 9
0 1
11 #edges, tree 270
10;15;16;22 32;38
6;13;17;20 27
9 2;7;8;11
1 10;15;16;22
1 21
1 6;13;17;20
1 14
0 31;34;35
0 4;18;23;28;29;30
0 9
0 1
11 #edges, tree 271
10;15;16;22 32;38
6;13;17;20 27
14 21
1 10;15;16;22
1 6;13;17;20
1 14
0 31;34;35
0 4;18;23;28;29;30
0 2;7;8;11
0 9
0 1
11 #edges, tree 272
10;15;16;22 32;38
6;13;17;20 27
14 21
9 2;7;8;11
1 10;15;16;22
1 6;13;17;20
1 14
0 31;34;35
0 4;18;23;28;29;30
0 9
0 1
11 #edges, tree 273
10;15;16;22 32;38
6;13;17;20 27
14 21
2;7;8;11 9
1 10;15;16;22
1 6;13;17;20
1 14
0 31;34;35
0 4;18;23;28;29;30
0 2;7;8;11
0 1
11 #edges, tree 274
10;15;16;22 32;38
6;13;17;20 27
9 21
1 10;15;16;22
1 6;13;17;20
1 14
0 31;34;35
0 4;18;23;28;29;30
0 2;7;8;11
0 9
0 1
11 #edges, tree 275
10;15;16;22 32;38
6;13;17;20 27
9 21
9 2;7;8;11
1 10;15;16;22
1 6;13;17;20
1 14
0 31;34;35
0 4;18;23;28;29;30
0 9
0 1
11 #edges, tree 276
31;34;35 27
10;15;16;22 32;38
14 21
1 10;15;16;22
1 6;13;17;20
1 14
0 31;34;35
0 4;18;23;28;29;30
0 2;7;8;11
0 9
0 1
11 #edges, tree 277
31;34;35 27
10;15;16;22 32;38
9 21
1 10;15;16;22
1 6;13;17;20
1 14
0 31;34;35
0 4;18;23;28;29;30
0 2;7;8;11
0 9
0 1
11 #edges, tree 278
31;34;35 27
10;15;16;22 32;38
1 10;15;16;22
1 21
1 6;13;17;20
1 14
0 31;34;35
0 4;18;23;28;29;30
0 2;7;8;11
0 9
0 1
11 #edges, tree 279
31;34;35 27
10;15;16;22 32;38
9 21
9 2;7;8;11
1 10;15;16;22
1 6;13;17;20
1 14
0 31;34;35
0 4;18;23;28;29;30
0 9
0 1
11 #edges, tree 280
31;34;35 27
10;15;16;22 32;38
14 21
9 2;7;8;11
1 10;15;16;22
1 6;13;17;20
1 14
0 31;34;35
0 4;18;23;28;29;30
0 9
0 1
11 #edges, tree 281
31;34;35 27
10;15;16;22 32;38
9 2;7;8;11
1 10;15;16;22
1 21
1 6;13;17;20
1 14
0 31;34;35
0 4;18;23;28;29;30
0 9
0 1
11 #edges, tree 282
10;15;16;22 32;38
9 27
9 21
9 2;7;8;11
1 10;15;16;22
1 6;13;17;20
1 14
0 31;34;35
0 4;18;23;28;29;30
0 9
0 1
11 #edges, tree 283
10;15;16;22 32;38
9 27
9 21
1 10;15;16;22
1 6;13;17;20
1 14
0 31;34;35
0 4;18;23;28;29;30
0 2;7;8;11
0 9
0 1
11 #edges, tree 284
27 21
10;15;16;22 32;38
9 27
1 10;15;16;22
1 6;13;17;20
1 14
0 31;34;35
0 4;18;23;28;29;30
0 2;7;8;11
0 9
0 1
11 #edges, tree 285
10;15;16;22 32;38
9 27
1 10;15;16;22
1 21
1 6;13;17;20
1 14
0 31;34;35
0 4;18;23;28;29;30
0 2;7;8;11
0 9
0 1
11 #edges, tree 286
10;15;16;22 32;38
14 21
9 27
1 10;15;16;22
1 6;13;17;20
1 14
0 31;34;35
0 4;18;23;28;29;30
0 2;7;8;11
0 9
0 1
11 #edges, tree 287
10;15;16;22 32;38
9 27
9 2;7;8;11
1 10;15;16;22
1 21
1 6;13;17;20
1 14
0 31;34;35
0 4;18;23;28;29;30
0 9
0 1
11 #edges, tree 288
27 21
10;15;16;22 32;38
9 27
9 2;7;8;11
1 10;15;16;22
1 6;13;17;20
1 14
0 31;34;35
0 4;18;23;28;29;30
0 9
0 1
11 #edges, tree 289
10;15;16;22 32;38
14 21
9 27
9 2;7;8;11
1 10;15;16;22
1 6;13;17;20
1 14
0 31;34;35
0 4;18;23;28;29;30
0 9
0 1
11 #edges, tree 290
10;15;16;22 32;38
21 27
9 2;7;8;11
1 10;15;16;22
1 21
1 6;13;17;20
1 14
0 31;34;35
0 4;18;23;28;29;30
0 9
0 1
11 #edges, tree 291
10;15;16;22 32;38
21 27
1 10;15;16;22
1 21
1 6;13;17;20
1 14
0 31;34;35
0 4;18;23;28;29;30
0 2;7;8;11
0 9
0 1
11 #edges, tree 292
10;15;16;22 32;38
14 27
1 10;15;16;22
1 21
1 6;13;17;20
1 14
0 31;34;35
0 4;18;23;28;29;30
0 2;7;8;11
0 9
0 1
11 #edges, tree 293
10;15;16;22 32;38
14 27
9 2;7;8;11
1 10;15;16;22
1 21
1 6;13;17;20
1 14
0 31;34;35
0 4;18;23;28;29;30
0 9
0 1
11 #edges, tree 294
10;15;16;22 32;38
21 27
14 21
1 10;15;16;22
1 6;13;17;20
1 14
0 31;34;35
0 4;18;23;28;29;30
0 2;7;8;11
0 9
0 1
11 #edges, tree 295
10;15;16;22 32;38
14 27
14 21
1 10;15;16;22
1 6;13;17;20
1 14
0 31;34;35
0 4;18;23;28;29;30
0 2;7;8;11
0 9
0 1
11 #edges, tree 296
10;15;16;22 32;38
21 27
9 21
1 10;15;16;22
1 6;13;17;20
1 14
0 31;34;35
0 4;18;23;28;29;30
0 2;7;8;11
0 9
0 1
11 #edges, tree 297
10;15;16;22 32;38
14 27
9 21
1 10;15;16;22
1 6;13;17;20
1 14
0 31;34;35
0 4;18;23;28;29;30
0 2;7;8;11
0 9
0 1
11 #edges, tree 298
27 21
10;15;16;22 32;38
14 27
1 10;15;16;22
1 6;13;17;20
1 14
0 31;34;35
0 4;18;23;28;29;30
0 2;7;8;11
0 9
0 1
11 #edges, tree 299
10;15;16;22 32;38
14 27
9 21
9 2;7;8;11
1 10;15;16;22
1 6;13;17;20
1 14
0 31;34;35
0 4;18;23;28;29;30
0 9
0 1
11 #edges, tree 300
27 21
10;15;16;22 32;38
14 27
9 2;7;8;11
1 10;15;16;22
1 6;13;17;20
1 14
0 31;34;35
0 4;18;23;28;29;30
0 9
0 1
11 #edges, tree 301
10;15;16;22 32;38
14 27
14 21
9 2;7;8;11
1 10;15;16;22
1 6;13;17;20
1 14
0 31;34;35
0 4;18;23;28;29;30
0 9
0 1
11 #edges, tree 302
10;15;16;22 32;38
21 27
9 21
9 2;7;8;11
1 10;15;16;22
1 6;13;17;20
1 14
0 31;34;35
0 4;18;23;28;29;30
0 9
0 1
11 #edges, tree 303
10;15;16;22 32;38
21 27
14 21
9 2;7;8;11
1 10;15;16;22
1 6;13;17;20
1 14
0 31;34;35
0 4;18;23;28;29;30
0 9
0 1
11 #edges, tree 304
31;34;35 27
10;15;16;22 32;38
14 21
2;7;8;11 9
1 10;15;16;22
1 6;13;17;20
1 14
0 31;34;35
0 4;18;23;28;29;30
0 2;7;8;11
0 1
11 #edges, tree 305
10;15;16;22 32;38
21 27
14 21
2;7;8;11 9
1 10;15;16;22
1 6;13;17;20
1 14
0 31;34;35
0 4;18;23;28;29;30
0 2;7;8;11
0 1
11 #edges, tree 306
10;15;16;22 32;38
14 27
14 21
2;7;8;11 9
1 10;15;16;22
1 6;13;17;20
1 14
0 31;34;35
0 4;18;23;28;29;30
0 2;7;8;11
0 1
11 #edges, tree 307
10;15;16;22 32;38
14 27
2;7;8;11 9
1 10;15;16;22
1 21
1 6;13;17;20
1 14
0 31;34;35
0 4;18;23;28;29;30
0 2;7;8;11
0 1
11 #edges, tree 308
27 21
10;15;16;22 32;38
14 27
2;7;8;11 9
1 10;15;16;22
1 6;13;17;20
1 14
0 31;34;35
0 4;18;23;28;29;30
0 2;7;8;11
0 1
11 #edges, tree 309
31;34;35 27
10;15;16;22 32;38
2;7;8;11 9
1 10;15;16;22
1 21
1 6;13;17;20
1 14
0 31;34;35
0 4;18;23;28;29;30
0 2;7;8;11
0 1
11 #edges, tree 310
10;15;16;22 32;38
21 27
2;7;8;11 9
1 10;15;16;22
1 21
1 6;13;17;20
1 14
0 31;34;35
0 4;18;23;28;29;30
0 2;7;8;11
0 1
11 #edges, tree 311
4;18;23;28;29;30 31;34;35
10;15;16;22 32;38
21 27
9 21
9 2;7;8;11
1 10;15;16;22
1 6;13;17;20
1 14
0 4;18;23;28;29;30
0 9
0 1
11 #edges, tree 312
4;18;23;28;29;30 31;34;35
10;15;16;22 32;38
9 21
9 2;7;8;11
1 27
1 10;15;16;22
1 6;13;17;20
1 14
0 4;18;23;28;29;30
0 9
0 1
11 #edges, tree 313
4;18;23;28;29;30 31;34;35
10;15;16;22 32;38
9 27
9 21
9 2;7;8;11
1 10;15;16;22
1 6;13;17;20
1 14
0 4;18;23;28;29;30
0 9
0 1
11 #edges, tree 314
4;18;23;28;29;30 31;34;35
10;15;16;22 32;38
6;13;17;20 27
9 21
9 2;7;8;11
1 10;15;16;22
1 6;13;17;20
1 14
0 4;18;23;28;29;30
0 9
0 1
11 #edges, tree 315
4;18;23;28;29;30 31;34;35
10;15;16;22 32;38
14 27
9 21
9 2;7;8;11
1 10;15;16;22
1 6;13;17;20
1 14
0 4;18;23;28;29;30
0 9
0 1
11 #edges, tree 316
4;18;23;28;29;30 31;34;35
10;15;16;22 32;38
21 27
9 2;7;8;11
1 10;15;16;22
1 21
1 6;13;17;20
1 14
0 4;18;23;28;29;30
0 9
0 1
11 #edges, tree 317
4;18;23;28;29;30 31;34;35
10;15;16;22 32;38
9 2;7;8;11
1 27
1 10;15;16;22
1 21
1 6;13;17;20
1 14
0 4;18;23;28;29;30
0 9
0 1
11 #edges, tree 318
4;18;23;28;29;30 31;34;35
10;15;16;22 32;38
14 27
9 2;7;8;11
1 10;15;16;22
1 21
1 6;13;17;20
1 14
0 4;18;23;28;29;30
0 9
0 1
11 #edges, tree 319
4;18;23;28;29;30 31;34;35
10;15;16;22 32;38
9 27
9 2;7;8;11
1 10;15;16;22
1 21
1 6;13;17;20
1 14
0 4;18;23;28;29;30
0 9
0 1
11 #edges, tree 320
4;18;23;28;29;30 31;34;35
10;15;16;22 32;38
6;13;17;20 27
9 2;7;8;11
1 10;15;16;22
1 21
1 6;13;17;20
1 14
0 4;18;23;28;29;30
0 9
0 1
11 #edges, tree 321
4;18;23;28;29;30 31;34;35
10;15;16;22 32;38
14 21
9 2;7;8;11
1 27
1 10;15;16;22
1 6;13;17;20
1 14
0 4;18;23;28;29;30
0 9
0 1
11 #edges, tree 322
4;18;23;28;29;30 31;34;35
27 21
10;15;16;22 32;38
9 2;7;8;11
1 27
1 10;15;16;22
1 6;13;17;20
1 14
0 4;18;23;28;29;30
0 9
0 1
11 #edges, tree 323
4;18;23;28;29;30 31;34;35
10;15;16;22 32;38
14 27
14 21
9 2;7;8;11
1 10;15;16;22
1 6;13;17;20
1 14
0 4;18;23;28;29;30
0 9
0 1
11 #edges, tree 324
4;18;23;28;29;30 31;34;35
10;15;16;22 32;38
14 21
9 27
9 2;7;8;11
1 10;15;16;22
1 6;13;17;20
1 14
0 4;18;23;28;29;30
0 9
0 1
11 #edges, tree 325
4;18;23;28;29;30 31;34;35
10;15;16;22 32;38
21 27
14 21
9 2;7;8;11
1 10;15;16;22
1 6;13;17;20
1 14
0 4;18;23;28;29;30
0 9
0 1
11 #edges, tree 326
4;18;23;28;29;30 31;34;35
10;15;16;22 32;38
6;13;17;20 27
14 21
9 2;7;8;11
1 10;15;16;22
1 6;13;17;20
1 14
0 4;18;23;28;29;30
0 9
0 1
11 #edges, tree 327
4;18;23;28;29;30 31;34;35
27 21
10;15;16;22 32;38
9 27
9 2;7;8;11
1 10;15;16;22
1 6;13;17;20
1 14
0 4;18;23;28;29;30
0 9
0 1
11 #edges, tree 328
4;18;23;28;29;30 31;34;35
27 21
10;15;16;22 32;38
14 27
9 2;7;8;11
1 10;15;16;22
1 6;13;17;20
1 14
0 4;18;23;28;29;30
0 9
0 1
11 #edges, tree 329
4;18;23;28;29;30 31;34;35
10;15;16;22 32;38
1 27
1 10;15;16;22
1 21
1 6;13;17;20
1 14
0 4;18;23;28;29;30
0 2;7;8;11
0 9
0 1
11 #edges, tree 330
4;18;23;28;29;30 31;34;35
10;15;16;22 32;38
1 27
1 10;15;16;22
1 21
1 6;13;17;20
1 14
1 2;7;8;11
0 4;18;23;28;29;30
0 9
0 1
11 #edges, tree 331
4;18;23;28;29;30 31;34;35
27 21
10;15;16;22 32;38
1 27
1 10;15;16;22
1 6;13;17;20
1 14
1 2;7;8;11
0 4;18;23;28;29;30
0 9
0 1
11 #edges, tree 332
4;18;23;28;29;30 31;34;35
27 21
10;15;16;22 32;38
1 27
1 10;15;16;22
1 6;13;17;20
1 14
0 4;18;23;28;29;30
0 2;7;8;11
0 9
0 1
11 #edges, tree 333
4;18;23;28;29;30 31;34;35
10;15;16;22 32;38
9 21
1 27
1 10;15;16;22
1 6;13;17;20
1 14
0 4;18;23;28;29;30
0 2;7;8;11
0 9
0 1
11 #edges, tree 334
4;18;23;28;29;30 31;34;35
10;15;16;22 32;38
9 21
1 27
1 10;15;16;22
1 6;13;17;20
1 14
1 2;7;8;11
0 4;18;23;28;29;30
0 9
0 1
11 #edges, tree 335
4;18;23;28;29;30 31;34;35
10;15;16;22 32;38
14 21
1 27
1 10;15;16;22
1 6;13;17;20
1 14
0 4;18;23;28;29;30
0 2;7;8;11
0 9
0 1
11 #edges, tree 336
4;18;23;28;29;30 31;34;35
10;15;16;22 32;38
14 21
1 27
1 10;15;16;22
1 6;13;17;20
1 14
1 2;7;8;11
0 4;18;23;28;29;30
0 9
0 1
11 #edges, tree 337
4;18;23;28;29;30 31;34;35
10;15;16;22 32;38
21 27
1 10;15;16;22
1 21
1 6;13;17;20
1 14
0 4;18;23;28;29;30
0 2;7;8;11
0 9
0 1
11 #edges, tree 338
4;18;23;28;29;30 31;34;35
10;15;16;22 32;38
9 27
1 10;15;16;22
1 21
1 6;13;17;20
1 14
0 4;18;23;28;29;30
0 2;7;8;11
0 9
0 1
11 #edges, tree 339
4;18;23;28;29;30 31;34;35
10;15;16;22 32;38
6;13;17;20 27
1 10;15;16;22
1 21
1 6;13;17;20
1 14
0 4;18;23;28;29;30
0 2;7;8;11
0 9
0 1
11 #edges, tree 340
4;18;23;28;29;30 31;34;35
10;15;16;22 32;38
14 27
1 10;15;16;22
1 21
1 6;13;17;20
1 14
0 4;18;23;28;29;30
0 2;7;8;11
0 9
0 1
11 #edges, tree 341
4;18;23;28;29;30 31;34;35
10;15;16;22 32;38
14 27
9 21
1 10;15;16;22
1 6;13;17;20
1 14
0 4;18;23;28;29;30
0 2;7;8;11
0 9
0 1
11 #edges, tree 342
4;18;23;28;29;30 31;34;35
10;15;16;22 32;38
9 27
9 21
1 10;15;16;22
1 6;13;17;20
1 14
0 4;18;23;28;29;30
0 2;7;8;11
0 9
0 1
11 #edges, tree 343
4;18;23;28;29;30 31;34;35
10;15;16;22 32;38
21 27
9 21
1 10;15;16;22
1 6;13;17;20
1 14
0 4;18;23;28;29;30
0 2;7;8;11
0 9
0 1
11 #edges, tree 344
4;18;23;28;29;30 31;34;35
10;15;16;22 32;38
6;13;17;20 27
9 21
1 10;15;16;22
1 6;13;17;20
1 14
0 4;18;23;28;29;30
0 2;7;8;11
0 9
0 1
11 #edges, tree 345
4;18;23;28;29;30 31;34;35
10;15;16;22 32;38
14 27
14 21
1 10;15;16;22
1 6;13;17;20
1 14
0 4;18;23;28;29;30
0 2;7;8;11
0 9
0 1
11 #edges, tree 346
4;18;23;28;29;30 31;34;35
27 21
10;15;16;22 32;38
14 27
1 10;15;16;22
1 6;13;17;20
1 14
0 4;18;23;28;29;30
0 2;7;8;11
0 9
0 1
11 #edges, tree 347
4;18;23;28;29;30 31;34;35
10;15;16;22 32;38
14 21
9 27
1 10;15;16;22
1 6;13;17;20
1 14
0 4;18;23;28;29;30
0 2;7;8;11
0 9
0 1
11 #edges, tree 348
4;18;23;28;29;30 31;34;35
27 21
10;15;16;22 32;38
9 27
1 10;15;16;22
1 6;13;17;20
1 14
0 4;18;23;28;29;30
0 2;7;8;11
0 9
0 1
11 #edges, tree 349
4;18;23;28;29;30 31;34;35
10;15;16;22 32;38
6;13;17;20 27
14 21
1 10;15;16;22
1 6;13;17;20
1 14
0 4;18;23;28;29;30
0 2;7;8;11
0 9
0 1
11 #edges, tree 350
4;18;23;28;29;30 31;34;35
10;15;16;22 32;38
21 27
14 21
1 10;15;16;22
1 6;13;17;20
1 14
0 4;18;23;28;29;30
0 2;7;8;11
0 9
0 1
11 #edges, tree 351
4;18;23;28;29;30 31;34;35
10;15;16;22 32;38
14 27
14 21
1 10;15;16;22
1 6;13;17;20
1 14
1 2;7;8;11
0 4;18;23;28;29;30
0 9
0 1
11 #edges, tree 352
4;18;23;28;29;30 31;34;35
27 21
10;15;16;22 32;38
14 27
1 10;15;16;22
1 6;13;17;20
1 14
1 2;7;8;11
0 4;18;23;28;29;30
0 9
0 1
11 #edges, tree 353
4;18;23;28;29;30 31;34;35
10;15;16;22 32;38
14 27
9 21
1 10;15;16;22
1 6;13;17;20
1 14
1 2;7;8;11
0 4;18;23;28;29;30
0 9
0 1
11 #edges, tree 354
4;18;23;28;29;30 31;34;35
10;15;16;22 32;38
14 27
1 10;15;16;22
1 21
1 6;13;17;20
1 14
1 2;7;8;11
0 4;18;23;28;29;30
0 9
0 1
11 #edges, tree 355
4;18;23;28;29;30 31;34;35
27 21
10;15;16;22 32;38
9 27
1 10;15;16;22
1 6;13;17;20
1 14
1 2;7;8;11
0 4;18;23;28;29;30
0 9
0 1
11 #edges, tree 356
4;18;23;28;29;30 31;34;35
10;15;16;22 32;38
9 27
9 21
1 10;15;16;22
1 6;13;17;20
1 14
1 2;7;8;11
0 4;18;23;28;29;30
0 9
0 1
11 #edges, tree 357
4;18;23;28;29;30 31;34;35
10;15;16;22 32;38
9 27
1 10;15;16;22
1 21
1 6;13;17;20
1 14
1 2;7;8;11
0 4;18;23;28;29;30
0 9
0 1
11 #edges, tree 358
4;18;23;28;29;30 31;34;35
10;15;16;22 32;38
14 21
9 27
1 10;15;16;22
1 6;13;17;20
1 14
1 2;7;8;11
0 4;18;23;28;29;30
0 9
0 1
11 #edges, tree 359
4;18;23;28;29;30 31;34;35
10;15;16;22 32;38
6;13;17;20 27
1 10;15;16;22
1 21
1 6;13;17;20
1 14
1 2;7;8;11
0 4;18;23;28;29;30
0 9
0 1
11 #edges, tree 360
4;18;23;28;29;30 31;34;35
10;15;16;22 32;38
6;13;17;20 27
14 21
1 10;15;16;22
1 6;13;17;20
1 14
1 2;7;8;11
0 4;18;23;28;29;30
0 9
0 1
11 #edges, tree 361
4;18;23;28;29;30 31;34;35
10;15;16;22 32;38
6;13;17;20 27
9 21
1 10;15;16;22
1 6;13;17;20
1 14
1 2;7;8;11
0 4;18;23;28;29;30
0 9
0 1
11 #edges, tree 362
4;18;23;28;29;30 31;34;35
10;15;16;22 32;38
21 27
1 10;15;16;22
1 21
1 6;13;17;20
1 14
1 2;7;8;11
0 4;18;23;28;29;30
0 9
0 1
11 #edges, tree 363
4;18;23;28;29;30 31;34;35
10;15;16;22 32;38
21 27
9 21
1 10;15;16;22
1 6;13;17;20
1 14
1 2;7;8;11
0 4;18;23;28;29;30
0 9
0 1
11 #edges, tree 364
4;18;23;28;29;30 31;34;35
10;15;16;22 32;38
21 27
14 21
1 10;15;16;22
1 6;13;17;20
1 14
1 2;7;8;11
0 4;18;23;28;29;30
0 9
0 1
11 #edges, tree 365
4;18;23;28;29;30 31;34;35
10;15;16;22 32;38
1 27
1 10;15;16;22
1 21
1 6;13;17;20
1 14
1 9
0 4;18;23;28;29;30
0 2;7;8;11
0 1
11 #edges, tree 366
4;18;23;28;29;30 31;34;35
10;15;16;22 32;38
2;7;8;11 9
1 27
1 10;15;16;22
1 21
1 6;13;17;20
1 14
0 4;18;23;28;29;30
0 2;7;8;11
0 1
11 #edges, tree 367
4;18;23;28;29;30 31;34;35
27 21
10;15;16;22 32;38
2;7;8;11 9
1 27
1 10;15;16;22
1 6;13;17;20
1 14
0 4;18;23;28;29;30
0 2;7;8;11
0 1
11 #edges, tree 368
4;18;23;28;29;30 31;34;35
10;15;16;22 32;38
14 21
2;7;8;11 9
1 27
1 10;15;16;22
1 6;13;17;20
1 14
0 4;18;23;28;29;30
0 2;7;8;11
0 1
11 #edges, tree 369
4;18;23;28;29;30 31;34;35
27 21
10;15;16;22 32;38
1 27
1 10;15;16;22
1 6;13;17;20
1 14
1 9
0 4;18;23;28;29;30
0 2;7;8;11
0 1
11 #edges, tree 370
4;18;23;28;29;30 31;34;35
10;15;16;22 32;38
9 21
1 27
1 10;15;16;22
1 6;13;17;20
1 14
1 9
0 4;18;23;28;29;30
0 2;7;8;11
0 1
11 #edges, tree 371
4;18;23;28;29;30 31;34;35
10;15;16;22 32;38
14 21
1 27
1 10;15;16;22
1 6;13;17;20
1 14
1 9
0 4;18;23;28;29;30
0 2;7;8;11
0 1
11 #edges, tree 372
4;18;23;28;29;30 31;34;35
10;15;16;22 32;38
6;13;17;20 27
14 21
2;7;8;11 9
1 10;15;16;22
1 6;13;17;20
1 14
0 4;18;23;28;29;30
0 2;7;8;11
0 1
11 #edges, tree 373
4;18;23;28;29;30 31;34;35
10;15;16;22 32;38
14 27
14 21
2;7;8;11 9
1 10;15;16;22
1 6;13;17;20
1 14
0 4;18;23;28;29;30
0 2;7;8;11
0 1
11 #edges, tree 374
4;18;23;28;29;30 31;34;35
10;15;16;22 32;38
21 27
14 21
2;7;8;11 9
1 10;15;16;22
1 6;13;17;20
1 14
0 4;18;23;28;29;30
0 2;7;8;11
0 1
11 #edges, tree 375
4;18;23;28;29;30 31;34;35
27 21
10;15;16;22 32;38
14 27
2;7;8;11 9
1 10;15;16;22
1 6;13;17;20
1 14
0 4;18;23;28;29;30
0 2;7;8;11
0 1
11 #edges, tree 376
4;18;23;28;29;30 31;34;35
10;15;16;22 32;38
14 27
2;7;8;11 9
1 10;15;16;22
1 21
1 6;13;17;20
1 14
0 4;18;23;28;29;30
0 2;7;8;11
0 1
11 #edges, tree 377
4;18;23;28;29;30 31;34;35
10;15;16;22 32;38
6;13;17;20 27
2;7;8;11 9
1 10;15;16;22
1 21
1 6;13;17;20
1 14
0 4;18;23;28;29;30
0 2;7;8;11
0 1
11 #edges, tree 378
4;18;23;28;29;30 31;34;35
10;15;16;22 32;38
21 27
2;7;8;11 9
1 10;15;16;22
1 21
1 6;13;17;20
1 14
0 4;18;23;28;29;30
0 2;7;8;11
0 1
11 #edges, tree 379
4;18;23;28;29;30 31;34;35
10;15;16;22 32;38
14 27
1 10;15;16;22
1 21
1 6;13;17;20
1 14
1 9
0 4;18;23;28;29;30
0 2;7;8;11
0 1
11 #edges, tree 380
4;18;23;28;29;30 31;34;35
10;15;16;22 32;38
21 27
1 10;15;16;22
1 21
1 6;13;17;20
1 14
1 9
0 4;18;23;28;29;30
0 2;7;8;11
0 1
11 #edges, tree 381
4;18;23;28;29;30 31;34;35
10;15;16;22 32;38
9 27
1 10;15;16;22
1 21
1 6;13;17;20
1 14
1 9
0 4;18;23;28;29;30
0 2;7;8;11
0 1
11 #edges, tree 382
4;18;23;28;29;30 31;34;35
10;15;16;22 32;38
6;13;17;20 27
1 10;15;16;22
1 21
1 6;13;17;20
1 14
1 9
0 4;18;23;28;29;30
0 2;7;8;11
0 1
11 #edges, tree 383
4;18;23;28;29;30 31;34;35
10;15;16;22 32;38
14 21
9 27
1 10;15;16;22
1 6;13;17;20
1 14
1 9
0 4;18;23;28;29;30
0 2;7;8;11
0 1
11 #edges, tree 384
4;18;23;28;29;30 31;34;35
10;15;16;22 32;38
21 27
14 21
1 10;15;16;22
1 6;13;17;20
1 14
1 9
0 4;18;23;28;29;30
0 2;7;8;11
0 1
11 #edges, tree 385
4;18;23;28;29;30 31;34;35
10;15;16;22 32;38
6;13;17;20 27
14 21
1 10;15;16;22
1 6;13;17;20
1 14
1 9
0 4;18;23;28;29;30
0 2;7;8;11
0 1
11 #edges, tree 386
4;18;23;28;29;30 31;34;35
10;15;16;22 32;38
14 27
14 21
1 10;15;16;22
1 6;13;17;20
1 14
1 9
0 4;18;23;28;29;30
0 2;7;8;11
0 1
11 #edges, tree 387
4;18;23;28;29;30 31;34;35
10;15;16;22 32;38
14 27
9 21
1 10;15;16;22
1 6;13;17;20
1 14
1 9
0 4;18;23;28;29;30
0 2;7;8;11
0 1
11 #edges, tree 388
4;18;23;28;29;30 31;34;35
10;15;16;22 32;38
9 27
9 21
1 10;15;16;22
1 6;13;17;20
1 14
1 9
0 4;18;23;28;29;30
0 2;7;8;11
0 1
11 #edges, tree 389
4;18;23;28;29;30 31;34;35
10;15;16;22 32;38
21 27
9 21
1 10;15;16;22
1 6;13;17;20
1 14
1 9
0 4;18;23;28;29;30
0 2;7;8;11
0 1
11 #edges, tree 390
4;18;23;28;29;30 31;34;35
10;15;16;22 32;38
6;13;17;20 27
9 21
1 10;15;16;22
1 6;13;17;20
1 14
1 9
0 4;18;23;28;29;30
0 2;7;8;11
0 1
11 #edges, tree 391
4;18;23;28;29;30 31;34;35
27 21
10;15;16;22 32;38
14 27
1 10;15;16;22
1 6;13;17;20
1 14
1 9
0 4;18;23;28;29;30
0 2;7;8;11
0 1
11 #edges, tree 392
4;18;23;28;29;30 31;34;35
27 21
10;15;16;22 32;38
9 27
1 10;15;16;22
1 6;13;17;20
1 14
1 9
0 4;18;23;28;29;30
0 2;7;8;11
0 1
11 #edges, tree 393
4;18;23;28;29;30 31;34;35
10;15;16;22 32;38
14 27
1 10;15;16;22
1 21
1 6;13;17;20
1 14
1 2;7;8;11
1 9
0 4;18;23;28;29;30
0 1
11 #edges, tree 394
4;18;23;28;29;30 31;34;35
10;15;16;22 32;38
14 27
9 2;7;8;11
1 10;15;16;22
1 21
1 6;13;17;20
1 14
1 9
0 4;18;23;28;29;30
0 1
11 #edges, tree 395
4;18;23;28;29;30 31;34;35
10;15;16;22 32;38
14 27
2;7;8;11 9
1 10;15;16;22
1 21
1 6;13;17;20
1 14
1 2;7;8;11
0 4;18;23;28;29;30
0 1
11 #edges, tree 396
4;18;23;28;29;30 31;34;35
10;15;16;22 32;38
21 27
2;7;8;11 9
1 10;15;16;22
1 21
1 6;13;17;20
1 14
1 2;7;8;11
0 4;18;23;28;29;30
0 1
11 #edges, tree 397
4;18;23;28;29;30 31;34;35
10;15;16;22 32;38
2;7;8;11 9
1 27
1 10;15;16;22
1 21
1 6;13;17;20
1 14
1 2;7;8;11
0 4;18;23;28;29;30
0 1
11 #edges, tree 398
4;18;23;28;29;30 31;34;35
10;15;16;22 32;38
6;13;17;20 27
2;7;8;11 9
1 10;15;16;22
1 21
1 6;13;17;20
1 14
1 2;7;8;11
0 4;18;23;28;29;30
0 1
11 #edges, tree 399
4;18;23;28;29;30 31;34;35
10;15;16;22 32;38
1 27
1 10;15;16;22
1 21
1 6;13;17;20
1 14
1 2;7;8;11
1 9
0 4;18;23;28;29;30
0 1
11 #edges, tree 400
4;18;23;28;29;30 31;34;35
10;15;16;22 32;38
21 27
1 10;15;16;22
1 21
1 6;13;17;20
1 14
1 2;7;8;11
1 9
0 4;18;23;28;29;30
0 1
11 #edges, tree 401
4;18;23;28;29;30 31;34;35
10;15;16;22 32;38
9 27
1 10;15;16;22
1 21
1 6;13;17;20
1 14
1 2;7;8;11
1 9
0 4;18;23;28;29;30
0 1
11 #edges, tree 402
4;18;23;28;29;30 31;34;35
10;15;16;22 32;38
6;13;17;20 27
1 10;15;16;22
1 21
1 6;13;17;20
1 14
1 2;7;8;11
1 9
0 4;18;23;28;29;30
0 1
11 #edges, tree 403
4;18;23;28;29;30 31;34;35
10;15;16;22 32;38
9 2;7;8;11
1 27
1 10;15;16;22
1 21
1 6;13;17;20
1 14
1 9
0 4;18;23;28;29;30
0 1
11 #edges, tree 404
4;18;23;28;29;30 31;34;35
10;15;16;22 32;38
6;13;17;20 27
9 2;7;8;11
1 10;15;16;22
1 21
1 6;13;17;20
1 14
1 9
0 4;18;23;28;29;30
0 1
11 #edges, tree 405
4;18;23;28;29;30 31;34;35
10;15;16;22 32;38
21 27
9 2;7;8;11
1 10;15;16;22
1 21
1 6;13;17;20
1 14
1 9
0 4;18;23;28;29;30
0 1
11 #edges, tree 406
4;18;23;28;29;30 31;34;35
10;15;16;22 32;38
9 27
9 2;7;8;11
1 10;15;16;22
1 21
1 6;13;17;20
1 14
1 9
0 4;18;23;28;29;30
0 1
11 #edges, tree 407
4;18;23;28;29;30 31;34;35
10;15;16;22 32;38
9 27
9 21
1 10;15;16;22
1 6;13;17;20
1 14
1 2;7;8;11
1 9
0 4;18;23;28;29;30
0 1
11 #edges, tree 408
4;18;23;28;29;30 31;34;35
10;15;16;22 32;38
9 27
9 21
9 2;7;8;11
1 10;15;16;22
1 6;13;17;20
1 14
1 9
0 4;18;23;28;29;30
0 1
11 #edges, tree 409
4;18;23;28;29;30 31;34;35
10;15;16;22 32;38
21 27
9 21
1 10;15;16;22
1 6;13;17;20
1 14
1 2;7;8;11
1 9
0 4;18;23;28;29;30
0 1
11 #edges, tree 410
4;18;23;28;29;30 31;34;35
10;15;16;22 32;38
14 27
9 21
1 10;15;16;22
1 6;13;17;20
1 14
1 2;7;8;11
1 9
0 4;18;23;28;29;30
0 1
11 #edges, tree 411
4;18;23;28;29;30 31;34;35
10;15;16;22 32;38
6;13;17;20 27
9 21
1 10;15;16;22
1 6;13;17;20
1 14
1 2;7;8;11
1 9
0 4;18;23;28;29;30
0 1
11 #edges, tree 412
4;18;23;28;29;30 31;34;35
10;15;16;22 32;38
9 21
1 27
1 10;15;16;22
1 6;13;17;20
1 14
1 2;7;8;11
1 9
0 4;18;23;28;29;30
0 1
11 #edges, tree 413
4;18;23;28;29;30 31;34;35
10;15;16;22 32;38
21 27
9 21
9 2;7;8;11
1 10;15;16;22
1 6;13;17;20
1 14
1 9
0 4;18;23;28;29;30
0 1
11 #edges, tree 414
4;18;23;28;29;30 31;34;35
10;15;16;22 32;38
14 27
9 21
9 2;7;8;11
1 10;15;16;22
1 6;13;17;20
1 14
1 9
0 4;18;23;28;29;30
0 1
11 #edges, tree 415
4;18;23;28;29;30 31;34;35
10;15;16;22 32;38
9 21
9 2;7;8;11
1 27
1 10;15;16;22
1 6;13;17;20
1 14
1 9
0 4;18;23;28;29;30
0 1
11 #edges, tree 416
4;18;23;28;29;30 31;34;35
10;15;16;22 32;38
6;13;17;20 27
9 21
9 2;7;8;11
1 10;15;16;22
1 6;13;17;20
1 14
1 9
0 4;18;23;28;29;30
0 1
11 #edges, tree 417
4;18;23;28;29;30 31;34;35
27 21
10;15;16;22 32;38
9 2;7;8;11
1 27
1 10;15;16;22
1 6;13;17;20
1 14
1 9
0 4;18;23;28;29;30
0 1
11 #edges, tree 418
4;18;23;28;29;30 31;34;35
10;15;16;22 32;38
14 21
9 2;7;8;11
1 27
1 10;15;16;22
1 6;13;17;20
1 14
1 9
0 4;18;23;28;29;30
0 1
11 #edges, tree 419
4;18;23;28;29;30 31;34;35
10;15;16;22 32;38
6;13;17;20 27
14 21
9 2;7;8;11
1 10;15;16;22
1 6;13;17;20
1 14
1 9
0 4;18;23;28;29;30
0 1
11 #edges, tree 420
4;18;23;28;29;30 31;34;35
27 21
10;15;16;22 32;38
9 27
9 2;7;8;11
1 10;15;16;22
1 6;13;17;20
1 14
1 9
0 4;18;23;28;29;30
0 1
11 #edges, tree 421
4;18;23;28;29;30 31;34;35
10;15;16;22 32;38
14 21
9 27
9 2;7;8;11
1 10;15;16;22
1 6;13;17;20
1 14
1 9
0 4;18;23;28;29;30
0 1
11 #edges, tree 422
4;18;23;28;29;30 31;34;35
27 21
10;15;16;22 32;38
14 27
9 2;7;8;11
1 10;15;16;22
1 6;13;17;20
1 14
1 9
0 4;18;23;28;29;30
0 1
11 #edges, tree 423
4;18;23;28;29;30 31;34;35
10;15;16;22 32;38
14 27
14 21
9 2;7;8;11
1 10;15;16;22
1 6;13;17;20
1 14
1 9
0 4;18;23;28;29;30
0 1
11 #edges, tree 424
4;18;23;28;29;30 31;34;35
10;15;16;22 32;38
21 27
14 21
9 2;7;8;11
1 10;15;16;22
1 6;13;17;20
1 14
1 9
0 4;18;23;28;29;30
0 1
11 #edges, tree 425
4;18;23;28;29;30 31;34;35
10;15;16;22 32;38
6;13;17;20 27
14 21
1 10;15;16;22
1 6;13;17;20
1 14
1 2;7;8;11
1 9
0 4;18;23;28;29;30
0 1
11 #edges, tree 426
4;18;23;28;29;30 31;34;35
10;15;16;22 32;38
14 21
1 27
1 10;15;16;22
1 6;13;17;20
1 14
1 2;7;8;11
1 9
0 4;18;23;28;29;30
0 1
11 #edges, tree 427
4;18;23;28;29;30 31;34;35
27 21
10;15;16;22 32;38
1 27
1 10;15;16;22
1 6;13;17;20
1 14
1 2;7;8;11
1 9
0 4;18;23;28;29;30
0 1
11 #edges, tree 428
4;18;23;28;29;30 31;34;35
10;15;16;22 32;38
14 21
9 27
1 10;15;16;22
1 6;13;17;20
1 14
1 2;7;8;11
1 9
0 4;18;23;28;29;30
0 1
11 #edges, tree 429
4;18;23;28;29;30 31;34;35
10;15;16;22 32;38
21 27
14 21
1 10;15;16;22
1 6;13;17;20
1 14
1 2;7;8;11
1 9
0 4;18;23;28;29;30
0 1
11 #edges, tree 430
4;18;23;28;29;30 31;34;35
10;15;16;22 32;38
14 27
14 21
1 10;15;16;22
1 6;13;17;20
1 14
1 2;7;8;11
1 9
0 4;18;23;28;29;30
0 1
11 #edges, tree 431
4;18;23;28;29;30 31;34;35
27 21
10;15;16;22 32;38
9 27
1 10;15;16;22
1 6;13;17;20
1 14
1 2;7;8;11
1 9
0 4;18;23;28;29;30
0 1
11 #edges, tree 432
4;18;23;28;29;30 31;34;35
27 21
10;15;16;22 32;38
14 27
1 10;15;16;22
1 6;13;17;20
1 14
1 2;7;8;11
1 9
0 4;18;23;28;29;30
0 1
11 #edges, tree 433
4;18;23;28;29;30 31;34;35
27 21
10;15;16;22 32;38
14 27
2;7;8;11 9
1 10;15;16;22
1 6;13;17;20
1 14
1 2;7;8;11
0 4;18;23;28;29;30
0 1
11 #edges, tree 434
4;18;23;28;29;30 31;34;35
10;15;16;22 32;38
14 27
14 21
2;7;8;11 9
1 10;15;16;22
1 6;13;17;20
1 14
1 2;7;8;11
0 4;18;23;28;29;30
0 1
11 #edges, tree 435
4;18;23;28;29;30 31;34;35
27 21
10;15;16;22 32;38
2;7;8;11 9
1 27
1 10;15;16;22
1 6;13;17;20
1 14
1 2;7;8;11
0 4;18;23;28;29;30
0 1
11 #edges, tree 436
4;18;23;28;29;30 31;34;35
10;15;16;22 32;38
14 21
2;7;8;11 9
1 27
1 10;15;16;22
1 6;13;17;20
1 14
1 2;7;8;11
0 4;18;23;28;29;30
0 1
11 #edges, tree 437
4;18;23;28;29;30 31;34;35
10;15;16;22 32;38
21 27
14 21
2;7;8;11 9
1 10;15;16;22
1 6;13;17;20
1 14
1 2;7;8;11
0 4;18;23;28;29;30
0 1
11 #edges, tree 438
4;18;23;28;29;30 31;34;35
10;15;16;22 32;38
6;13;17;20 27
14 21
2;7;8;11 9
1 10;15;16;22
1 6;13;17;20
1 14
1 2;7;8;11
0 4;18;23;28;29;30
0 1
