# 9 out of 9 mutations
16 #trees
8 #edges, tree 1
34;39;40 49;52
7;9;26;29 34;39;40
0 2;6;11;13;14;15;20;25;36;37;42;44;45;46;47;50
0 3;4;18;35;38;41;43
0 17;31;33
0 7;9;26;29
0 5;8;10;12;16;19;21;22;23;24;27
0 1
8 #edges, tree 2
0 1
0 5;8;10;12;16;19;21;22;23;24;27
0 7;9;26;29
0 3;4;18;35;38;41;43
0 2;6;11;13;14;15;20;25;36;37;42;44;45;46;47;50
7;9;26;29 17;31;33
7;9;26;29 34;39;40
34;39;40 49;52
8 #edges, tree 3
34;39;40 49;52
7;9;26;29 34;39;40
1 3;4;18;35;38;41;43
0 2;6;11;13;14;15;20;25;36;37;42;44;45;46;47;50
0 17;31;33
0 7;9;26;29
0 5;8;10;12;16;19;21;22;23;24;27
0 1
8 #edges, tree 4
34;39;40 49;52
34;39;40 3;4;18;35;38;41;43
7;9;26;29 34;39;40
0 2;6;11;13;14;15;20;25;36;37;42;44;45;46;47;50
0 17;31;33
0 7;9;26;29
0 5;8;10;12;16;19;21;22;23;24;27
0 1
8 #edges, tree 5
0 1
0 5;8;10;12;16;19;21;22;23;24;27
0 7;9;26;29
0 17;31;33
0 2;6;11;13;14;15;20;25;36;37;42;44;45;46;47;50
5;8;10;12;16;19;21;22;23;24;27 3;4;18;35;38;41;43
7;9;26;29 34;39;40
34;39;40 49;52
8 #edges, tree 6
0 1
0 5;8;10;12;16;19;21;22;23;24;27
0 7;9;26;29
0 17;31;33
0 2;6;11;13;14;15;20;25;36;37;42;44;45;46;47;50
7;9;26;29 34;39;40
17;31;33 3;4;18;35;38;41;43
34;39;40 49;52
8 #edges, tree 7
0 1
0 5;8;10;12;16;19;21;22;23;24;27
0 7;9;26;29
0 17;31;33
0 2;6;11;13;14;15;20;25;36;37;42;44;45;46;47;50
7;9;26;29 34;39;40
7;9;26;29 3;4;18;35;38;41;43
34;39;40 49;52
8 #edges, tree 8
0 1
0 5;8;10;12;16;19;21;22;23;24;27
0 7;9;26;29
0 17;31;33
0 2;6;11;13;14;15;20;25;36;37;42;44;45;46;47;50
7;9;26;29 34;39;40
34;39;40 49;52
2;6;11;13;14;15;20;25;36;37;42;44;45;46;47;50 3;4;18;35;38;41;43
8 #edges, tree 9
49;52 3;4;18;35;38;41;43
34;39;40 49;52
7;9;26;29 34;39;40
0 2;6;11;13;14;15;20;25;36;37;42;44;45;46;47;50
0 17;31;33
0 7;9;26;29
0 5;8;10;12;16;19;21;22;23;24;27
0 1
8 #edges, tree 10
34;39;40 49;52
7;9;26;29 34;39;40
7;9;26;29 17;31;33
5;8;10;12;16;19;21;22;23;24;27 3;4;18;35;38;41;43
0 2;6;11;13;14;15;20;25;36;37;42;44;45;46;47;50
0 7;9;26;29
0 5;8;10;12;16;19;21;22;23;24;27
0 1
8 #edges, tree 11
34;39;40 49;52
7;9;26;29 34;39;40
7;9;26;29 17;31;33
1 3;4;18;35;38;41;43
0 2;6;11;13;14;15;20;25;36;37;42;44;45;46;47;50
0 7;9;26;29
0 5;8;10;12;16;19;21;22;23;24;27
0 1
8 #edges, tree 12
34;39;40 49;52
7;9;26;29 3;4;18;35;38;41;43
7;9;26;29 34;39;40
7;9;26;29 17;31;33
0 2;6;11;13;14;15;20;25;36;37;42;44;45;46;47;50
0 7;9;26;29
0 5;8;10;12;16;19;21;22;23;24;27
0 1
8 #edges, tree 13
34;39;40 49;52
17;31;33 3;4;18;35;38;41;43
7;9;26;29 34;39;40
7;9;26;29 17;31;33
0 2;6;11;13;14;15;20;25;36;37;42;44;45;46;47;50
0 7;9;26;29
0 5;8;10;12;16;19;21;22;23;24;27
0 1
8 #edges, tree 14
34;39;40 49;52
34;39;40 3;4;18;35;38;41;43
7;9;26;29 34;39;40
7;9;26;29 17;31;33
0 2;6;11;13;14;15;20;25;36;37;42;44;45;46;47;50
0 7;9;26;29
0 5;8;10;12;16;19;21;22;23;24;27
0 1
8 #edges, tree 15
49;52 3;4;18;35;38;41;43
34;39;40 49;52
7;9;26;29 34;39;40
7;9;26;29 17;31;33
0 2;6;11;13;14;15;20;25;36;37;42;44;45;46;47;50
0 7;9;26;29
0 5;8;10;12;16;19;21;22;23;24;27
0 1
8 #edges, tree 16
2;6;11;13;14;15;20;25;36;37;42;44;45;46;47;50 3;4;18;35;38;41;43
34;39;40 49;52
7;9;26;29 34;39;40
7;9;26;29 17;31;33
0 2;6;11;13;14;15;20;25;36;37;42;44;45;46;47;50
0 7;9;26;29
0 5;8;10;12;16;19;21;22;23;24;27
0 1
