# 10 out of 10 mutations
9 #trees
9 #edges, tree 1
8;13;19;22;26 32
5;7;14;17 18;20;21;24;27;33;37;40
10;11 28;30;31;34;35
3 8;13;19;22;26
0;1;2 6;9;12;15;16;23;25
0;1;2 5;7;14;17
0;1;2 10;11
0;1;2 4
0;1;2 3
9 #edges, tree 2
0;1;2 3
0;1;2 10;11
0;1;2 5;7;14;17
0;1;2 6;9;12;15;16;23;25
3 8;13;19;22;26
10;11 28;30;31;34;35
5;7;14;17 18;20;21;24;27;33;37;40
6;9;12;15;16;23;25 4
8;13;19;22;26 32
9 #edges, tree 3
8;13;19;22;26 32
5;7;14;17 18;20;21;24;27;33;37;40
10;11 28;30;31;34;35
3 8;13;19;22;26
3 4
0;1;2 6;9;12;15;16;23;25
0;1;2 5;7;14;17
0;1;2 10;11
0;1;2 3
9 #edges, tree 4
32 4
8;13;19;22;26 32
5;7;14;17 18;20;21;24;27;33;37;40
10;11 28;30;31;34;35
3 8;13;19;22;26
0;1;2 6;9;12;15;16;23;25
0;1;2 5;7;14;17
0;1;2 10;11
0;1;2 3
9 #edges, tree 5
0;1;2 3
0;1;2 10;11
0;1;2 5;7;14;17
0;1;2 6;9;12;15;16;23;25
3 8;13;19;22;26
10;11 28;30;31;34;35
5;7;14;17 4
5;7;14;17 18;20;21;24;27;33;37;40
8;13;19;22;26 32
9 #edges, tree 6
0;1;2 3
0;1;2 10;11
0;1;2 5;7;14;17
0;1;2 6;9;12;15;16;23;25
3 8;13;19;22;26
10;11 28;30;31;34;35
5;7;14;17 18;20;21;24;27;33;37;40
8;13;19;22;26 4
8;13;19;22;26 32
9 #edges, tree 7
0;1;2 3
0;1;2 10;11
0;1;2 5;7;14;17
0;1;2 6;9;12;15;16;23;25
3 8;13;19;22;26
10;11 28;30;31;34;35
5;7;14;17 18;20;21;24;27;33;37;40
8;13;19;22;26 32
28;30;31;34;35 4
9 #edges, tree 8
0;1;2 3
0;1;2 10;11
0;1;2 5;7;14;17
0;1;2 6;9;12;15;16;23;25
3 8;13;19;22;26
10;11 4
10;11 28;30;31;34;35
5;7;14;17 18;20;21;24;27;33;37;40
8;13;19;22;26 32
9 #edges, tree 9
18;20;21;24;27;33;37;40 4
8;13;19;22;26 32
5;7;14;17 18;20;21;24;27;33;37;40
10;11 28;30;31;34;35
3 8;13;19;22;26
0;1;2 6;9;12;15;16;23;25
0;1;2 5;7;14;17
0;1;2 10;11
0;1;2 3
