# 10 out of 10 mutations
78 #trees
9 #edges, tree 1
0 1
0 2
0 4
1 7;8;9;15;16;17;18;22
1 11;13;14;19;20;24
1 6;10;12;21;32
2 5
7;8;9;15;16;17;18;22 25;31;33;36;39;40
25;31;33;36;39;40 41;42;43;44;45;46
9 #edges, tree 2
25;31;33;36;39;40 41;42;43;44;45;46
7;8;9;15;16;17;18;22 25;31;33;36;39;40
1 6;10;12;21;32
1 11;13;14;19;20;24
1 7;8;9;15;16;17;18;22
0 5
0 4
0 2
0 1
9 #edges, tree 3
0 1
0 2
0 4
1 5
1 7;8;9;15;16;17;18;22
1 11;13;14;19;20;24
1 6;10;12;21;32
7;8;9;15;16;17;18;22 25;31;33;36;39;40
25;31;33;36;39;40 41;42;43;44;45;46
9 #edges, tree 4
0 1
0 2
0 4
1 7;8;9;15;16;17;18;22
1 11;13;14;19;20;24
1 6;10;12;21;32
4 5
7;8;9;15;16;17;18;22 25;31;33;36;39;40
25;31;33;36;39;40 41;42;43;44;45;46
9 #edges, tree 5
25;31;33;36;39;40 41;42;43;44;45;46
7;8;9;15;16;17;18;22 25;31;33;36;39;40
4 5
1 6;10;12;21;32
1 11;13;14;19;20;24
1 7;8;9;15;16;17;18;22
1 2
0 4
0 1
9 #edges, tree 6
25;31;33;36;39;40 41;42;43;44;45;46
7;8;9;15;16;17;18;22 25;31;33;36;39;40
5 2
1 6;10;12;21;32
1 11;13;14;19;20;24
1 7;8;9;15;16;17;18;22
1 5
0 4
0 1
9 #edges, tree 7
25;31;33;36;39;40 41;42;43;44;45;46
7;8;9;15;16;17;18;22 25;31;33;36;39;40
1 6;10;12;21;32
1 11;13;14;19;20;24
1 7;8;9;15;16;17;18;22
1 5
1 2
0 4
0 1
9 #edges, tree 8
25;31;33;36;39;40 41;42;43;44;45;46
7;8;9;15;16;17;18;22 25;31;33;36;39;40
1 6;10;12;21;32
1 11;13;14;19;20;24
1 7;8;9;15;16;17;18;22
1 2
0 5
0 4
0 1
9 #edges, tree 9
0 1
0 4
0 5
1 7;8;9;15;16;17;18;22
1 11;13;14;19;20;24
1 6;10;12;21;32
5 2
7;8;9;15;16;17;18;22 25;31;33;36;39;40
25;31;33;36;39;40 41;42;43;44;45;46
9 #edges, tree 10
0 1
0 4
1 2
1 7;8;9;15;16;17;18;22
1 11;13;14;19;20;24
1 6;10;12;21;32
2 5
7;8;9;15;16;17;18;22 25;31;33;36;39;40
25;31;33;36;39;40 41;42;43;44;45;46
9 #edges, tree 11
0 1
0 2
0 5
1 7;8;9;15;16;17;18;22
1 11;13;14;19;20;24
1 6;10;12;21;32
5 4
7;8;9;15;16;17;18;22 25;31;33;36;39;40
25;31;33;36;39;40 41;42;43;44;45;46
9 #edges, tree 12
0 1
0 5
1 7;8;9;15;16;17;18;22
1 11;13;14;19;20;24
1 6;10;12;21;32
5 2
5 4
7;8;9;15;16;17;18;22 25;31;33;36;39;40
25;31;33;36;39;40 41;42;43;44;45;46
9 #edges, tree 13
0 1
0 5
1 2
1 7;8;9;15;16;17;18;22
1 11;13;14;19;20;24
1 6;10;12;21;32
5 4
7;8;9;15;16;17;18;22 25;31;33;36;39;40
25;31;33;36;39;40 41;42;43;44;45;46
9 #edges, tree 14
0 1
0 5
1 4
1 7;8;9;15;16;17;18;22
1 11;13;14;19;20;24
1 6;10;12;21;32
5 2
7;8;9;15;16;17;18;22 25;31;33;36;39;40
25;31;33;36;39;40 41;42;43;44;45;46
9 #edges, tree 15
0 1
0 5
1 7;8;9;15;16;17;18;22
1 11;13;14;19;20;24
1 6;10;12;21;32
5 2
7;8;9;15;16;17;18;22 25;31;33;36;39;40
6;10;12;21;32 4
25;31;33;36;39;40 41;42;43;44;45;46
9 #edges, tree 16
0 1
0 5
1 7;8;9;15;16;17;18;22
1 11;13;14;19;20;24
1 6;10;12;21;32
5 2
7;8;9;15;16;17;18;22 25;31;33;36;39;40
25;31;33;36;39;40 4
25;31;33;36;39;40 41;42;43;44;45;46
9 #edges, tree 17
25;31;33;36;39;40 41;42;43;44;45;46
7;8;9;15;16;17;18;22 25;31;33;36;39;40
5 2
2 4
1 6;10;12;21;32
1 11;13;14;19;20;24
1 7;8;9;15;16;17;18;22
0 5
0 1
9 #edges, tree 18
25;31;33;36;39;40 41;42;43;44;45;46
11;13;14;19;20;24 4
7;8;9;15;16;17;18;22 25;31;33;36;39;40
5 2
1 6;10;12;21;32
1 11;13;14;19;20;24
1 7;8;9;15;16;17;18;22
0 5
0 1
9 #edges, tree 19
25;31;33;36;39;40 41;42;43;44;45;46
7;8;9;15;16;17;18;22 25;31;33;36;39;40
7;8;9;15;16;17;18;22 4
5 2
1 6;10;12;21;32
1 11;13;14;19;20;24
1 7;8;9;15;16;17;18;22
0 5
0 1
9 #edges, tree 20
41;42;43;44;45;46 4
25;31;33;36;39;40 41;42;43;44;45;46
7;8;9;15;16;17;18;22 25;31;33;36;39;40
5 2
1 6;10;12;21;32
1 11;13;14;19;20;24
1 7;8;9;15;16;17;18;22
0 5
0 1
9 #edges, tree 21
25;31;33;36;39;40 41;42;43;44;45;46
7;8;9;15;16;17;18;22 25;31;33;36;39;40
7;8;9;15;16;17;18;22 4
1 6;10;12;21;32
1 11;13;14;19;20;24
1 7;8;9;15;16;17;18;22
1 2
0 5
0 1
9 #edges, tree 22
25;31;33;36;39;40 41;42;43;44;45;46
7;8;9;15;16;17;18;22 25;31;33;36;39;40
7;8;9;15;16;17;18;22 4
1 6;10;12;21;32
1 11;13;14;19;20;24
1 7;8;9;15;16;17;18;22
0 5
0 2
0 1
9 #edges, tree 23
25;31;33;36;39;40 41;42;43;44;45;46
7;8;9;15;16;17;18;22 25;31;33;36;39;40
2 4
1 6;10;12;21;32
1 11;13;14;19;20;24
1 7;8;9;15;16;17;18;22
0 5
0 2
0 1
9 #edges, tree 24
25;31;33;36;39;40 41;42;43;44;45;46
7;8;9;15;16;17;18;22 25;31;33;36;39;40
1 6;10;12;21;32
1 11;13;14;19;20;24
1 7;8;9;15;16;17;18;22
1 4
0 5
0 2
0 1
9 #edges, tree 25
25;31;33;36;39;40 41;42;43;44;45;46
11;13;14;19;20;24 4
7;8;9;15;16;17;18;22 25;31;33;36;39;40
1 6;10;12;21;32
1 11;13;14;19;20;24
1 7;8;9;15;16;17;18;22
0 5
0 2
0 1
9 #edges, tree 26
25;31;33;36;39;40 41;42;43;44;45;46
6;10;12;21;32 4
7;8;9;15;16;17;18;22 25;31;33;36;39;40
1 6;10;12;21;32
1 11;13;14;19;20;24
1 7;8;9;15;16;17;18;22
0 5
0 2
0 1
9 #edges, tree 27
41;42;43;44;45;46 4
25;31;33;36;39;40 41;42;43;44;45;46
7;8;9;15;16;17;18;22 25;31;33;36;39;40
1 6;10;12;21;32
1 11;13;14;19;20;24
1 7;8;9;15;16;17;18;22
0 5
0 2
0 1
9 #edges, tree 28
25;31;33;36;39;40 41;42;43;44;45;46
25;31;33;36;39;40 4
7;8;9;15;16;17;18;22 25;31;33;36;39;40
1 6;10;12;21;32
1 11;13;14;19;20;24
1 7;8;9;15;16;17;18;22
0 5
0 2
0 1
9 #edges, tree 29
25;31;33;36;39;40 41;42;43;44;45;46
6;10;12;21;32 4
7;8;9;15;16;17;18;22 25;31;33;36;39;40
1 6;10;12;21;32
1 11;13;14;19;20;24
1 7;8;9;15;16;17;18;22
1 2
0 5
0 1
9 #edges, tree 30
41;42;43;44;45;46 4
25;31;33;36;39;40 41;42;43;44;45;46
7;8;9;15;16;17;18;22 25;31;33;36;39;40
1 6;10;12;21;32
1 11;13;14;19;20;24
1 7;8;9;15;16;17;18;22
1 2
0 5
0 1
9 #edges, tree 31
25;31;33;36;39;40 41;42;43;44;45;46
7;8;9;15;16;17;18;22 25;31;33;36;39;40
1 6;10;12;21;32
1 11;13;14;19;20;24
1 7;8;9;15;16;17;18;22
1 4
1 2
0 5
0 1
9 #edges, tree 32
25;31;33;36;39;40 41;42;43;44;45;46
25;31;33;36;39;40 4
7;8;9;15;16;17;18;22 25;31;33;36;39;40
1 6;10;12;21;32
1 11;13;14;19;20;24
1 7;8;9;15;16;17;18;22
1 2
0 5
0 1
9 #edges, tree 33
0 1
0 5
1 2
1 7;8;9;15;16;17;18;22
1 11;13;14;19;20;24
1 6;10;12;21;32
2 4
7;8;9;15;16;17;18;22 25;31;33;36;39;40
25;31;33;36;39;40 41;42;43;44;45;46
9 #edges, tree 34
0 1
0 5
1 2
1 7;8;9;15;16;17;18;22
1 11;13;14;19;20;24
1 6;10;12;21;32
7;8;9;15;16;17;18;22 25;31;33;36;39;40
11;13;14;19;20;24 4
25;31;33;36;39;40 41;42;43;44;45;46
9 #edges, tree 35
0 1
0 2
1 7;8;9;15;16;17;18;22
1 11;13;14;19;20;24
1 6;10;12;21;32
2 4
2 5
7;8;9;15;16;17;18;22 25;31;33;36;39;40
25;31;33;36;39;40 41;42;43;44;45;46
9 #edges, tree 36
0 1
0 2
1 7;8;9;15;16;17;18;22
1 11;13;14;19;20;24
1 6;10;12;21;32
2 5
5 4
7;8;9;15;16;17;18;22 25;31;33;36;39;40
25;31;33;36;39;40 41;42;43;44;45;46
9 #edges, tree 37
0 1
0 2
1 4
1 7;8;9;15;16;17;18;22
1 11;13;14;19;20;24
1 6;10;12;21;32
2 5
7;8;9;15;16;17;18;22 25;31;33;36;39;40
25;31;33;36;39;40 41;42;43;44;45;46
9 #edges, tree 38
0 1
0 2
1 7;8;9;15;16;17;18;22
1 11;13;14;19;20;24
1 6;10;12;21;32
2 5
7;8;9;15;16;17;18;22 4
7;8;9;15;16;17;18;22 25;31;33;36;39;40
25;31;33;36;39;40 41;42;43;44;45;46
9 #edges, tree 39
0 1
0 2
1 7;8;9;15;16;17;18;22
1 11;13;14;19;20;24
1 6;10;12;21;32
2 5
7;8;9;15;16;17;18;22 25;31;33;36;39;40
25;31;33;36;39;40 4
25;31;33;36;39;40 41;42;43;44;45;46
9 #edges, tree 40
0 1
0 2
1 7;8;9;15;16;17;18;22
1 11;13;14;19;20;24
1 6;10;12;21;32
2 5
7;8;9;15;16;17;18;22 25;31;33;36;39;40
6;10;12;21;32 4
25;31;33;36;39;40 41;42;43;44;45;46
9 #edges, tree 41
0 1
0 2
1 7;8;9;15;16;17;18;22
1 11;13;14;19;20;24
1 6;10;12;21;32
2 5
7;8;9;15;16;17;18;22 25;31;33;36;39;40
25;31;33;36;39;40 41;42;43;44;45;46
41;42;43;44;45;46 4
9 #edges, tree 42
0 1
0 2
1 7;8;9;15;16;17;18;22
1 11;13;14;19;20;24
1 6;10;12;21;32
2 5
7;8;9;15;16;17;18;22 25;31;33;36;39;40
11;13;14;19;20;24 4
25;31;33;36;39;40 41;42;43;44;45;46
9 #edges, tree 43
0 1
0 2
1 7;8;9;15;16;17;18;22
1 11;13;14;19;20;24
1 6;10;12;21;32
2 4
4 5
7;8;9;15;16;17;18;22 25;31;33;36;39;40
25;31;33;36;39;40 41;42;43;44;45;46
9 #edges, tree 44
0 1
0 2
1 5
1 7;8;9;15;16;17;18;22
1 11;13;14;19;20;24
1 6;10;12;21;32
2 4
7;8;9;15;16;17;18;22 25;31;33;36;39;40
25;31;33;36;39;40 41;42;43;44;45;46
9 #edges, tree 45
0 1
0 2
1 4
1 5
1 7;8;9;15;16;17;18;22
1 11;13;14;19;20;24
1 6;10;12;21;32
7;8;9;15;16;17;18;22 25;31;33;36;39;40
25;31;33;36;39;40 41;42;43;44;45;46
9 #edges, tree 46
0 1
0 2
1 4
1 7;8;9;15;16;17;18;22
1 11;13;14;19;20;24
1 6;10;12;21;32
4 5
7;8;9;15;16;17;18;22 25;31;33;36;39;40
25;31;33;36;39;40 41;42;43;44;45;46
9 #edges, tree 47
0 1
0 2
1 5
1 7;8;9;15;16;17;18;22
1 11;13;14;19;20;24
1 6;10;12;21;32
7;8;9;15;16;17;18;22 4
7;8;9;15;16;17;18;22 25;31;33;36;39;40
25;31;33;36;39;40 41;42;43;44;45;46
9 #edges, tree 48
0 1
0 2
1 5
1 7;8;9;15;16;17;18;22
1 11;13;14;19;20;24
1 6;10;12;21;32
5 4
7;8;9;15;16;17;18;22 25;31;33;36;39;40
25;31;33;36;39;40 41;42;43;44;45;46
9 #edges, tree 49
0 1
0 2
1 5
1 7;8;9;15;16;17;18;22
1 11;13;14;19;20;24
1 6;10;12;21;32
7;8;9;15;16;17;18;22 25;31;33;36;39;40
11;13;14;19;20;24 4
25;31;33;36;39;40 41;42;43;44;45;46
9 #edges, tree 50
0 1
0 2
1 5
1 7;8;9;15;16;17;18;22
1 11;13;14;19;20;24
1 6;10;12;21;32
7;8;9;15;16;17;18;22 25;31;33;36;39;40
25;31;33;36;39;40 4
25;31;33;36;39;40 41;42;43;44;45;46
9 #edges, tree 51
0 1
0 2
1 5
1 7;8;9;15;16;17;18;22
1 11;13;14;19;20;24
1 6;10;12;21;32
7;8;9;15;16;17;18;22 25;31;33;36;39;40
6;10;12;21;32 4
25;31;33;36;39;40 41;42;43;44;45;46
9 #edges, tree 52
0 1
0 2
1 5
1 7;8;9;15;16;17;18;22
1 11;13;14;19;20;24
1 6;10;12;21;32
7;8;9;15;16;17;18;22 25;31;33;36;39;40
25;31;33;36;39;40 41;42;43;44;45;46
41;42;43;44;45;46 4
9 #edges, tree 53
0 1
1 2
1 5
1 7;8;9;15;16;17;18;22
1 11;13;14;19;20;24
1 6;10;12;21;32
5 4
7;8;9;15;16;17;18;22 25;31;33;36;39;40
25;31;33;36;39;40 41;42;43;44;45;46
9 #edges, tree 54
0 1
1 2
1 5
1 7;8;9;15;16;17;18;22
1 11;13;14;19;20;24
1 6;10;12;21;32
2 4
7;8;9;15;16;17;18;22 25;31;33;36;39;40
25;31;33;36;39;40 41;42;43;44;45;46
9 #edges, tree 55
0 1
1 2
1 4
1 5
1 7;8;9;15;16;17;18;22
1 11;13;14;19;20;24
1 6;10;12;21;32
7;8;9;15;16;17;18;22 25;31;33;36;39;40
25;31;33;36;39;40 41;42;43;44;45;46
9 #edges, tree 56
0 1
1 2
1 5
1 7;8;9;15;16;17;18;22
1 11;13;14;19;20;24
1 6;10;12;21;32
7;8;9;15;16;17;18;22 4
7;8;9;15;16;17;18;22 25;31;33;36;39;40
25;31;33;36;39;40 41;42;43;44;45;46
9 #edges, tree 57
0 1
1 2
1 5
1 7;8;9;15;16;17;18;22
1 11;13;14;19;20;24
1 6;10;12;21;32
7;8;9;15;16;17;18;22 25;31;33;36;39;40
6;10;12;21;32 4
25;31;33;36;39;40 41;42;43;44;45;46
9 #edges, tree 58
0 1
1 2
1 5
1 7;8;9;15;16;17;18;22
1 11;13;14;19;20;24
1 6;10;12;21;32
7;8;9;15;16;17;18;22 25;31;33;36;39;40
11;13;14;19;20;24 4
25;31;33;36;39;40 41;42;43;44;45;46
9 #edges, tree 59
0 1
1 2
1 5
1 7;8;9;15;16;17;18;22
1 11;13;14;19;20;24
1 6;10;12;21;32
7;8;9;15;16;17;18;22 25;31;33;36;39;40
25;31;33;36;39;40 4
25;31;33;36;39;40 41;42;43;44;45;46
9 #edges, tree 60
0 1
1 2
1 5
1 7;8;9;15;16;17;18;22
1 11;13;14;19;20;24
1 6;10;12;21;32
7;8;9;15;16;17;18;22 25;31;33;36;39;40
25;31;33;36;39;40 41;42;43;44;45;46
41;42;43;44;45;46 4
9 #edges, tree 61
0 1
1 5
1 7;8;9;15;16;17;18;22
1 11;13;14;19;20;24
1 6;10;12;21;32
5 2
7;8;9;15;16;17;18;22 25;31;33;36;39;40
11;13;14;19;20;24 4
25;31;33;36;39;40 41;42;43;44;45;46
9 #edges, tree 62
0 1
1 4
1 5
1 7;8;9;15;16;17;18;22
1 11;13;14;19;20;24
1 6;10;12;21;32
5 2
7;8;9;15;16;17;18;22 25;31;33;36;39;40
25;31;33;36;39;40 41;42;43;44;45;46
9 #edges, tree 63
0 1
1 5
1 7;8;9;15;16;17;18;22
1 11;13;14;19;20;24
1 6;10;12;21;32
5 2
5 4
7;8;9;15;16;17;18;22 25;31;33;36;39;40
25;31;33;36;39;40 41;42;43;44;45;46
9 #edges, tree 64
0 1
1 5
1 7;8;9;15;16;17;18;22
1 11;13;14;19;20;24
1 6;10;12;21;32
5 2
7;8;9;15;16;17;18;22 25;31;33;36;39;40
6;10;12;21;32 4
25;31;33;36;39;40 41;42;43;44;45;46
9 #edges, tree 65
25;31;33;36;39;40 41;42;43;44;45;46
7;8;9;15;16;17;18;22 25;31;33;36;39;40
5 2
2 4
1 6;10;12;21;32
1 11;13;14;19;20;24
1 7;8;9;15;16;17;18;22
1 5
0 1
9 #edges, tree 66
25;31;33;36;39;40 41;42;43;44;45;46
7;8;9;15;16;17;18;22 25;31;33;36;39;40
7;8;9;15;16;17;18;22 4
5 2
1 6;10;12;21;32
1 11;13;14;19;20;24
1 7;8;9;15;16;17;18;22
1 5
0 1
9 #edges, tree 67
41;42;43;44;45;46 4
25;31;33;36;39;40 41;42;43;44;45;46
7;8;9;15;16;17;18;22 25;31;33;36;39;40
5 2
1 6;10;12;21;32
1 11;13;14;19;20;24
1 7;8;9;15;16;17;18;22
1 5
0 1
9 #edges, tree 68
25;31;33;36;39;40 41;42;43;44;45;46
25;31;33;36;39;40 4
7;8;9;15;16;17;18;22 25;31;33;36;39;40
5 2
1 6;10;12;21;32
1 11;13;14;19;20;24
1 7;8;9;15;16;17;18;22
1 5
0 1
9 #edges, tree 69
25;31;33;36;39;40 41;42;43;44;45;46
11;13;14;19;20;24 4
7;8;9;15;16;17;18;22 25;31;33;36;39;40
2 5
1 6;10;12;21;32
1 11;13;14;19;20;24
1 7;8;9;15;16;17;18;22
1 2
0 1
9 #edges, tree 70
25;31;33;36;39;40 41;42;43;44;45;46
7;8;9;15;16;17;18;22 25;31;33;36;39;40
7;8;9;15;16;17;18;22 4
2 5
1 6;10;12;21;32
1 11;13;14;19;20;24
1 7;8;9;15;16;17;18;22
1 2
0 1
9 #edges, tree 71
25;31;33;36;39;40 41;42;43;44;45;46
6;10;12;21;32 4
7;8;9;15;16;17;18;22 25;31;33;36;39;40
2 5
1 6;10;12;21;32
1 11;13;14;19;20;24
1 7;8;9;15;16;17;18;22
1 2
0 1
9 #edges, tree 72
25;31;33;36;39;40 41;42;43;44;45;46
7;8;9;15;16;17;18;22 25;31;33;36;39;40
4 5
1 6;10;12;21;32
1 11;13;14;19;20;24
1 7;8;9;15;16;17;18;22
1 4
1 2
0 1
9 #edges, tree 73
25;31;33;36;39;40 41;42;43;44;45;46
7;8;9;15;16;17;18;22 25;31;33;36;39;40
2 5
1 6;10;12;21;32
1 11;13;14;19;20;24
1 7;8;9;15;16;17;18;22
1 4
1 2
0 1
9 #edges, tree 74
25;31;33;36;39;40 41;42;43;44;45;46
7;8;9;15;16;17;18;22 25;31;33;36;39;40
4 5
2 4
1 6;10;12;21;32
1 11;13;14;19;20;24
1 7;8;9;15;16;17;18;22
1 2
0 1
9 #edges, tree 75
25;31;33;36;39;40 41;42;43;44;45;46
7;8;9;15;16;17;18;22 25;31;33;36;39;40
2 5
2 4
1 6;10;12;21;32
1 11;13;14;19;20;24
1 7;8;9;15;16;17;18;22
1 2
0 1
9 #edges, tree 76
25;31;33;36;39;40 41;42;43;44;45;46
7;8;9;15;16;17;18;22 25;31;33;36;39;40
5 4
2 5
1 6;10;12;21;32
1 11;13;14;19;20;24
1 7;8;9;15;16;17;18;22
1 2
0 1
9 #edges, tree 77
25;31;33;36;39;40 41;42;43;44;45;46
25;31;33;36;39;40 4
7;8;9;15;16;17;18;22 25;31;33;36;39;40
2 5
1 6;10;12;21;32
1 11;13;14;19;20;24
1 7;8;9;15;16;17;18;22
1 2
0 1
9 #edges, tree 78
41;42;43;44;45;46 4
25;31;33;36;39;40 41;42;43;44;45;46
7;8;9;15;16;17;18;22 25;31;33;36;39;40
2 5
1 6;10;12;21;32
1 11;13;14;19;20;24
1 7;8;9;15;16;17;18;22
1 2
0 1
