# 9 out of 9 mutations
162 #trees
8 #edges, tree 1
8;11;16;17 21
7 4
0 6;9;12;13;15;22;29;31;33
0 5;10;14;30
0 8;11;16;17
0 7
0 3
0 1
8 #edges, tree 2
0 1
0 3
0 7
0 8;11;16;17
0 5;10;14;30
0 6;9;12;13;15;22;29;31;33
4 21
7 4
8 #edges, tree 3
7 4
3 21
0 6;9;12;13;15;22;29;31;33
0 5;10;14;30
0 8;11;16;17
0 7
0 3
0 1
8 #edges, tree 4
5;10;14;30 21
7 4
0 6;9;12;13;15;22;29;31;33
0 5;10;14;30
0 8;11;16;17
0 7
0 3
0 1
8 #edges, tree 5
0 1
0 3
0 7
0 8;11;16;17
0 21
0 5;10;14;30
0 6;9;12;13;15;22;29;31;33
7 4
8 #edges, tree 6
0 1
0 3
0 7
0 8;11;16;17
0 5;10;14;30
0 6;9;12;13;15;22;29;31;33
1 21
7 4
8 #edges, tree 7
0 1
0 3
0 7
0 8;11;16;17
0 5;10;14;30
0 6;9;12;13;15;22;29;31;33
7 4
7 21
8 #edges, tree 8
0 1
0 3
0 4
0 8;11;16;17
0 5;10;14;30
0 6;9;12;13;15;22;29;31;33
1 21
4 7
8 #edges, tree 9
8;11;16;17 21
4 7
0 6;9;12;13;15;22;29;31;33
0 5;10;14;30
0 8;11;16;17
0 4
0 3
0 1
8 #edges, tree 10
4 7
0 6;9;12;13;15;22;29;31;33
0 5;10;14;30
0 21
0 8;11;16;17
0 4
0 3
0 1
8 #edges, tree 11
4 7
3 21
0 6;9;12;13;15;22;29;31;33
0 5;10;14;30
0 8;11;16;17
0 4
0 3
0 1
8 #edges, tree 12
5;10;14;30 21
4 7
0 6;9;12;13;15;22;29;31;33
0 5;10;14;30
0 8;11;16;17
0 4
0 3
0 1
8 #edges, tree 13
7 21
4 7
0 6;9;12;13;15;22;29;31;33
0 5;10;14;30
0 8;11;16;17
0 4
0 3
0 1
8 #edges, tree 14
4 21
4 7
0 6;9;12;13;15;22;29;31;33
0 5;10;14;30
0 8;11;16;17
0 4
0 3
0 1
8 #edges, tree 15
4 7
4 3
1 21
0 6;9;12;13;15;22;29;31;33
0 5;10;14;30
0 8;11;16;17
0 4
0 1
8 #edges, tree 16
4 7
4 3
0 6;9;12;13;15;22;29;31;33
0 5;10;14;30
0 21
0 8;11;16;17
0 4
0 1
8 #edges, tree 17
0 1
0 4
0 8;11;16;17
0 5;10;14;30
0 6;9;12;13;15;22;29;31;33
4 3
4 7
4 21
8 #edges, tree 18
0 1
0 4
0 8;11;16;17
0 5;10;14;30
0 6;9;12;13;15;22;29;31;33
4 3
4 7
8;11;16;17 21
8 #edges, tree 19
0 1
0 4
0 8;11;16;17
0 5;10;14;30
0 6;9;12;13;15;22;29;31;33
4 3
4 7
7 21
8 #edges, tree 20
0 1
0 4
0 8;11;16;17
0 5;10;14;30
0 6;9;12;13;15;22;29;31;33
4 3
4 7
5;10;14;30 21
8 #edges, tree 21
0 1
0 4
0 8;11;16;17
0 5;10;14;30
0 6;9;12;13;15;22;29;31;33
3 21
4 3
4 7
8 #edges, tree 22
0 3
0 4
0 8;11;16;17
0 21
0 5;10;14;30
0 6;9;12;13;15;22;29;31;33
4 1
4 7
8 #edges, tree 23
0 3
0 4
0 8;11;16;17
0 21
0 5;10;14;30
0 6;9;12;13;15;22;29;31;33
4 7
21 1
8 #edges, tree 24
0 3
0 4
0 8;11;16;17
0 21
0 5;10;14;30
0 6;9;12;13;15;22;29;31;33
3 1
4 7
8 #edges, tree 25
0 3
0 4
0 8;11;16;17
0 21
0 5;10;14;30
0 6;9;12;13;15;22;29;31;33
4 7
8;11;16;17 1
8 #edges, tree 26
0 3
0 4
0 8;11;16;17
0 21
0 5;10;14;30
0 6;9;12;13;15;22;29;31;33
4 7
5;10;14;30 1
8 #edges, tree 27
0 3
0 4
0 8;11;16;17
0 21
0 5;10;14;30
0 6;9;12;13;15;22;29;31;33
4 7
6;9;12;13;15;22;29;31;33 1
8 #edges, tree 28
0 3
0 4
0 8;11;16;17
0 21
0 5;10;14;30
0 6;9;12;13;15;22;29;31;33
4 7
7 1
8 #edges, tree 29
0 4
0 8;11;16;17
0 21
0 5;10;14;30
0 6;9;12;13;15;22;29;31;33
4 3
4 7
7 1
8 #edges, tree 30
0 4
0 8;11;16;17
0 21
0 5;10;14;30
0 6;9;12;13;15;22;29;31;33
4 3
4 7
5;10;14;30 1
8 #edges, tree 31
0 4
0 8;11;16;17
0 21
0 5;10;14;30
0 6;9;12;13;15;22;29;31;33
4 3
4 7
21 1
8 #edges, tree 32
0 4
0 8;11;16;17
0 21
0 5;10;14;30
0 6;9;12;13;15;22;29;31;33
4 1
4 3
4 7
8 #edges, tree 33
6;9;12;13;15;22;29;31;33 1
4 7
4 3
0 6;9;12;13;15;22;29;31;33
0 5;10;14;30
0 21
0 8;11;16;17
0 4
8 #edges, tree 34
4 7
4 3
3 1
0 6;9;12;13;15;22;29;31;33
0 5;10;14;30
0 21
0 8;11;16;17
0 4
8 #edges, tree 35
8;11;16;17 1
4 7
4 3
0 6;9;12;13;15;22;29;31;33
0 5;10;14;30
0 21
0 8;11;16;17
0 4
8 #edges, tree 36
6;9;12;13;15;22;29;31;33 1
7 4
0 6;9;12;13;15;22;29;31;33
0 5;10;14;30
0 21
0 8;11;16;17
0 7
0 3
8 #edges, tree 37
21 1
7 4
0 6;9;12;13;15;22;29;31;33
0 5;10;14;30
0 21
0 8;11;16;17
0 7
0 3
8 #edges, tree 38
7 4
4 1
0 6;9;12;13;15;22;29;31;33
0 5;10;14;30
0 21
0 8;11;16;17
0 7
0 3
8 #edges, tree 39
7 4
7 1
0 6;9;12;13;15;22;29;31;33
0 5;10;14;30
0 21
0 8;11;16;17
0 7
0 3
8 #edges, tree 40
5;10;14;30 1
7 4
0 6;9;12;13;15;22;29;31;33
0 5;10;14;30
0 21
0 8;11;16;17
0 7
0 3
8 #edges, tree 41
7 4
3 1
0 6;9;12;13;15;22;29;31;33
0 5;10;14;30
0 21
0 8;11;16;17
0 7
0 3
8 #edges, tree 42
8;11;16;17 1
7 4
0 6;9;12;13;15;22;29;31;33
0 5;10;14;30
0 21
0 8;11;16;17
0 7
0 3
8 #edges, tree 43
7 21
4 7
4 1
0 6;9;12;13;15;22;29;31;33
0 5;10;14;30
0 8;11;16;17
0 4
0 3
8 #edges, tree 44
21 1
7 21
4 7
0 6;9;12;13;15;22;29;31;33
0 5;10;14;30
0 8;11;16;17
0 4
0 3
8 #edges, tree 45
7 21
4 7
3 1
0 6;9;12;13;15;22;29;31;33
0 5;10;14;30
0 8;11;16;17
0 4
0 3
8 #edges, tree 46
8;11;16;17 1
7 21
4 7
0 6;9;12;13;15;22;29;31;33
0 5;10;14;30
0 8;11;16;17
0 4
0 3
8 #edges, tree 47
5;10;14;30 1
7 21
4 7
0 6;9;12;13;15;22;29;31;33
0 5;10;14;30
0 8;11;16;17
0 4
0 3
8 #edges, tree 48
6;9;12;13;15;22;29;31;33 1
7 21
4 7
0 6;9;12;13;15;22;29;31;33
0 5;10;14;30
0 8;11;16;17
0 4
0 3
8 #edges, tree 49
7 21
7 1
4 7
0 6;9;12;13;15;22;29;31;33
0 5;10;14;30
0 8;11;16;17
0 4
0 3
8 #edges, tree 50
7 1
4 7
3 21
0 6;9;12;13;15;22;29;31;33
0 5;10;14;30
0 8;11;16;17
0 4
0 3
8 #edges, tree 51
4 7
3 21
3 1
0 6;9;12;13;15;22;29;31;33
0 5;10;14;30
0 8;11;16;17
0 4
0 3
8 #edges, tree 52
4 7
4 1
3 21
0 6;9;12;13;15;22;29;31;33
0 5;10;14;30
0 8;11;16;17
0 4
0 3
8 #edges, tree 53
21 1
4 7
3 21
0 6;9;12;13;15;22;29;31;33
0 5;10;14;30
0 8;11;16;17
0 4
0 3
8 #edges, tree 54
8;11;16;17 1
4 7
3 21
0 6;9;12;13;15;22;29;31;33
0 5;10;14;30
0 8;11;16;17
0 4
0 3
8 #edges, tree 55
5;10;14;30 1
4 7
3 21
0 6;9;12;13;15;22;29;31;33
0 5;10;14;30
0 8;11;16;17
0 4
0 3
8 #edges, tree 56
6;9;12;13;15;22;29;31;33 1
4 7
3 21
0 6;9;12;13;15;22;29;31;33
0 5;10;14;30
0 8;11;16;17
0 4
0 3
8 #edges, tree 57
4 21
4 7
3 1
0 6;9;12;13;15;22;29;31;33
0 5;10;14;30
0 8;11;16;17
0 4
0 3
8 #edges, tree 58
8;11;16;17 21
4 7
3 1
0 6;9;12;13;15;22;29;31;33
0 5;10;14;30
0 8;11;16;17
0 4
0 3
8 #edges, tree 59
5;10;14;30 21
4 7
3 1
0 6;9;12;13;15;22;29;31;33
0 5;10;14;30
0 8;11;16;17
0 4
0 3
8 #edges, tree 60
4 7
3 1
1 21
0 6;9;12;13;15;22;29;31;33
0 5;10;14;30
0 8;11;16;17
0 4
0 3
8 #edges, tree 61
7 1
4 21
4 7
0 6;9;12;13;15;22;29;31;33
0 5;10;14;30
0 8;11;16;17
0 4
0 3
8 #edges, tree 62
7 1
4 7
1 21
0 6;9;12;13;15;22;29;31;33
0 5;10;14;30
0 8;11;16;17
0 4
0 3
8 #edges, tree 63
8;11;16;17 21
7 1
4 7
0 6;9;12;13;15;22;29;31;33
0 5;10;14;30
0 8;11;16;17
0 4
0 3
8 #edges, tree 64
5;10;14;30 21
7 1
4 7
0 6;9;12;13;15;22;29;31;33
0 5;10;14;30
0 8;11;16;17
0 4
0 3
8 #edges, tree 65
0 3
0 4
0 8;11;16;17
0 5;10;14;30
0 6;9;12;13;15;22;29;31;33
4 7
4 21
21 1
8 #edges, tree 66
0 3
0 4
0 8;11;16;17
0 5;10;14;30
0 6;9;12;13;15;22;29;31;33
4 7
4 21
5;10;14;30 1
8 #edges, tree 67
0 3
0 4
0 8;11;16;17
0 5;10;14;30
0 6;9;12;13;15;22;29;31;33
4 1
4 7
4 21
8 #edges, tree 68
0 3
0 4
0 8;11;16;17
0 5;10;14;30
0 6;9;12;13;15;22;29;31;33
4 7
4 21
6;9;12;13;15;22;29;31;33 1
8 #edges, tree 69
0 3
0 4
0 8;11;16;17
0 5;10;14;30
0 6;9;12;13;15;22;29;31;33
4 7
4 21
8;11;16;17 1
8 #edges, tree 70
0 3
0 4
0 8;11;16;17
0 5;10;14;30
0 6;9;12;13;15;22;29;31;33
1 21
4 1
4 7
8 #edges, tree 71
0 3
0 4
0 8;11;16;17
0 5;10;14;30
0 6;9;12;13;15;22;29;31;33
4 1
4 7
5;10;14;30 21
8 #edges, tree 72
0 3
0 4
0 8;11;16;17
0 5;10;14;30
0 6;9;12;13;15;22;29;31;33
4 1
4 7
8;11;16;17 21
8 #edges, tree 73
0 3
0 4
0 8;11;16;17
0 5;10;14;30
0 6;9;12;13;15;22;29;31;33
4 7
5;10;14;30 21
6;9;12;13;15;22;29;31;33 1
8 #edges, tree 74
0 3
0 4
0 8;11;16;17
0 5;10;14;30
0 6;9;12;13;15;22;29;31;33
4 7
8;11;16;17 21
6;9;12;13;15;22;29;31;33 1
8 #edges, tree 75
0 3
0 4
0 8;11;16;17
0 5;10;14;30
0 6;9;12;13;15;22;29;31;33
4 7
21 1
5;10;14;30 21
8 #edges, tree 76
0 3
0 4
0 8;11;16;17
0 5;10;14;30
0 6;9;12;13;15;22;29;31;33
4 7
5;10;14;30 1
5;10;14;30 21
8 #edges, tree 77
0 3
0 4
0 8;11;16;17
0 5;10;14;30
0 6;9;12;13;15;22;29;31;33
4 7
8;11;16;17 1
5;10;14;30 21
8 #edges, tree 78
0 3
0 4
0 8;11;16;17
0 5;10;14;30
0 6;9;12;13;15;22;29;31;33
4 7
8;11;16;17 21
5;10;14;30 1
8 #edges, tree 79
0 3
0 4
0 8;11;16;17
0 5;10;14;30
0 6;9;12;13;15;22;29;31;33
1 21
4 7
5;10;14;30 1
8 #edges, tree 80
0 3
0 4
0 8;11;16;17
0 5;10;14;30
0 6;9;12;13;15;22;29;31;33
4 7
8;11;16;17 1
8;11;16;17 21
8 #edges, tree 81
0 3
0 4
0 8;11;16;17
0 5;10;14;30
0 6;9;12;13;15;22;29;31;33
4 7
8;11;16;17 21
21 1
8 #edges, tree 82
0 3
0 4
0 8;11;16;17
0 5;10;14;30
0 6;9;12;13;15;22;29;31;33
1 21
4 7
8;11;16;17 1
8 #edges, tree 83
0 3
0 7
0 8;11;16;17
0 5;10;14;30
0 6;9;12;13;15;22;29;31;33
3 21
7 4
8;11;16;17 1
8 #edges, tree 84
0 3
0 7
0 8;11;16;17
0 5;10;14;30
0 6;9;12;13;15;22;29;31;33
3 21
7 4
21 1
8 #edges, tree 85
0 3
0 7
0 8;11;16;17
0 5;10;14;30
0 6;9;12;13;15;22;29;31;33
3 1
3 21
7 4
8 #edges, tree 86
0 3
0 7
0 8;11;16;17
0 5;10;14;30
0 6;9;12;13;15;22;29;31;33
3 21
7 4
5;10;14;30 1
8 #edges, tree 87
0 3
0 7
0 8;11;16;17
0 5;10;14;30
0 6;9;12;13;15;22;29;31;33
3 21
7 4
6;9;12;13;15;22;29;31;33 1
8 #edges, tree 88
0 3
0 7
0 8;11;16;17
0 5;10;14;30
0 6;9;12;13;15;22;29;31;33
3 21
7 1
7 4
8 #edges, tree 89
0 3
0 7
0 8;11;16;17
0 5;10;14;30
0 6;9;12;13;15;22;29;31;33
3 21
4 1
7 4
8 #edges, tree 90
0 3
0 7
0 8;11;16;17
0 5;10;14;30
0 6;9;12;13;15;22;29;31;33
1 21
7 1
7 4
8 #edges, tree 91
0 3
0 7
0 8;11;16;17
0 5;10;14;30
0 6;9;12;13;15;22;29;31;33
7 1
7 4
7 21
8 #edges, tree 92
0 3
0 7
0 8;11;16;17
0 5;10;14;30
0 6;9;12;13;15;22;29;31;33
4 21
7 1
7 4
8 #edges, tree 93
0 3
0 7
0 8;11;16;17
0 5;10;14;30
0 6;9;12;13;15;22;29;31;33
7 1
7 4
8;11;16;17 21
8 #edges, tree 94
0 3
0 7
0 8;11;16;17
0 5;10;14;30
0 6;9;12;13;15;22;29;31;33
7 1
7 4
5;10;14;30 21
8 #edges, tree 95
0 3
0 7
0 8;11;16;17
0 5;10;14;30
0 6;9;12;13;15;22;29;31;33
7 4
5;10;14;30 1
5;10;14;30 21
8 #edges, tree 96
0 3
0 7
0 8;11;16;17
0 5;10;14;30
0 6;9;12;13;15;22;29;31;33
4 21
7 4
5;10;14;30 1
8 #edges, tree 97
0 3
0 7
0 8;11;16;17
0 5;10;14;30
0 6;9;12;13;15;22;29;31;33
7 4
8;11;16;17 21
5;10;14;30 1
8 #edges, tree 98
0 3
0 7
0 8;11;16;17
0 5;10;14;30
0 6;9;12;13;15;22;29;31;33
7 4
7 21
5;10;14;30 1
8 #edges, tree 99
0 3
0 7
0 8;11;16;17
0 5;10;14;30
0 6;9;12;13;15;22;29;31;33
1 21
7 4
5;10;14;30 1
8 #edges, tree 100
0 3
0 7
0 8;11;16;17
0 5;10;14;30
0 6;9;12;13;15;22;29;31;33
4 21
7 4
6;9;12;13;15;22;29;31;33 1
8 #edges, tree 101
0 3
0 7
0 8;11;16;17
0 5;10;14;30
0 6;9;12;13;15;22;29;31;33
4 1
4 21
7 4
8 #edges, tree 102
0 3
0 7
0 8;11;16;17
0 5;10;14;30
0 6;9;12;13;15;22;29;31;33
4 21
7 4
8;11;16;17 1
8 #edges, tree 103
0 3
0 7
0 8;11;16;17
0 5;10;14;30
0 6;9;12;13;15;22;29;31;33
3 1
4 21
7 4
8 #edges, tree 104
0 3
0 7
0 8;11;16;17
0 5;10;14;30
0 6;9;12;13;15;22;29;31;33
4 21
7 4
21 1
8 #edges, tree 105
0 3
0 7
0 8;11;16;17
0 5;10;14;30
0 6;9;12;13;15;22;29;31;33
1 21
4 1
7 4
8 #edges, tree 106
0 3
0 7
0 8;11;16;17
0 5;10;14;30
0 6;9;12;13;15;22;29;31;33
4 1
7 4
7 21
8 #edges, tree 107
0 3
0 7
0 8;11;16;17
0 5;10;14;30
0 6;9;12;13;15;22;29;31;33
4 1
7 4
5;10;14;30 21
8 #edges, tree 108
0 3
0 7
0 8;11;16;17
0 5;10;14;30
0 6;9;12;13;15;22;29;31;33
4 1
7 4
8;11;16;17 21
8 #edges, tree 109
0 3
0 7
0 8;11;16;17
0 5;10;14;30
0 6;9;12;13;15;22;29;31;33
7 4
7 21
6;9;12;13;15;22;29;31;33 1
8 #edges, tree 110
0 3
0 7
0 8;11;16;17
0 5;10;14;30
0 6;9;12;13;15;22;29;31;33
3 1
7 4
7 21
8 #edges, tree 111
0 3
0 7
0 8;11;16;17
0 5;10;14;30
0 6;9;12;13;15;22;29;31;33
7 4
7 21
21 1
8 #edges, tree 112
0 3
0 7
0 8;11;16;17
0 5;10;14;30
0 6;9;12;13;15;22;29;31;33
7 4
7 21
8;11;16;17 1
8 #edges, tree 113
0 3
0 7
0 8;11;16;17
0 5;10;14;30
0 6;9;12;13;15;22;29;31;33
3 1
7 4
8;11;16;17 21
8 #edges, tree 114
0 3
0 7
0 8;11;16;17
0 5;10;14;30
0 6;9;12;13;15;22;29;31;33
1 21
3 1
7 4
8 #edges, tree 115
0 3
0 7
0 8;11;16;17
0 5;10;14;30
0 6;9;12;13;15;22;29;31;33
3 1
7 4
5;10;14;30 21
8 #edges, tree 116
0 3
0 7
0 8;11;16;17
0 5;10;14;30
0 6;9;12;13;15;22;29;31;33
7 4
8;11;16;17 1
8;11;16;17 21
8 #edges, tree 117
0 3
0 7
0 8;11;16;17
0 5;10;14;30
0 6;9;12;13;15;22;29;31;33
1 21
7 4
8;11;16;17 1
8 #edges, tree 118
0 3
0 7
0 8;11;16;17
0 5;10;14;30
0 6;9;12;13;15;22;29;31;33
7 4
8;11;16;17 1
5;10;14;30 21
8 #edges, tree 119
0 3
0 7
0 8;11;16;17
0 5;10;14;30
0 6;9;12;13;15;22;29;31;33
7 4
5;10;14;30 21
6;9;12;13;15;22;29;31;33 1
8 #edges, tree 120
0 3
0 7
0 8;11;16;17
0 5;10;14;30
0 6;9;12;13;15;22;29;31;33
7 4
21 1
5;10;14;30 21
8 #edges, tree 121
0 3
0 7
0 8;11;16;17
0 5;10;14;30
0 6;9;12;13;15;22;29;31;33
7 4
8;11;16;17 21
6;9;12;13;15;22;29;31;33 1
8 #edges, tree 122
0 3
0 7
0 8;11;16;17
0 5;10;14;30
0 6;9;12;13;15;22;29;31;33
7 4
8;11;16;17 21
21 1
8 #edges, tree 123
0 4
0 8;11;16;17
0 5;10;14;30
0 6;9;12;13;15;22;29;31;33
4 3
4 7
8;11;16;17 21
5;10;14;30 1
8 #edges, tree 124
0 4
0 8;11;16;17
0 5;10;14;30
0 6;9;12;13;15;22;29;31;33
1 21
4 3
4 7
5;10;14;30 1
8 #edges, tree 125
0 4
0 8;11;16;17
0 5;10;14;30
0 6;9;12;13;15;22;29;31;33
3 21
4 3
4 7
5;10;14;30 1
8 #edges, tree 126
0 4
0 8;11;16;17
0 5;10;14;30
0 6;9;12;13;15;22;29;31;33
4 3
4 7
5;10;14;30 1
5;10;14;30 21
8 #edges, tree 127
0 4
0 8;11;16;17
0 5;10;14;30
0 6;9;12;13;15;22;29;31;33
4 3
4 7
7 21
5;10;14;30 1
8 #edges, tree 128
0 4
0 8;11;16;17
0 5;10;14;30
0 6;9;12;13;15;22;29;31;33
4 3
4 7
4 21
5;10;14;30 1
8 #edges, tree 129
5;10;14;30 21
8;11;16;17 1
4 7
4 3
0 6;9;12;13;15;22;29;31;33
0 5;10;14;30
0 8;11;16;17
0 4
8 #edges, tree 130
8;11;16;17 1
4 7
4 3
1 21
0 6;9;12;13;15;22;29;31;33
0 5;10;14;30
0 8;11;16;17
0 4
8 #edges, tree 131
8;11;16;17 21
8;11;16;17 1
4 7
4 3
0 6;9;12;13;15;22;29;31;33
0 5;10;14;30
0 8;11;16;17
0 4
8 #edges, tree 132
8;11;16;17 1
7 21
4 7
4 3
0 6;9;12;13;15;22;29;31;33
0 5;10;14;30
0 8;11;16;17
0 4
8 #edges, tree 133
8;11;16;17 1
4 21
4 7
4 3
0 6;9;12;13;15;22;29;31;33
0 5;10;14;30
0 8;11;16;17
0 4
8 #edges, tree 134
8;11;16;17 1
4 7
4 3
3 21
0 6;9;12;13;15;22;29;31;33
0 5;10;14;30
0 8;11;16;17
0 4
8 #edges, tree 135
5;10;14;30 21
21 1
4 7
4 3
0 6;9;12;13;15;22;29;31;33
0 5;10;14;30
0 8;11;16;17
0 4
8 #edges, tree 136
6;9;12;13;15;22;29;31;33 1
5;10;14;30 21
4 7
4 3
0 6;9;12;13;15;22;29;31;33
0 5;10;14;30
0 8;11;16;17
0 4
8 #edges, tree 137
5;10;14;30 21
4 7
4 3
3 1
0 6;9;12;13;15;22;29;31;33
0 5;10;14;30
0 8;11;16;17
0 4
8 #edges, tree 138
5;10;14;30 21
4 7
4 3
4 1
0 6;9;12;13;15;22;29;31;33
0 5;10;14;30
0 8;11;16;17
0 4
8 #edges, tree 139
5;10;14;30 21
7 1
4 7
4 3
0 6;9;12;13;15;22;29;31;33
0 5;10;14;30
0 8;11;16;17
0 4
8 #edges, tree 140
6;9;12;13;15;22;29;31;33 1
8;11;16;17 21
4 7
4 3
0 6;9;12;13;15;22;29;31;33
0 5;10;14;30
0 8;11;16;17
0 4
8 #edges, tree 141
21 1
8;11;16;17 21
4 7
4 3
0 6;9;12;13;15;22;29;31;33
0 5;10;14;30
0 8;11;16;17
0 4
8 #edges, tree 142
8;11;16;17 21
4 7
4 3
4 1
0 6;9;12;13;15;22;29;31;33
0 5;10;14;30
0 8;11;16;17
0 4
8 #edges, tree 143
8;11;16;17 21
7 1
4 7
4 3
0 6;9;12;13;15;22;29;31;33
0 5;10;14;30
0 8;11;16;17
0 4
8 #edges, tree 144
8;11;16;17 21
4 7
4 3
3 1
0 6;9;12;13;15;22;29;31;33
0 5;10;14;30
0 8;11;16;17
0 4
8 #edges, tree 145
6;9;12;13;15;22;29;31;33 1
4 7
4 3
3 21
0 6;9;12;13;15;22;29;31;33
0 5;10;14;30
0 8;11;16;17
0 4
8 #edges, tree 146
6;9;12;13;15;22;29;31;33 1
4 21
4 7
4 3
0 6;9;12;13;15;22;29;31;33
0 5;10;14;30
0 8;11;16;17
0 4
8 #edges, tree 147
6;9;12;13;15;22;29;31;33 1
7 21
4 7
4 3
0 6;9;12;13;15;22;29;31;33
0 5;10;14;30
0 8;11;16;17
0 4
8 #edges, tree 148
21 1
4 21
4 7
4 3
0 6;9;12;13;15;22;29;31;33
0 5;10;14;30
0 8;11;16;17
0 4
8 #edges, tree 149
4 21
4 7
4 3
4 1
0 6;9;12;13;15;22;29;31;33
0 5;10;14;30
0 8;11;16;17
0 4
8 #edges, tree 150
7 1
4 21
4 7
4 3
0 6;9;12;13;15;22;29;31;33
0 5;10;14;30
0 8;11;16;17
0 4
8 #edges, tree 151
4 21
4 7
4 3
3 1
0 6;9;12;13;15;22;29;31;33
0 5;10;14;30
0 8;11;16;17
0 4
8 #edges, tree 152
4 7
4 3
4 1
1 21
0 6;9;12;13;15;22;29;31;33
0 5;10;14;30
0 8;11;16;17
0 4
8 #edges, tree 153
7 21
4 7
4 3
4 1
0 6;9;12;13;15;22;29;31;33
0 5;10;14;30
0 8;11;16;17
0 4
8 #edges, tree 154
4 7
4 3
4 1
3 21
0 6;9;12;13;15;22;29;31;33
0 5;10;14;30
0 8;11;16;17
0 4
8 #edges, tree 155
4 7
4 3
3 21
3 1
0 6;9;12;13;15;22;29;31;33
0 5;10;14;30
0 8;11;16;17
0 4
8 #edges, tree 156
4 7
4 3
3 1
1 21
0 6;9;12;13;15;22;29;31;33
0 5;10;14;30
0 8;11;16;17
0 4
8 #edges, tree 157
7 21
4 7
4 3
3 1
0 6;9;12;13;15;22;29;31;33
0 5;10;14;30
0 8;11;16;17
0 4
8 #edges, tree 158
7 21
7 1
4 7
4 3
0 6;9;12;13;15;22;29;31;33
0 5;10;14;30
0 8;11;16;17
0 4
8 #edges, tree 159
21 1
7 21
4 7
4 3
0 6;9;12;13;15;22;29;31;33
0 5;10;14;30
0 8;11;16;17
0 4
8 #edges, tree 160
21 1
4 7
4 3
3 21
0 6;9;12;13;15;22;29;31;33
0 5;10;14;30
0 8;11;16;17
0 4
8 #edges, tree 161
7 1
4 7
4 3
3 21
0 6;9;12;13;15;22;29;31;33
0 5;10;14;30
0 8;11;16;17
0 4
8 #edges, tree 162
7 1
4 7
4 3
1 21
0 6;9;12;13;15;22;29;31;33
0 5;10;14;30
0 8;11;16;17
0 4
