### 679 trees
# tree 1
0	1
1	3
15	6
6	7
1	8
14	10
0	11
20	12
20	14
20	15
1	20
11	2
12	4
7	5
3	9
12	13
8	16
3	17
6	18
10	19
# tree 2
0	1
20	15
15	6
20	14
1	20
0	11
6	7
1	3
20	12
1	8
14	10
11	2
7	5
3	9
12	13
8	16
3	17
6	18
10	19
20	4
# tree 3
0	1
20	15
15	6
20	14
1	20
0	11
6	7
1	3
20	12
1	8
14	10
11	2
7	5
3	9
12	13
8	16
3	17
6	18
10	19
1	4
# tree 4
0	1
20	15
15	6
20	14
1	20
0	11
20	12
1	3
1	8
14	10
6	7
11	2
12	4
3	9
12	13
8	16
3	17
6	18
10	19
15	5
# tree 5
0	1
20	15
15	6
20	14
1	20
0	11
20	12
1	3
1	8
14	10
6	7
11	2
12	4
3	9
12	13
8	16
3	17
6	18
10	19
6	5
# tree 6
0	1
20	15
15	6
20	14
1	20
0	11
20	12
1	3
1	8
14	10
6	7
11	2
12	4
3	9
12	13
8	16
3	17
6	18
10	19
20	5
# tree 7
0	1
20	15
15	6
20	14
1	20
0	11
20	12
1	3
1	8
14	10
6	7
11	2
12	4
3	9
12	13
8	16
3	17
6	18
10	19
1	5
# tree 8
0	1
20	15
20	14
1	20
0	11
20	12
15	7
1	3
1	8
15	6
14	10
11	2
12	4
7	5
3	9
12	13
8	16
3	17
6	18
10	19
# tree 9
0	1
20	15
15	6
20	14
1	20
0	11
20	12
6	7
1	8
1	3
14	10
11	2
12	4
7	5
12	13
8	16
3	17
6	18
10	19
1	9
# tree 10
0	1
20	15
15	6
1	20
0	11
20	12
6	7
1	3
1	8
20	10
20	14
11	2
12	4
7	5
3	9
12	13
8	16
3	17
6	18
10	19
# tree 11
0	1
20	15
15	6
1	20
0	11
20	12
6	7
1	3
1	8
1	10
20	14
11	2
12	4
7	5
3	9
12	13
8	16
3	17
6	18
10	19
# tree 12
0	1
20	15
15	6
20	14
1	20
0	11
20	12
6	7
1	3
1	8
14	10
11	2
12	4
7	5
3	9
8	16
3	17
6	18
10	19
20	13
# tree 13
0	1
20	15
15	6
20	14
1	20
0	11
20	12
6	7
1	3
1	8
14	10
11	2
12	4
7	5
3	9
8	16
3	17
6	18
10	19
1	13
# tree 14
0	1
20	15
15	6
20	14
1	20
0	11
20	12
6	7
1	3
1	8
14	10
11	2
12	4
7	5
3	9
12	13
8	16
3	17
10	19
15	18
# tree 15
0	1
20	15
15	6
20	14
1	20
0	11
20	12
6	7
1	3
1	8
14	10
11	2
12	4
7	5
3	9
12	13
8	16
3	17
10	19
20	18
# tree 16
0	1
20	15
15	6
20	14
1	20
0	11
20	12
6	7
1	3
1	8
14	10
11	2
12	4
7	5
3	9
12	13
8	16
3	17
10	19
1	18
# tree 17
0	1
20	15
15	6
20	14
1	20
0	11
20	12
6	7
1	3
1	8
14	10
11	2
12	4
7	5
3	9
12	13
8	16
3	17
6	18
14	19
# tree 18
0	1
20	15
15	6
20	14
1	20
0	11
20	12
6	7
1	3
1	8
14	10
11	2
12	4
7	5
3	9
12	13
8	16
3	17
6	18
20	19
# tree 19
0	1
20	15
15	6
20	14
1	20
0	11
20	12
6	7
1	3
1	8
14	10
11	2
12	4
7	5
3	9
12	13
8	16
3	17
6	18
1	19
# tree 20
1	20
0	1
20	15
20	14
0	11
20	12
15	7
1	8
1	3
15	6
14	10
11	2
12	4
7	5
12	13
8	16
3	17
6	18
10	19
1	9
# tree 21
1	20
0	1
20	15
0	11
20	12
15	7
1	3
1	8
15	6
20	10
20	14
11	2
12	4
7	5
3	9
12	13
8	16
3	17
6	18
10	19
# tree 22
1	20
0	1
20	15
0	11
20	12
15	7
1	3
1	8
15	6
1	10
20	14
11	2
12	4
7	5
3	9
12	13
8	16
3	17
6	18
10	19
# tree 23
1	20
0	1
20	15
20	14
0	11
20	12
15	7
1	3
1	8
15	6
14	10
11	2
12	4
7	5
3	9
8	16
3	17
6	18
10	19
20	13
# tree 24
1	20
0	1
20	15
20	14
0	11
20	12
15	7
1	3
1	8
15	6
14	10
11	2
12	4
7	5
3	9
8	16
3	17
6	18
10	19
1	13
# tree 25
1	20
0	1
20	15
20	14
0	11
20	12
15	7
1	3
1	8
14	10
15	6
11	2
12	4
7	5
3	9
12	13
8	16
3	17
10	19
15	18
# tree 26
1	20
0	1
20	15
20	14
0	11
20	12
15	7
1	3
1	8
14	10
15	6
11	2
12	4
7	5
3	9
12	13
8	16
3	17
10	19
20	18
# tree 27
1	20
0	1
20	15
20	14
0	11
20	12
15	7
1	3
1	8
14	10
15	6
11	2
12	4
7	5
3	9
12	13
8	16
3	17
10	19
1	18
# tree 28
1	20
0	1
20	15
20	14
0	11
20	12
15	7
1	3
1	8
15	6
14	10
11	2
12	4
7	5
3	9
12	13
8	16
3	17
6	18
14	19
# tree 29
1	20
0	1
20	15
20	14
0	11
20	12
15	7
1	3
1	8
15	6
14	10
11	2
12	4
7	5
3	9
12	13
8	16
3	17
6	18
20	19
# tree 30
1	20
0	1
20	15
20	14
0	11
20	12
15	7
1	3
1	8
15	6
14	10
11	2
12	4
7	5
3	9
12	13
8	16
3	17
6	18
1	19
# tree 31
1	20
0	1
20	15
20	14
0	11
15	7
1	3
20	12
1	8
15	6
14	10
11	2
7	5
3	9
12	13
8	16
3	17
6	18
10	19
20	4
# tree 32
1	20
0	1
20	15
20	14
0	11
15	7
1	3
20	12
1	8
15	6
14	10
11	2
7	5
3	9
12	13
8	16
3	17
6	18
10	19
1	4
# tree 33
1	20
0	1
20	15
20	14
0	11
20	12
1	3
1	8
15	6
14	10
15	7
11	2
12	4
3	9
12	13
8	16
3	17
6	18
10	19
15	5
# tree 34
1	20
0	1
20	15
20	14
0	11
20	12
1	3
1	8
15	6
14	10
15	7
11	2
12	4
3	9
12	13
8	16
3	17
6	18
10	19
6	5
# tree 35
1	20
0	1
20	15
20	14
0	11
20	12
1	3
1	8
15	6
14	10
15	7
11	2
12	4
3	9
12	13
8	16
3	17
6	18
10	19
20	5
# tree 36
1	20
0	1
20	15
20	14
0	11
20	12
1	3
1	8
15	6
14	10
15	7
11	2
12	4
3	9
12	13
8	16
3	17
6	18
10	19
1	5
# tree 37
1	20
20	15
0	1
15	6
0	11
20	12
6	7
1	8
1	3
20	10
20	14
11	2
12	4
7	5
12	13
8	16
3	17
6	18
10	19
1	9
# tree 38
1	20
20	15
0	1
15	6
0	11
20	12
6	7
1	8
1	3
1	10
20	14
11	2
12	4
7	5
12	13
8	16
3	17
6	18
10	19
1	9
# tree 39
1	20
20	15
0	1
15	6
20	14
0	11
20	12
6	7
1	8
1	3
14	10
11	2
12	4
7	5
8	16
3	17
6	18
10	19
1	9
20	13
# tree 40
1	20
20	15
0	1
15	6
20	14
0	11
20	12
6	7
1	8
1	3
14	10
11	2
12	4
7	5
8	16
3	17
6	18
10	19
1	9
1	13
# tree 41
1	20
20	15
0	1
15	6
20	14
0	11
20	12
6	7
1	8
1	3
14	10
11	2
12	4
7	5
12	13
8	16
3	17
10	19
1	9
15	18
# tree 42
1	20
20	15
0	1
15	6
20	14
0	11
20	12
6	7
1	8
1	3
14	10
11	2
12	4
7	5
12	13
8	16
3	17
10	19
1	9
20	18
# tree 43
1	20
20	15
0	1
15	6
20	14
0	11
20	12
6	7
1	8
1	3
14	10
11	2
12	4
7	5
12	13
8	16
3	17
10	19
1	9
1	18
# tree 44
1	20
20	15
0	1
15	6
20	14
0	11
20	12
6	7
1	8
1	3
14	10
11	2
12	4
7	5
12	13
8	16
3	17
6	18
1	9
14	19
# tree 45
1	20
20	15
0	1
15	6
20	14
0	11
20	12
6	7
1	8
1	3
14	10
11	2
12	4
7	5
12	13
8	16
3	17
6	18
1	9
20	19
# tree 46
1	20
20	15
0	1
15	6
20	14
0	11
20	12
6	7
1	8
1	3
14	10
11	2
12	4
7	5
12	13
8	16
3	17
6	18
1	9
1	19
# tree 47
1	20
20	15
0	1
15	6
20	14
0	11
6	7
20	12
1	8
1	3
14	10
11	2
7	5
12	13
8	16
3	17
6	18
10	19
1	9
20	4
# tree 48
1	20
20	15
0	1
15	6
20	14
0	11
6	7
20	12
1	8
1	3
14	10
11	2
7	5
12	13
8	16
3	17
6	18
10	19
1	9
1	4
# tree 49
1	20
20	15
0	1
15	6
20	14
0	11
20	12
1	8
1	3
14	10
6	7
11	2
12	4
12	13
8	16
3	17
6	18
10	19
1	9
15	5
# tree 50
1	20
20	15
0	1
15	6
20	14
0	11
20	12
1	8
1	3
14	10
6	7
11	2
12	4
12	13
8	16
3	17
6	18
10	19
1	9
6	5
# tree 51
1	20
20	15
0	1
15	6
20	14
0	11
20	12
1	8
1	3
14	10
6	7
11	2
12	4
12	13
8	16
3	17
6	18
10	19
1	9
20	5
# tree 52
1	20
20	15
0	1
15	6
20	14
0	11
20	12
1	8
1	3
14	10
6	7
11	2
12	4
12	13
8	16
3	17
6	18
10	19
1	9
1	5
# tree 53
1	20
20	15
0	1
15	6
0	11
20	12
6	7
1	3
1	8
1	10
20	14
11	2
12	4
7	5
3	9
8	16
3	17
6	18
10	19
20	13
# tree 54
1	20
20	15
0	1
15	6
0	11
20	12
6	7
1	3
1	8
1	10
20	14
11	2
12	4
7	5
3	9
8	16
3	17
6	18
10	19
1	13
# tree 55
1	20
20	15
0	1
15	6
0	11
20	12
6	7
1	3
1	8
1	10
20	14
11	2
12	4
7	5
3	9
12	13
8	16
3	17
10	19
15	18
# tree 56
1	20
20	15
0	1
15	6
0	11
20	12
6	7
1	3
1	8
1	10
20	14
11	2
12	4
7	5
3	9
12	13
8	16
3	17
10	19
20	18
# tree 57
1	20
20	15
0	1
15	6
0	11
20	12
6	7
1	3
1	8
1	10
20	14
11	2
12	4
7	5
3	9
12	13
8	16
3	17
10	19
1	18
# tree 58
1	20
20	15
0	1
15	6
0	11
20	12
6	7
1	3
1	8
20	14
1	10
11	2
12	4
7	5
3	9
12	13
8	16
3	17
6	18
14	19
# tree 59
1	20
20	15
0	1
15	6
0	11
20	12
6	7
1	3
1	8
1	10
20	14
11	2
12	4
7	5
3	9
12	13
8	16
3	17
6	18
20	19
# tree 60
1	20
20	15
0	1
15	6
0	11
20	12
6	7
1	3
1	8
1	10
20	14
11	2
12	4
7	5
3	9
12	13
8	16
3	17
6	18
1	19
# tree 61
1	20
20	15
0	1
15	6
0	11
6	7
1	3
20	12
1	8
1	10
20	14
11	2
7	5
3	9
12	13
8	16
3	17
6	18
10	19
20	4
# tree 62
1	20
20	15
0	1
15	6
0	11
6	7
1	3
20	12
1	8
1	10
20	14
11	2
7	5
3	9
12	13
8	16
3	17
6	18
10	19
1	4
# tree 63
1	20
20	15
0	1
15	6
0	11
20	12
1	3
1	8
1	10
6	7
20	14
11	2
12	4
3	9
12	13
8	16
3	17
6	18
10	19
15	5
# tree 64
1	20
20	15
0	1
15	6
0	11
20	12
1	3
1	8
1	10
6	7
20	14
11	2
12	4
3	9
12	13
8	16
3	17
6	18
10	19
6	5
# tree 65
1	20
20	15
0	1
15	6
0	11
20	12
1	3
1	8
1	10
6	7
20	14
11	2
12	4
3	9
12	13
8	16
3	17
6	18
10	19
20	5
# tree 66
1	20
20	15
0	1
15	6
0	11
20	12
1	3
1	8
1	10
6	7
20	14
11	2
12	4
3	9
12	13
8	16
3	17
6	18
10	19
1	5
# tree 67
1	20
20	15
0	1
15	6
20	14
0	11
20	12
6	7
1	3
1	8
14	10
11	2
12	4
7	5
3	9
8	16
3	17
10	19
1	13
15	18
# tree 68
1	20
20	15
0	1
15	6
20	14
0	11
20	12
6	7
1	3
1	8
14	10
11	2
12	4
7	5
3	9
8	16
3	17
10	19
1	13
20	18
# tree 69
1	20
20	15
0	1
15	6
20	14
0	11
20	12
6	7
1	3
1	8
14	10
11	2
12	4
7	5
3	9
8	16
3	17
10	19
1	13
1	18
# tree 70
1	20
20	15
0	1
15	6
20	14
0	11
20	12
6	7
1	3
1	8
14	10
11	2
12	4
7	5
3	9
8	16
3	17
6	18
1	13
14	19
# tree 71
1	20
20	15
0	1
15	6
20	14
0	11
20	12
6	7
1	3
1	8
14	10
11	2
12	4
7	5
3	9
8	16
3	17
6	18
1	13
20	19
# tree 72
1	20
20	15
0	1
15	6
20	14
0	11
20	12
6	7
1	3
1	8
14	10
11	2
12	4
7	5
3	9
8	16
3	17
6	18
1	13
1	19
# tree 73
1	20
20	15
0	1
15	6
20	14
0	11
6	7
1	3
1	8
14	10
20	12
11	2
7	5
3	9
8	16
3	17
6	18
10	19
1	13
20	4
# tree 74
1	20
20	15
0	1
15	6
20	14
0	11
6	7
1	3
1	8
14	10
20	12
11	2
7	5
3	9
8	16
3	17
6	18
10	19
1	13
1	4
# tree 75
1	20
20	15
0	1
15	6
20	14
0	11
20	12
1	3
1	8
14	10
6	7
11	2
12	4
3	9
8	16
3	17
6	18
10	19
1	13
15	5
# tree 76
1	20
20	15
0	1
15	6
20	14
0	11
20	12
1	3
1	8
14	10
6	7
11	2
12	4
3	9
8	16
3	17
6	18
10	19
1	13
6	5
# tree 77
1	20
20	15
0	1
15	6
20	14
0	11
20	12
1	3
1	8
14	10
6	7
11	2
12	4
3	9
8	16
3	17
6	18
10	19
1	13
20	5
# tree 78
1	20
20	15
0	1
15	6
20	14
0	11
20	12
1	3
1	8
14	10
6	7
11	2
12	4
3	9
8	16
3	17
6	18
10	19
1	13
1	5
# tree 79
1	20
20	15
0	1
15	6
20	14
0	11
20	12
6	7
1	3
1	8
14	10
11	2
12	4
7	5
3	9
12	13
8	16
3	17
1	18
14	19
# tree 80
1	20
20	15
0	1
15	6
20	14
0	11
20	12
6	7
1	3
1	8
14	10
11	2
12	4
7	5
3	9
12	13
8	16
3	17
1	18
20	19
# tree 81
1	20
20	15
0	1
15	6
20	14
0	11
20	12
6	7
1	3
1	8
14	10
11	2
12	4
7	5
3	9
12	13
8	16
3	17
1	18
1	19
# tree 82
1	20
20	15
0	1
15	6
20	14
0	11
6	7
1	3
20	12
1	8
14	10
11	2
7	5
3	9
12	13
8	16
3	17
10	19
1	18
20	4
# tree 83
1	20
20	15
0	1
15	6
20	14
0	11
6	7
1	3
20	12
1	8
14	10
11	2
7	5
3	9
12	13
8	16
3	17
10	19
1	18
1	4
# tree 84
1	20
20	15
0	1
15	6
20	14
0	11
20	12
1	3
1	8
14	10
6	7
11	2
12	4
3	9
12	13
8	16
3	17
10	19
1	18
15	5
# tree 85
1	20
20	15
0	1
15	6
20	14
0	11
20	12
1	3
1	8
14	10
6	7
11	2
12	4
3	9
12	13
8	16
3	17
10	19
1	18
6	5
# tree 86
1	20
20	15
0	1
15	6
20	14
0	11
20	12
1	3
1	8
14	10
6	7
11	2
12	4
3	9
12	13
8	16
3	17
10	19
1	18
20	5
# tree 87
1	20
20	15
0	1
15	6
20	14
0	11
20	12
1	3
1	8
14	10
6	7
11	2
12	4
3	9
12	13
8	16
3	17
10	19
1	18
1	5
# tree 88
1	20
20	15
0	1
15	6
20	14
0	11
6	7
1	3
20	12
1	8
14	10
11	2
7	5
3	9
12	13
8	16
3	17
6	18
1	19
20	4
# tree 89
1	20
20	15
0	1
15	6
20	14
0	11
6	7
1	3
20	12
1	8
14	10
11	2
7	5
3	9
12	13
8	16
3	17
6	18
1	19
1	4
# tree 90
1	20
20	15
0	1
15	6
20	14
0	11
20	12
1	3
1	8
6	7
14	10
11	2
12	4
3	9
12	13
8	16
3	17
6	18
1	19
15	5
# tree 91
1	20
20	15
0	1
15	6
20	14
0	11
20	12
1	3
1	8
6	7
14	10
11	2
12	4
3	9
12	13
8	16
3	17
6	18
1	19
6	5
# tree 92
1	20
20	15
0	1
15	6
20	14
0	11
20	12
1	3
1	8
6	7
14	10
11	2
12	4
3	9
12	13
8	16
3	17
6	18
1	19
20	5
# tree 93
1	20
20	15
0	1
15	6
20	14
0	11
20	12
1	3
1	8
6	7
14	10
11	2
12	4
3	9
12	13
8	16
3	17
6	18
1	19
1	5
# tree 94
1	20
20	15
0	1
15	6
20	14
0	11
1	3
20	12
1	8
14	10
6	7
11	2
3	9
12	13
8	16
3	17
6	18
10	19
1	4
15	5
# tree 95
1	20
20	15
0	1
15	6
20	14
0	11
1	3
20	12
1	8
14	10
6	7
11	2
3	9
12	13
8	16
3	17
6	18
10	19
1	4
6	5
# tree 96
1	20
20	15
0	1
15	6
20	14
0	11
1	3
20	12
1	8
14	10
6	7
11	2
3	9
12	13
8	16
3	17
6	18
10	19
1	4
20	5
# tree 97
1	20
20	15
0	1
15	6
20	14
0	11
1	3
20	12
1	8
14	10
6	7
11	2
3	9
12	13
8	16
3	17
6	18
10	19
1	4
1	5
# tree 98
0	1
1	20
20	15
0	11
20	12
15	7
1	8
1	3
15	6
20	10
20	14
11	2
12	4
7	5
12	13
8	16
3	17
6	18
10	19
1	9
# tree 99
0	1
1	20
20	15
0	11
20	12
15	7
1	8
1	3
15	6
1	10
20	14
11	2
12	4
7	5
12	13
8	16
3	17
6	18
10	19
1	9
# tree 100
0	1
1	20
20	15
20	14
0	11
20	12
15	7
1	8
1	3
15	6
14	10
11	2
12	4
7	5
8	16
3	17
6	18
10	19
1	9
20	13
# tree 101
0	1
1	20
20	15
20	14
0	11
20	12
15	7
1	8
1	3
15	6
14	10
11	2
12	4
7	5
8	16
3	17
6	18
10	19
1	9
1	13
# tree 102
0	1
1	20
20	15
20	14
0	11
20	12
15	7
1	8
1	3
14	10
15	6
11	2
12	4
7	5
12	13
8	16
3	17
10	19
1	9
15	18
# tree 103
0	1
1	20
20	15
20	14
0	11
20	12
15	7
1	8
1	3
14	10
15	6
11	2
12	4
7	5
12	13
8	16
3	17
10	19
1	9
20	18
# tree 104
0	1
1	20
20	15
20	14
0	11
20	12
15	7
1	8
1	3
14	10
15	6
11	2
12	4
7	5
12	13
8	16
3	17
10	19
1	9
1	18
# tree 105
0	1
1	20
20	15
20	14
0	11
20	12
15	7
1	8
1	3
15	6
14	10
11	2
12	4
7	5
12	13
8	16
3	17
6	18
1	9
14	19
# tree 106
0	1
1	20
20	15
20	14
0	11
20	12
15	7
1	8
1	3
15	6
14	10
11	2
12	4
7	5
12	13
8	16
3	17
6	18
1	9
20	19
# tree 107
0	1
1	20
20	15
20	14
0	11
20	12
15	7
1	8
1	3
15	6
14	10
11	2
12	4
7	5
12	13
8	16
3	17
6	18
1	9
1	19
# tree 108
0	1
1	20
20	15
20	14
0	11
15	7
20	12
1	8
1	3
15	6
14	10
11	2
7	5
12	13
8	16
3	17
6	18
10	19
1	9
20	4
# tree 109
0	1
1	20
20	15
20	14
0	11
15	7
20	12
1	8
1	3
15	6
14	10
11	2
7	5
12	13
8	16
3	17
6	18
10	19
1	9
1	4
# tree 110
0	1
1	20
20	15
20	14
0	11
20	12
1	8
1	3
15	6
14	10
15	7
11	2
12	4
12	13
8	16
3	17
6	18
10	19
1	9
15	5
# tree 111
0	1
1	20
20	15
20	14
0	11
20	12
1	8
1	3
15	6
14	10
15	7
11	2
12	4
12	13
8	16
3	17
6	18
10	19
1	9
6	5
# tree 112
0	1
1	20
20	15
20	14
0	11
20	12
1	8
1	3
15	6
14	10
15	7
11	2
12	4
12	13
8	16
3	17
6	18
10	19
1	9
20	5
# tree 113
0	1
1	20
20	15
20	14
0	11
20	12
1	8
1	3
15	6
14	10
15	7
11	2
12	4
12	13
8	16
3	17
6	18
10	19
1	9
1	5
# tree 114
0	1
1	20
20	15
0	11
20	12
15	7
1	3
1	8
15	6
1	10
20	14
11	2
12	4
7	5
3	9
8	16
3	17
6	18
10	19
20	13
# tree 115
0	1
1	20
20	15
0	11
20	12
15	7
1	3
1	8
15	6
1	10
20	14
11	2
12	4
7	5
3	9
8	16
3	17
6	18
10	19
1	13
# tree 116
0	1
1	20
20	15
0	11
20	12
15	7
1	3
1	8
1	10
15	6
20	14
11	2
12	4
7	5
3	9
12	13
8	16
3	17
10	19
15	18
# tree 117
0	1
1	20
20	15
0	11
20	12
15	7
1	3
1	8
1	10
15	6
20	14
11	2
12	4
7	5
3	9
12	13
8	16
3	17
10	19
20	18
# tree 118
0	1
1	20
20	15
0	11
20	12
15	7
1	3
1	8
1	10
15	6
20	14
11	2
12	4
7	5
3	9
12	13
8	16
3	17
10	19
1	18
# tree 119
0	1
1	20
20	15
0	11
20	12
15	7
1	3
1	8
15	6
20	14
1	10
11	2
12	4
7	5
3	9
12	13
8	16
3	17
6	18
14	19
# tree 120
0	1
1	20
20	15
0	11
20	12
15	7
1	3
1	8
15	6
1	10
20	14
11	2
12	4
7	5
3	9
12	13
8	16
3	17
6	18
20	19
# tree 121
0	1
1	20
20	15
0	11
20	12
15	7
1	3
1	8
15	6
1	10
20	14
11	2
12	4
7	5
3	9
12	13
8	16
3	17
6	18
1	19
# tree 122
0	1
1	20
20	15
0	11
15	7
1	3
20	12
1	8
15	6
1	10
20	14
11	2
7	5
3	9
12	13
8	16
3	17
6	18
10	19
20	4
# tree 123
0	1
1	20
20	15
0	11
15	7
1	3
20	12
1	8
15	6
1	10
20	14
11	2
7	5
3	9
12	13
8	16
3	17
6	18
10	19
1	4
# tree 124
0	1
1	20
20	15
0	11
20	12
1	3
1	8
15	6
1	10
15	7
20	14
11	2
12	4
3	9
12	13
8	16
3	17
6	18
10	19
15	5
# tree 125
0	1
1	20
20	15
0	11
20	12
1	3
1	8
15	6
1	10
15	7
20	14
11	2
12	4
3	9
12	13
8	16
3	17
6	18
10	19
6	5
# tree 126
0	1
1	20
20	15
0	11
20	12
1	3
1	8
15	6
1	10
15	7
20	14
11	2
12	4
3	9
12	13
8	16
3	17
6	18
10	19
20	5
# tree 127
0	1
1	20
20	15
0	11
20	12
1	3
1	8
15	6
1	10
15	7
20	14
11	2
12	4
3	9
12	13
8	16
3	17
6	18
10	19
1	5
# tree 128
0	1
1	20
20	15
20	14
0	11
20	12
15	7
1	3
1	8
14	10
15	6
11	2
12	4
7	5
3	9
8	16
3	17
10	19
1	13
15	18
# tree 129
0	1
1	20
20	15
20	14
0	11
20	12
15	7
1	3
1	8
14	10
15	6
11	2
12	4
7	5
3	9
8	16
3	17
10	19
1	13
20	18
# tree 130
0	1
1	20
20	15
20	14
0	11
20	12
15	7
1	3
1	8
14	10
15	6
11	2
12	4
7	5
3	9
8	16
3	17
10	19
1	13
1	18
# tree 131
0	1
1	20
20	15
20	14
0	11
20	12
15	7
1	3
1	8
15	6
14	10
11	2
12	4
7	5
3	9
8	16
3	17
6	18
1	13
14	19
# tree 132
0	1
1	20
20	15
20	14
0	11
20	12
15	7
1	3
1	8
15	6
14	10
11	2
12	4
7	5
3	9
8	16
3	17
6	18
1	13
20	19
# tree 133
0	1
1	20
20	15
20	14
0	11
20	12
15	7
1	3
1	8
15	6
14	10
11	2
12	4
7	5
3	9
8	16
3	17
6	18
1	13
1	19
# tree 134
0	1
1	20
20	15
20	14
0	11
15	7
1	3
1	8
15	6
14	10
20	12
11	2
7	5
3	9
8	16
3	17
6	18
10	19
1	13
20	4
# tree 135
0	1
1	20
20	15
20	14
0	11
15	7
1	3
1	8
15	6
14	10
20	12
11	2
7	5
3	9
8	16
3	17
6	18
10	19
1	13
1	4
# tree 136
0	1
1	20
20	15
20	14
0	11
20	12
1	3
1	8
15	6
14	10
15	7
11	2
12	4
3	9
8	16
3	17
6	18
10	19
1	13
15	5
# tree 137
0	1
1	20
20	15
20	14
0	11
20	12
1	3
1	8
15	6
14	10
15	7
11	2
12	4
3	9
8	16
3	17
6	18
10	19
1	13
6	5
# tree 138
0	1
1	20
20	15
20	14
0	11
20	12
1	3
1	8
15	6
14	10
15	7
11	2
12	4
3	9
8	16
3	17
6	18
10	19
1	13
20	5
# tree 139
0	1
1	20
20	15
20	14
0	11
20	12
1	3
1	8
15	6
14	10
15	7
11	2
12	4
3	9
8	16
3	17
6	18
10	19
1	13
1	5
# tree 140
0	1
1	20
20	15
20	14
0	11
20	12
15	7
1	3
1	8
14	10
15	6
11	2
12	4
7	5
3	9
12	13
8	16
3	17
1	18
14	19
# tree 141
0	1
1	20
20	15
20	14
0	11
20	12
15	7
1	3
1	8
14	10
15	6
11	2
12	4
7	5
3	9
12	13
8	16
3	17
1	18
20	19
# tree 142
0	1
1	20
20	15
20	14
0	11
20	12
15	7
1	3
1	8
14	10
15	6
11	2
12	4
7	5
3	9
12	13
8	16
3	17
1	18
1	19
# tree 143
0	1
1	20
20	15
20	14
0	11
15	7
1	3
20	12
1	8
14	10
15	6
11	2
7	5
3	9
12	13
8	16
3	17
10	19
1	18
20	4
# tree 144
0	1
1	20
20	15
20	14
0	11
15	7
1	3
20	12
1	8
14	10
15	6
11	2
7	5
3	9
12	13
8	16
3	17
10	19
1	18
1	4
# tree 145
0	1
1	20
20	15
20	14
0	11
20	12
1	3
1	8
14	10
15	7
15	6
11	2
12	4
3	9
12	13
8	16
3	17
10	19
1	18
15	5
# tree 146
0	1
1	20
20	15
20	14
0	11
20	12
1	3
1	8
14	10
15	6
15	7
11	2
12	4
3	9
12	13
8	16
3	17
10	19
1	18
6	5
# tree 147
0	1
1	20
20	15
20	14
0	11
20	12
1	3
1	8
14	10
15	7
15	6
11	2
12	4
3	9
12	13
8	16
3	17
10	19
1	18
20	5
# tree 148
0	1
1	20
20	15
20	14
0	11
20	12
1	3
1	8
14	10
15	7
15	6
11	2
12	4
3	9
12	13
8	16
3	17
10	19
1	18
1	5
# tree 149
0	1
1	20
20	15
20	14
0	11
15	7
1	3
20	12
1	8
15	6
14	10
11	2
7	5
3	9
12	13
8	16
3	17
6	18
1	19
20	4
# tree 150
0	1
1	20
20	15
20	14
0	11
15	7
1	3
20	12
1	8
15	6
14	10
11	2
7	5
3	9
12	13
8	16
3	17
6	18
1	19
1	4
# tree 151
0	1
1	20
20	15
20	14
0	11
20	12
1	3
1	8
15	6
15	7
14	10
11	2
12	4
3	9
12	13
8	16
3	17
6	18
1	19
15	5
# tree 152
0	1
1	20
20	15
20	14
0	11
20	12
1	3
1	8
15	6
15	7
14	10
11	2
12	4
3	9
12	13
8	16
3	17
6	18
1	19
6	5
# tree 153
0	1
1	20
20	15
20	14
0	11
20	12
1	3
1	8
15	6
15	7
14	10
11	2
12	4
3	9
12	13
8	16
3	17
6	18
1	19
20	5
# tree 154
0	1
1	20
20	15
20	14
0	11
20	12
1	3
1	8
15	6
15	7
14	10
11	2
12	4
3	9
12	13
8	16
3	17
6	18
1	19
1	5
# tree 155
0	1
1	20
20	15
20	14
0	11
1	3
20	12
1	8
15	6
14	10
15	7
11	2
3	9
12	13
8	16
3	17
6	18
10	19
1	4
15	5
# tree 156
0	1
1	20
20	15
20	14
0	11
1	3
20	12
1	8
15	6
14	10
15	7
11	2
3	9
12	13
8	16
3	17
6	18
10	19
1	4
6	5
# tree 157
0	1
1	20
20	15
20	14
0	11
1	3
20	12
1	8
15	6
14	10
15	7
11	2
3	9
12	13
8	16
3	17
6	18
10	19
1	4
20	5
# tree 158
0	1
1	20
20	15
20	14
0	11
1	3
20	12
1	8
15	6
14	10
15	7
11	2
3	9
12	13
8	16
3	17
6	18
10	19
1	4
1	5
# tree 159
0	1
1	20
20	15
15	6
0	11
20	12
6	7
1	8
1	3
1	10
20	14
11	2
12	4
7	5
8	16
3	17
6	18
10	19
1	9
20	13
# tree 160
0	1
1	20
20	15
15	6
0	11
20	12
6	7
1	8
1	3
1	10
20	14
11	2
12	4
7	5
8	16
3	17
6	18
10	19
1	9
1	13
# tree 161
0	1
1	20
20	15
15	6
0	11
20	12
6	7
1	8
1	3
1	10
20	14
11	2
12	4
7	5
12	13
8	16
3	17
10	19
1	9
15	18
# tree 162
0	1
1	20
20	15
15	6
0	11
20	12
6	7
1	8
1	3
1	10
20	14
11	2
12	4
7	5
12	13
8	16
3	17
10	19
1	9
20	18
# tree 163
0	1
1	20
20	15
15	6
0	11
20	12
6	7
1	8
1	3
1	10
20	14
11	2
12	4
7	5
12	13
8	16
3	17
10	19
1	9
1	18
# tree 164
0	1
1	20
20	15
15	6
0	11
20	12
6	7
1	8
1	3
20	14
1	10
11	2
12	4
7	5
12	13
8	16
3	17
6	18
1	9
14	19
# tree 165
0	1
1	20
20	15
15	6
0	11
20	12
6	7
1	8
1	3
1	10
20	14
11	2
12	4
7	5
12	13
8	16
3	17
6	18
1	9
20	19
# tree 166
0	1
1	20
20	15
15	6
0	11
20	12
6	7
1	8
1	3
1	10
20	14
11	2
12	4
7	5
12	13
8	16
3	17
6	18
1	9
1	19
# tree 167
0	1
1	20
20	15
15	6
0	11
6	7
20	12
1	8
1	3
1	10
20	14
11	2
7	5
12	13
8	16
3	17
6	18
10	19
1	9
20	4
# tree 168
0	1
1	20
20	15
15	6
0	11
6	7
20	12
1	8
1	3
1	10
20	14
11	2
7	5
12	13
8	16
3	17
6	18
10	19
1	9
1	4
# tree 169
0	1
1	20
20	15
15	6
0	11
20	12
1	8
1	3
1	10
6	7
20	14
11	2
12	4
12	13
8	16
3	17
6	18
10	19
1	9
15	5
# tree 170
0	1
1	20
20	15
15	6
0	11
20	12
1	8
1	3
1	10
6	7
20	14
11	2
12	4
12	13
8	16
3	17
6	18
10	19
1	9
6	5
# tree 171
0	1
1	20
20	15
15	6
0	11
20	12
1	8
1	3
1	10
6	7
20	14
11	2
12	4
12	13
8	16
3	17
6	18
10	19
1	9
20	5
# tree 172
0	1
1	20
20	15
15	6
0	11
20	12
1	8
1	3
1	10
6	7
20	14
11	2
12	4
12	13
8	16
3	17
6	18
10	19
1	9
1	5
# tree 173
0	1
1	20
20	15
15	6
20	14
0	11
20	12
6	7
1	8
1	3
14	10
11	2
12	4
7	5
8	16
3	17
10	19
1	9
1	13
15	18
# tree 174
0	1
1	20
20	15
15	6
20	14
0	11
20	12
6	7
1	8
1	3
14	10
11	2
12	4
7	5
8	16
3	17
10	19
1	9
1	13
20	18
# tree 175
0	1
1	20
20	15
15	6
20	14
0	11
20	12
6	7
1	8
1	3
14	10
11	2
12	4
7	5
8	16
3	17
10	19
1	9
1	13
1	18
# tree 176
0	1
1	20
20	15
15	6
20	14
0	11
20	12
6	7
1	8
1	3
14	10
11	2
12	4
7	5
8	16
3	17
6	18
1	9
1	13
14	19
# tree 177
0	1
1	20
20	15
15	6
20	14
0	11
20	12
6	7
1	8
1	3
14	10
11	2
12	4
7	5
8	16
3	17
6	18
1	9
1	13
20	19
# tree 178
0	1
1	20
20	15
15	6
20	14
0	11
20	12
6	7
1	8
1	3
14	10
11	2
12	4
7	5
8	16
3	17
6	18
1	9
1	13
1	19
# tree 179
0	1
1	20
20	15
15	6
20	14
0	11
6	7
1	8
1	3
14	10
20	12
11	2
7	5
8	16
3	17
6	18
10	19
1	9
1	13
20	4
# tree 180
0	1
1	20
20	15
15	6
20	14
0	11
6	7
1	8
1	3
14	10
20	12
11	2
7	5
8	16
3	17
6	18
10	19
1	9
1	13
1	4
# tree 181
0	1
1	20
20	15
15	6
20	14
0	11
20	12
1	8
1	3
14	10
6	7
11	2
12	4
8	16
3	17
6	18
10	19
1	9
1	13
15	5
# tree 182
0	1
1	20
20	15
15	6
20	14
0	11
20	12
1	8
1	3
14	10
6	7
11	2
12	4
8	16
3	17
6	18
10	19
1	9
1	13
6	5
# tree 183
0	1
1	20
20	15
15	6
20	14
0	11
20	12
1	8
1	3
14	10
6	7
11	2
12	4
8	16
3	17
6	18
10	19
1	9
1	13
20	5
# tree 184
0	1
1	20
20	15
15	6
20	14
0	11
20	12
1	8
1	3
14	10
6	7
11	2
12	4
8	16
3	17
6	18
10	19
1	9
1	13
1	5
# tree 185
0	1
1	20
20	15
15	6
20	14
0	11
20	12
6	7
1	8
1	3
14	10
11	2
12	4
7	5
12	13
8	16
3	17
1	9
1	18
14	19
# tree 186
0	1
1	20
20	15
15	6
20	14
0	11
20	12
6	7
1	8
1	3
14	10
11	2
12	4
7	5
12	13
8	16
3	17
1	9
1	18
20	19
# tree 187
0	1
1	20
20	15
15	6
20	14
0	11
20	12
6	7
1	8
1	3
14	10
11	2
12	4
7	5
12	13
8	16
3	17
1	9
1	18
1	19
# tree 188
0	1
1	20
20	15
15	6
20	14
0	11
6	7
20	12
1	8
1	3
14	10
11	2
7	5
12	13
8	16
3	17
10	19
1	9
1	18
20	4
# tree 189
0	1
1	20
20	15
15	6
20	14
0	11
6	7
20	12
1	8
1	3
14	10
11	2
7	5
12	13
8	16
3	17
10	19
1	9
1	18
1	4
# tree 190
0	1
1	20
20	15
15	6
20	14
0	11
20	12
1	8
1	3
14	10
6	7
11	2
12	4
12	13
8	16
3	17
10	19
1	9
1	18
15	5
# tree 191
0	1
1	20
20	15
15	6
20	14
0	11
20	12
1	8
1	3
14	10
6	7
11	2
12	4
12	13
8	16
3	17
10	19
1	9
1	18
6	5
# tree 192
0	1
1	20
20	15
15	6
20	14
0	11
20	12
1	8
1	3
14	10
6	7
11	2
12	4
12	13
8	16
3	17
10	19
1	9
1	18
20	5
# tree 193
0	1
1	20
20	15
15	6
20	14
0	11
20	12
1	8
1	3
14	10
6	7
11	2
12	4
12	13
8	16
3	17
10	19
1	9
1	18
1	5
# tree 194
0	1
1	20
20	15
15	6
20	14
0	11
6	7
20	12
1	8
1	3
14	10
11	2
7	5
12	13
8	16
3	17
6	18
1	9
1	19
20	4
# tree 195
0	1
1	20
20	15
15	6
20	14
0	11
6	7
20	12
1	8
1	3
14	10
11	2
7	5
12	13
8	16
3	17
6	18
1	9
1	19
1	4
# tree 196
0	1
1	20
20	15
15	6
20	14
0	11
20	12
1	8
1	3
6	7
14	10
11	2
12	4
12	13
8	16
3	17
6	18
1	9
1	19
15	5
# tree 197
0	1
1	20
20	15
15	6
20	14
0	11
20	12
1	8
1	3
6	7
14	10
11	2
12	4
12	13
8	16
3	17
6	18
1	9
1	19
6	5
# tree 198
0	1
1	20
20	15
15	6
20	14
0	11
20	12
1	8
1	3
6	7
14	10
11	2
12	4
12	13
8	16
3	17
6	18
1	9
1	19
20	5
# tree 199
0	1
1	20
20	15
15	6
20	14
0	11
20	12
1	8
1	3
6	7
14	10
11	2
12	4
12	13
8	16
3	17
6	18
1	9
1	19
1	5
# tree 200
0	1
1	20
20	15
15	6
20	14
0	11
20	12
1	8
1	3
14	10
6	7
11	2
12	13
8	16
3	17
6	18
10	19
1	9
1	4
15	5
# tree 201
0	1
1	20
20	15
15	6
20	14
0	11
20	12
1	8
1	3
14	10
6	7
11	2
12	13
8	16
3	17
6	18
10	19
1	9
1	4
6	5
# tree 202
0	1
1	20
20	15
15	6
20	14
0	11
20	12
1	8
1	3
14	10
6	7
11	2
12	13
8	16
3	17
6	18
10	19
1	9
1	4
20	5
# tree 203
0	1
1	20
20	15
15	6
20	14
0	11
20	12
1	8
1	3
14	10
6	7
11	2
12	13
8	16
3	17
6	18
10	19
1	9
1	4
1	5
# tree 204
0	1
1	20
20	15
15	6
0	11
20	12
6	7
1	3
1	8
1	10
20	14
11	2
12	4
7	5
3	9
8	16
3	17
10	19
1	13
15	18
# tree 205
0	1
1	20
20	15
15	6
0	11
20	12
6	7
1	3
1	8
1	10
20	14
11	2
12	4
7	5
3	9
8	16
3	17
10	19
1	13
20	18
# tree 206
0	1
1	20
20	15
15	6
0	11
20	12
6	7
1	3
1	8
1	10
20	14
11	2
12	4
7	5
3	9
8	16
3	17
10	19
1	13
1	18
# tree 207
0	1
1	20
20	15
15	6
0	11
20	12
6	7
1	3
1	8
20	14
1	10
11	2
12	4
7	5
3	9
8	16
3	17
6	18
1	13
14	19
# tree 208
0	1
1	20
20	15
15	6
0	11
20	12
6	7
1	3
1	8
1	10
20	14
11	2
12	4
7	5
3	9
8	16
3	17
6	18
1	13
20	19
# tree 209
0	1
1	20
20	15
15	6
0	11
20	12
6	7
1	3
1	8
1	10
20	14
11	2
12	4
7	5
3	9
8	16
3	17
6	18
1	13
1	19
# tree 210
0	1
1	20
20	15
15	6
0	11
6	7
1	3
1	8
1	10
20	12
20	14
11	2
7	5
3	9
8	16
3	17
6	18
10	19
1	13
20	4
# tree 211
0	1
1	20
20	15
15	6
0	11
6	7
1	3
1	8
1	10
20	12
20	14
11	2
7	5
3	9
8	16
3	17
6	18
10	19
1	13
1	4
# tree 212
0	1
1	20
20	15
15	6
0	11
20	12
1	3
1	8
1	10
6	7
20	14
11	2
12	4
3	9
8	16
3	17
6	18
10	19
1	13
15	5
# tree 213
0	1
1	20
20	15
15	6
0	11
20	12
1	3
1	8
1	10
6	7
20	14
11	2
12	4
3	9
8	16
3	17
6	18
10	19
1	13
6	5
# tree 214
0	1
1	20
20	15
15	6
0	11
20	12
1	3
1	8
1	10
6	7
20	14
11	2
12	4
3	9
8	16
3	17
6	18
10	19
1	13
20	5
# tree 215
0	1
1	20
20	15
15	6
0	11
20	12
1	3
1	8
1	10
6	7
20	14
11	2
12	4
3	9
8	16
3	17
6	18
10	19
1	13
1	5
# tree 216
0	1
1	20
20	15
15	6
0	11
20	12
6	7
1	3
1	8
20	14
1	10
11	2
12	4
7	5
3	9
12	13
8	16
3	17
1	18
14	19
# tree 217
0	1
1	20
20	15
15	6
0	11
20	12
6	7
1	3
1	8
1	10
20	14
11	2
12	4
7	5
3	9
12	13
8	16
3	17
1	18
20	19
# tree 218
0	1
1	20
20	15
15	6
0	11
20	12
6	7
1	3
1	8
1	10
20	14
11	2
12	4
7	5
3	9
12	13
8	16
3	17
1	18
1	19
# tree 219
0	1
1	20
20	15
15	6
0	11
6	7
1	3
20	12
1	8
1	10
20	14
11	2
7	5
3	9
12	13
8	16
3	17
10	19
1	18
20	4
# tree 220
0	1
1	20
20	15
15	6
0	11
6	7
1	3
20	12
1	8
1	10
20	14
11	2
7	5
3	9
12	13
8	16
3	17
10	19
1	18
1	4
# tree 221
0	1
1	20
20	15
15	6
0	11
20	12
1	3
1	8
1	10
6	7
20	14
11	2
12	4
3	9
12	13
8	16
3	17
10	19
1	18
15	5
# tree 222
0	1
1	20
20	15
15	6
0	11
20	12
1	3
1	8
1	10
6	7
20	14
11	2
12	4
3	9
12	13
8	16
3	17
10	19
1	18
6	5
# tree 223
0	1
1	20
20	15
15	6
0	11
20	12
1	3
1	8
1	10
6	7
20	14
11	2
12	4
3	9
12	13
8	16
3	17
10	19
1	18
20	5
# tree 224
0	1
1	20
20	15
15	6
0	11
20	12
1	3
1	8
1	10
6	7
20	14
11	2
12	4
3	9
12	13
8	16
3	17
10	19
1	18
1	5
# tree 225
0	1
1	20
20	15
15	6
0	11
6	7
1	3
20	12
1	8
1	10
20	14
11	2
7	5
3	9
12	13
8	16
3	17
6	18
1	19
20	4
# tree 226
0	1
1	20
20	15
15	6
0	11
6	7
1	3
20	12
1	8
1	10
20	14
11	2
7	5
3	9
12	13
8	16
3	17
6	18
1	19
1	4
# tree 227
0	1
1	20
20	15
15	6
0	11
20	12
1	3
1	8
6	7
1	10
20	14
11	2
12	4
3	9
12	13
8	16
3	17
6	18
1	19
15	5
# tree 228
0	1
1	20
20	15
15	6
0	11
20	12
1	3
1	8
6	7
1	10
20	14
11	2
12	4
3	9
12	13
8	16
3	17
6	18
1	19
6	5
# tree 229
0	1
1	20
20	15
15	6
0	11
20	12
1	3
1	8
6	7
1	10
20	14
11	2
12	4
3	9
12	13
8	16
3	17
6	18
1	19
20	5
# tree 230
0	1
1	20
20	15
15	6
0	11
20	12
1	3
1	8
6	7
1	10
20	14
11	2
12	4
3	9
12	13
8	16
3	17
6	18
1	19
1	5
# tree 231
0	1
1	20
20	15
15	6
0	11
1	3
20	12
1	8
1	10
6	7
20	14
11	2
3	9
12	13
8	16
3	17
6	18
10	19
1	4
15	5
# tree 232
0	1
1	20
20	15
15	6
0	11
1	3
20	12
1	8
1	10
6	7
20	14
11	2
3	9
12	13
8	16
3	17
6	18
10	19
1	4
6	5
# tree 233
0	1
1	20
20	15
15	6
0	11
1	3
20	12
1	8
1	10
6	7
20	14
11	2
3	9
12	13
8	16
3	17
6	18
10	19
1	4
20	5
# tree 234
0	1
1	20
20	15
15	6
0	11
1	3
20	12
1	8
1	10
6	7
20	14
11	2
3	9
12	13
8	16
3	17
6	18
10	19
1	4
1	5
# tree 235
0	1
1	20
20	15
15	6
20	14
0	11
20	12
6	7
1	3
1	8
14	10
11	2
12	4
7	5
3	9
8	16
3	17
1	13
1	18
14	19
# tree 236
0	1
1	20
20	15
15	6
20	14
0	11
20	12
6	7
1	3
1	8
14	10
11	2
12	4
7	5
3	9
8	16
3	17
1	13
1	18
20	19
# tree 237
0	1
1	20
20	15
15	6
20	14
0	11
20	12
6	7
1	3
1	8
14	10
11	2
12	4
7	5
3	9
8	16
3	17
1	13
1	18
1	19
# tree 238
0	1
1	20
20	15
15	6
20	14
0	11
6	7
1	3
1	8
14	10
20	12
11	2
7	5
3	9
8	16
3	17
10	19
1	13
1	18
20	4
# tree 239
0	1
1	20
20	15
15	6
20	14
0	11
6	7
1	3
1	8
14	10
20	12
11	2
7	5
3	9
8	16
3	17
10	19
1	13
1	18
1	4
# tree 240
0	1
1	20
20	15
15	6
20	14
0	11
20	12
1	3
1	8
14	10
6	7
11	2
12	4
3	9
8	16
3	17
10	19
1	13
1	18
15	5
# tree 241
0	1
1	20
20	15
15	6
20	14
0	11
20	12
1	3
1	8
14	10
6	7
11	2
12	4
3	9
8	16
3	17
10	19
1	13
1	18
6	5
# tree 242
0	1
1	20
20	15
15	6
20	14
0	11
20	12
1	3
1	8
14	10
6	7
11	2
12	4
3	9
8	16
3	17
10	19
1	13
1	18
20	5
# tree 243
0	1
1	20
20	15
15	6
20	14
0	11
20	12
1	3
1	8
14	10
6	7
11	2
12	4
3	9
8	16
3	17
10	19
1	13
1	18
1	5
# tree 244
0	1
1	20
20	15
15	6
20	14
0	11
6	7
1	3
1	8
20	12
14	10
11	2
7	5
3	9
8	16
3	17
6	18
1	13
1	19
20	4
# tree 245
0	1
1	20
20	15
15	6
20	14
0	11
6	7
1	3
1	8
20	12
14	10
11	2
7	5
3	9
8	16
3	17
6	18
1	13
1	19
1	4
# tree 246
0	1
1	20
20	15
15	6
20	14
0	11
20	12
1	3
1	8
6	7
14	10
11	2
12	4
3	9
8	16
3	17
6	18
1	13
1	19
15	5
# tree 247
0	1
1	20
20	15
15	6
20	14
0	11
20	12
1	3
1	8
6	7
14	10
11	2
12	4
3	9
8	16
3	17
6	18
1	13
1	19
6	5
# tree 248
0	1
1	20
20	15
15	6
20	14
0	11
20	12
1	3
1	8
6	7
14	10
11	2
12	4
3	9
8	16
3	17
6	18
1	13
1	19
20	5
# tree 249
0	1
1	20
20	15
15	6
20	14
0	11
20	12
1	3
1	8
6	7
14	10
11	2
12	4
3	9
8	16
3	17
6	18
1	13
1	19
1	5
# tree 250
0	1
1	20
20	15
15	6
20	14
0	11
1	3
1	8
14	10
6	7
20	12
11	2
3	9
8	16
3	17
6	18
10	19
1	13
1	4
15	5
# tree 251
0	1
1	20
20	15
15	6
20	14
0	11
1	3
1	8
14	10
6	7
20	12
11	2
3	9
8	16
3	17
6	18
10	19
1	13
1	4
6	5
# tree 252
0	1
1	20
20	15
15	6
20	14
0	11
1	3
1	8
14	10
6	7
20	12
11	2
3	9
8	16
3	17
6	18
10	19
1	13
1	4
20	5
# tree 253
0	1
1	20
20	15
15	6
20	14
0	11
1	3
1	8
14	10
6	7
20	12
11	2
3	9
8	16
3	17
6	18
10	19
1	13
1	4
1	5
# tree 254
0	1
1	20
20	15
15	6
20	14
0	11
6	7
1	3
20	12
1	8
14	10
11	2
7	5
3	9
12	13
8	16
3	17
1	18
1	19
20	4
# tree 255
0	1
1	20
20	15
15	6
20	14
0	11
6	7
1	3
20	12
1	8
14	10
11	2
7	5
3	9
12	13
8	16
3	17
1	18
1	19
1	4
# tree 256
0	1
1	20
20	15
15	6
20	14
0	11
20	12
1	3
1	8
6	7
14	10
11	2
12	4
3	9
12	13
8	16
3	17
1	18
1	19
15	5
# tree 257
0	1
1	20
20	15
15	6
20	14
0	11
20	12
1	3
1	8
6	7
14	10
11	2
12	4
3	9
12	13
8	16
3	17
1	18
1	19
6	5
# tree 258
0	1
1	20
20	15
15	6
20	14
0	11
20	12
1	3
1	8
6	7
14	10
11	2
12	4
3	9
12	13
8	16
3	17
1	18
1	19
20	5
# tree 259
0	1
1	20
20	15
15	6
20	14
0	11
20	12
1	3
1	8
6	7
14	10
11	2
12	4
3	9
12	13
8	16
3	17
1	18
1	19
1	5
# tree 260
0	1
1	20
20	15
15	6
20	14
0	11
1	3
20	12
1	8
14	10
6	7
11	2
3	9
12	13
8	16
3	17
10	19
1	18
1	4
15	5
# tree 261
0	1
1	20
20	15
15	6
20	14
0	11
1	3
20	12
1	8
14	10
6	7
11	2
3	9
12	13
8	16
3	17
10	19
1	18
1	4
6	5
# tree 262
0	1
1	20
20	15
15	6
20	14
0	11
1	3
20	12
1	8
14	10
6	7
11	2
3	9
12	13
8	16
3	17
10	19
1	18
1	4
20	5
# tree 263
0	1
1	20
20	15
15	6
20	14
0	11
1	3
20	12
1	8
14	10
6	7
11	2
3	9
12	13
8	16
3	17
10	19
1	18
1	4
1	5
# tree 264
0	1
1	20
20	15
15	6
20	14
0	11
1	3
20	12
1	8
6	7
14	10
11	2
3	9
12	13
8	16
3	17
6	18
1	19
1	4
15	5
# tree 265
0	1
1	20
20	15
15	6
20	14
0	11
1	3
20	12
1	8
6	7
14	10
11	2
3	9
12	13
8	16
3	17
6	18
1	19
1	4
6	5
# tree 266
0	1
1	20
20	15
15	6
20	14
0	11
1	3
20	12
1	8
6	7
14	10
11	2
3	9
12	13
8	16
3	17
6	18
1	19
1	4
20	5
# tree 267
0	1
1	20
20	15
15	6
20	14
0	11
1	3
20	12
1	8
6	7
14	10
11	2
3	9
12	13
8	16
3	17
6	18
1	19
1	4
1	5
# tree 268
0	1
1	20
20	15
0	11
20	12
15	7
1	8
1	3
15	6
1	10
20	14
11	2
12	4
7	5
8	16
3	17
6	18
10	19
1	9
20	13
# tree 269
0	1
1	20
20	15
0	11
20	12
15	7
1	8
1	3
15	6
1	10
20	14
11	2
12	4
7	5
8	16
3	17
6	18
10	19
1	9
1	13
# tree 270
0	1
1	20
20	15
0	11
20	12
15	7
1	8
1	3
1	10
15	6
20	14
11	2
12	4
7	5
12	13
8	16
3	17
10	19
1	9
15	18
# tree 271
0	1
1	20
20	15
0	11
20	12
15	7
1	8
1	3
1	10
15	6
20	14
11	2
12	4
7	5
12	13
8	16
3	17
10	19
1	9
20	18
# tree 272
0	1
1	20
20	15
0	11
20	12
15	7
1	8
1	3
1	10
15	6
20	14
11	2
12	4
7	5
12	13
8	16
3	17
10	19
1	9
1	18
# tree 273
0	1
1	20
20	15
0	11
20	12
15	7
1	8
1	3
15	6
20	14
1	10
11	2
12	4
7	5
12	13
8	16
3	17
6	18
1	9
14	19
# tree 274
0	1
1	20
20	15
0	11
20	12
15	7
1	8
1	3
15	6
1	10
20	14
11	2
12	4
7	5
12	13
8	16
3	17
6	18
1	9
20	19
# tree 275
0	1
1	20
20	15
0	11
20	12
15	7
1	8
1	3
15	6
1	10
20	14
11	2
12	4
7	5
12	13
8	16
3	17
6	18
1	9
1	19
# tree 276
0	1
1	20
20	15
0	11
15	7
20	12
1	8
1	3
15	6
1	10
20	14
11	2
7	5
12	13
8	16
3	17
6	18
10	19
1	9
20	4
# tree 277
0	1
1	20
20	15
0	11
15	7
20	12
1	8
1	3
15	6
1	10
20	14
11	2
7	5
12	13
8	16
3	17
6	18
10	19
1	9
1	4
# tree 278
0	1
1	20
20	15
0	11
20	12
1	8
1	3
15	6
1	10
15	7
20	14
11	2
12	4
12	13
8	16
3	17
6	18
10	19
1	9
15	5
# tree 279
0	1
1	20
20	15
0	11
20	12
1	8
1	3
15	6
1	10
15	7
20	14
11	2
12	4
12	13
8	16
3	17
6	18
10	19
1	9
6	5
# tree 280
0	1
1	20
20	15
0	11
20	12
1	8
1	3
15	6
1	10
15	7
20	14
11	2
12	4
12	13
8	16
3	17
6	18
10	19
1	9
20	5
# tree 281
0	1
1	20
20	15
0	11
20	12
1	8
1	3
15	6
1	10
15	7
20	14
11	2
12	4
12	13
8	16
3	17
6	18
10	19
1	9
1	5
# tree 282
0	1
1	20
20	15
20	14
0	11
20	12
15	7
1	8
1	3
14	10
15	6
11	2
12	4
7	5
8	16
3	17
10	19
1	9
1	13
15	18
# tree 283
0	1
1	20
20	15
20	14
0	11
20	12
15	7
1	8
1	3
14	10
15	6
11	2
12	4
7	5
8	16
3	17
10	19
1	9
1	13
20	18
# tree 284
0	1
1	20
20	15
20	14
0	11
20	12
15	7
1	8
1	3
14	10
15	6
11	2
12	4
7	5
8	16
3	17
10	19
1	9
1	13
1	18
# tree 285
0	1
1	20
20	15
20	14
0	11
20	12
15	7
1	8
1	3
15	6
14	10
11	2
12	4
7	5
8	16
3	17
6	18
1	9
1	13
14	19
# tree 286
0	1
1	20
20	15
20	14
0	11
20	12
15	7
1	8
1	3
15	6
14	10
11	2
12	4
7	5
8	16
3	17
6	18
1	9
1	13
20	19
# tree 287
0	1
1	20
20	15
20	14
0	11
20	12
15	7
1	8
1	3
15	6
14	10
11	2
12	4
7	5
8	16
3	17
6	18
1	9
1	13
1	19
# tree 288
0	1
1	20
20	15
20	14
0	11
15	7
1	8
1	3
15	6
14	10
20	12
11	2
7	5
8	16
3	17
6	18
10	19
1	9
1	13
20	4
# tree 289
0	1
1	20
20	15
20	14
0	11
15	7
1	8
1	3
15	6
14	10
20	12
11	2
7	5
8	16
3	17
6	18
10	19
1	9
1	13
1	4
# tree 290
0	1
1	20
20	15
20	14
0	11
20	12
1	8
1	3
15	6
14	10
15	7
11	2
12	4
8	16
3	17
6	18
10	19
1	9
1	13
15	5
# tree 291
0	1
1	20
20	15
20	14
0	11
20	12
1	8
1	3
15	6
14	10
15	7
11	2
12	4
8	16
3	17
6	18
10	19
1	9
1	13
6	5
# tree 292
0	1
1	20
20	15
20	14
0	11
20	12
1	8
1	3
15	6
14	10
15	7
11	2
12	4
8	16
3	17
6	18
10	19
1	9
1	13
20	5
# tree 293
0	1
1	20
20	15
20	14
0	11
20	12
1	8
1	3
15	6
14	10
15	7
11	2
12	4
8	16
3	17
6	18
10	19
1	9
1	13
1	5
# tree 294
0	1
1	20
20	15
20	14
0	11
20	12
15	7
1	8
1	3
14	10
15	6
11	2
12	4
7	5
12	13
8	16
3	17
1	9
1	18
14	19
# tree 295
0	1
1	20
20	15
20	14
0	11
20	12
15	7
1	8
1	3
14	10
15	6
11	2
12	4
7	5
12	13
8	16
3	17
1	9
1	18
20	19
# tree 296
0	1
1	20
20	15
20	14
0	11
20	12
15	7
1	8
1	3
14	10
15	6
11	2
12	4
7	5
12	13
8	16
3	17
1	9
1	18
1	19
# tree 297
0	1
1	20
20	15
20	14
0	11
15	7
20	12
1	8
1	3
14	10
15	6
11	2
7	5
12	13
8	16
3	17
10	19
1	9
1	18
20	4
# tree 298
0	1
1	20
20	15
20	14
0	11
15	7
20	12
1	8
1	3
14	10
15	6
11	2
7	5
12	13
8	16
3	17
10	19
1	9
1	18
1	4
# tree 299
0	1
1	20
20	15
20	14
0	11
20	12
1	8
1	3
14	10
15	7
15	6
11	2
12	4
12	13
8	16
3	17
10	19
1	9
1	18
15	5
# tree 300
0	1
1	20
20	15
20	14
0	11
20	12
1	8
1	3
14	10
15	6
15	7
11	2
12	4
12	13
8	16
3	17
10	19
1	9
1	18
6	5
# tree 301
0	1
1	20
20	15
20	14
0	11
20	12
1	8
1	3
14	10
15	7
15	6
11	2
12	4
12	13
8	16
3	17
10	19
1	9
1	18
20	5
# tree 302
0	1
1	20
20	15
20	14
0	11
20	12
1	8
1	3
14	10
15	7
15	6
11	2
12	4
12	13
8	16
3	17
10	19
1	9
1	18
1	5
# tree 303
0	1
1	20
20	15
20	14
0	11
15	7
20	12
1	8
1	3
15	6
14	10
11	2
7	5
12	13
8	16
3	17
6	18
1	9
1	19
20	4
# tree 304
0	1
1	20
20	15
20	14
0	11
15	7
20	12
1	8
1	3
15	6
14	10
11	2
7	5
12	13
8	16
3	17
6	18
1	9
1	19
1	4
# tree 305
0	1
1	20
20	15
20	14
0	11
20	12
1	8
1	3
15	6
15	7
14	10
11	2
12	4
12	13
8	16
3	17
6	18
1	9
1	19
15	5
# tree 306
0	1
1	20
20	15
20	14
0	11
20	12
1	8
1	3
15	6
15	7
14	10
11	2
12	4
12	13
8	16
3	17
6	18
1	9
1	19
6	5
# tree 307
0	1
1	20
20	15
20	14
0	11
20	12
1	8
1	3
15	6
15	7
14	10
11	2
12	4
12	13
8	16
3	17
6	18
1	9
1	19
20	5
# tree 308
0	1
1	20
20	15
20	14
0	11
20	12
1	8
1	3
15	6
15	7
14	10
11	2
12	4
12	13
8	16
3	17
6	18
1	9
1	19
1	5
# tree 309
0	1
1	20
20	15
20	14
0	11
20	12
1	8
1	3
15	6
14	10
15	7
11	2
12	13
8	16
3	17
6	18
10	19
1	9
1	4
15	5
# tree 310
0	1
1	20
20	15
20	14
0	11
20	12
1	8
1	3
15	6
14	10
15	7
11	2
12	13
8	16
3	17
6	18
10	19
1	9
1	4
6	5
# tree 311
0	1
1	20
20	15
20	14
0	11
20	12
1	8
1	3
15	6
14	10
15	7
11	2
12	13
8	16
3	17
6	18
10	19
1	9
1	4
20	5
# tree 312
0	1
1	20
20	15
20	14
0	11
20	12
1	8
1	3
15	6
14	10
15	7
11	2
12	13
8	16
3	17
6	18
10	19
1	9
1	4
1	5
# tree 313
0	1
1	20
20	15
0	11
20	12
15	7
1	3
1	8
1	10
15	6
20	14
11	2
12	4
7	5
3	9
8	16
3	17
10	19
1	13
15	18
# tree 314
0	1
1	20
20	15
0	11
20	12
15	7
1	3
1	8
1	10
15	6
20	14
11	2
12	4
7	5
3	9
8	16
3	17
10	19
1	13
20	18
# tree 315
0	1
1	20
20	15
0	11
20	12
15	7
1	3
1	8
1	10
15	6
20	14
11	2
12	4
7	5
3	9
8	16
3	17
10	19
1	13
1	18
# tree 316
0	1
1	20
20	15
0	11
20	12
15	7
1	3
1	8
15	6
20	14
1	10
11	2
12	4
7	5
3	9
8	16
3	17
6	18
1	13
14	19
# tree 317
0	1
1	20
20	15
0	11
20	12
15	7
1	3
1	8
15	6
1	10
20	14
11	2
12	4
7	5
3	9
8	16
3	17
6	18
1	13
20	19
# tree 318
0	1
1	20
20	15
0	11
20	12
15	7
1	3
1	8
15	6
1	10
20	14
11	2
12	4
7	5
3	9
8	16
3	17
6	18
1	13
1	19
# tree 319
0	1
1	20
20	15
0	11
15	7
1	3
1	8
15	6
1	10
20	12
20	14
11	2
7	5
3	9
8	16
3	17
6	18
10	19
1	13
20	4
# tree 320
0	1
1	20
20	15
0	11
15	7
1	3
1	8
15	6
1	10
20	12
20	14
11	2
7	5
3	9
8	16
3	17
6	18
10	19
1	13
1	4
# tree 321
0	1
1	20
20	15
0	11
20	12
1	3
1	8
15	6
1	10
15	7
20	14
11	2
12	4
3	9
8	16
3	17
6	18
10	19
1	13
15	5
# tree 322
0	1
1	20
20	15
0	11
20	12
1	3
1	8
15	6
1	10
15	7
20	14
11	2
12	4
3	9
8	16
3	17
6	18
10	19
1	13
6	5
# tree 323
0	1
1	20
20	15
0	11
20	12
1	3
1	8
15	6
1	10
15	7
20	14
11	2
12	4
3	9
8	16
3	17
6	18
10	19
1	13
20	5
# tree 324
0	1
1	20
20	15
0	11
20	12
1	3
1	8
15	6
1	10
15	7
20	14
11	2
12	4
3	9
8	16
3	17
6	18
10	19
1	13
1	5
# tree 325
0	1
1	20
20	15
0	11
20	12
15	7
1	3
1	8
20	14
1	10
15	6
11	2
12	4
7	5
3	9
12	13
8	16
3	17
1	18
14	19
# tree 326
0	1
1	20
20	15
0	11
20	12
15	7
1	3
1	8
1	10
15	6
20	14
11	2
12	4
7	5
3	9
12	13
8	16
3	17
1	18
20	19
# tree 327
0	1
1	20
20	15
0	11
20	12
15	7
1	3
1	8
1	10
15	6
20	14
11	2
12	4
7	5
3	9
12	13
8	16
3	17
1	18
1	19
# tree 328
0	1
1	20
20	15
0	11
15	7
1	3
20	12
1	8
1	10
15	6
20	14
11	2
7	5
3	9
12	13
8	16
3	17
10	19
1	18
20	4
# tree 329
0	1
1	20
20	15
0	11
15	7
1	3
20	12
1	8
1	10
15	6
20	14
11	2
7	5
3	9
12	13
8	16
3	17
10	19
1	18
1	4
# tree 330
0	1
1	20
20	15
0	11
20	12
1	3
1	8
1	10
15	7
15	6
20	14
11	2
12	4
3	9
12	13
8	16
3	17
10	19
1	18
15	5
# tree 331
0	1
1	20
20	15
0	11
20	12
1	3
1	8
1	10
15	6
15	7
20	14
11	2
12	4
3	9
12	13
8	16
3	17
10	19
1	18
6	5
# tree 332
0	1
1	20
20	15
0	11
20	12
1	3
1	8
1	10
15	7
15	6
20	14
11	2
12	4
3	9
12	13
8	16
3	17
10	19
1	18
20	5
# tree 333
0	1
1	20
20	15
0	11
20	12
1	3
1	8
1	10
15	7
15	6
20	14
11	2
12	4
3	9
12	13
8	16
3	17
10	19
1	18
1	5
# tree 334
0	1
1	20
20	15
0	11
15	7
1	3
20	12
1	8
15	6
1	10
20	14
11	2
7	5
3	9
12	13
8	16
3	17
6	18
1	19
20	4
# tree 335
0	1
1	20
20	15
0	11
15	7
1	3
20	12
1	8
15	6
1	10
20	14
11	2
7	5
3	9
12	13
8	16
3	17
6	18
1	19
1	4
# tree 336
0	1
1	20
20	15
0	11
20	12
1	3
1	8
15	6
15	7
1	10
20	14
11	2
12	4
3	9
12	13
8	16
3	17
6	18
1	19
15	5
# tree 337
0	1
1	20
20	15
0	11
20	12
1	3
1	8
15	6
15	7
1	10
20	14
11	2
12	4
3	9
12	13
8	16
3	17
6	18
1	19
6	5
# tree 338
0	1
1	20
20	15
0	11
20	12
1	3
1	8
15	6
15	7
1	10
20	14
11	2
12	4
3	9
12	13
8	16
3	17
6	18
1	19
20	5
# tree 339
0	1
1	20
20	15
0	11
20	12
1	3
1	8
15	6
15	7
1	10
20	14
11	2
12	4
3	9
12	13
8	16
3	17
6	18
1	19
1	5
# tree 340
0	1
1	20
20	15
0	11
1	3
20	12
1	8
15	6
1	10
15	7
20	14
11	2
3	9
12	13
8	16
3	17
6	18
10	19
1	4
15	5
# tree 341
0	1
1	20
20	15
0	11
1	3
20	12
1	8
15	6
1	10
15	7
20	14
11	2
3	9
12	13
8	16
3	17
6	18
10	19
1	4
6	5
# tree 342
0	1
1	20
20	15
0	11
1	3
20	12
1	8
15	6
1	10
15	7
20	14
11	2
3	9
12	13
8	16
3	17
6	18
10	19
1	4
20	5
# tree 343
0	1
1	20
20	15
0	11
1	3
20	12
1	8
15	6
1	10
15	7
20	14
11	2
3	9
12	13
8	16
3	17
6	18
10	19
1	4
1	5
# tree 344
0	1
1	20
20	15
20	14
0	11
20	12
15	7
1	3
1	8
14	10
15	6
11	2
12	4
7	5
3	9
8	16
3	17
1	13
1	18
14	19
# tree 345
0	1
1	20
20	15
20	14
0	11
20	12
15	7
1	3
1	8
14	10
15	6
11	2
12	4
7	5
3	9
8	16
3	17
1	13
1	18
20	19
# tree 346
0	1
1	20
20	15
20	14
0	11
20	12
15	7
1	3
1	8
14	10
15	6
11	2
12	4
7	5
3	9
8	16
3	17
1	13
1	18
1	19
# tree 347
0	1
1	20
20	15
20	14
0	11
15	7
1	3
1	8
14	10
20	12
15	6
11	2
7	5
3	9
8	16
3	17
10	19
1	13
1	18
20	4
# tree 348
0	1
1	20
20	15
20	14
0	11
15	7
1	3
1	8
14	10
20	12
15	6
11	2
7	5
3	9
8	16
3	17
10	19
1	13
1	18
1	4
# tree 349
0	1
1	20
20	15
20	14
0	11
20	12
1	3
1	8
14	10
15	7
15	6
11	2
12	4
3	9
8	16
3	17
10	19
1	13
1	18
15	5
# tree 350
0	1
1	20
20	15
20	14
0	11
20	12
1	3
1	8
14	10
15	6
15	7
11	2
12	4
3	9
8	16
3	17
10	19
1	13
1	18
6	5
# tree 351
0	1
1	20
20	15
20	14
0	11
20	12
1	3
1	8
14	10
15	7
15	6
11	2
12	4
3	9
8	16
3	17
10	19
1	13
1	18
20	5
# tree 352
0	1
1	20
20	15
20	14
0	11
20	12
1	3
1	8
14	10
15	7
15	6
11	2
12	4
3	9
8	16
3	17
10	19
1	13
1	18
1	5
# tree 353
0	1
1	20
20	15
20	14
0	11
15	7
1	3
1	8
15	6
20	12
14	10
11	2
7	5
3	9
8	16
3	17
6	18
1	13
1	19
20	4
# tree 354
0	1
1	20
20	15
20	14
0	11
15	7
1	3
1	8
15	6
20	12
14	10
11	2
7	5
3	9
8	16
3	17
6	18
1	13
1	19
1	4
# tree 355
0	1
1	20
20	15
20	14
0	11
20	12
1	3
1	8
15	6
15	7
14	10
11	2
12	4
3	9
8	16
3	17
6	18
1	13
1	19
15	5
# tree 356
0	1
1	20
20	15
20	14
0	11
20	12
1	3
1	8
15	6
15	7
14	10
11	2
12	4
3	9
8	16
3	17
6	18
1	13
1	19
6	5
# tree 357
0	1
1	20
20	15
20	14
0	11
20	12
1	3
1	8
15	6
15	7
14	10
11	2
12	4
3	9
8	16
3	17
6	18
1	13
1	19
20	5
# tree 358
0	1
1	20
20	15
20	14
0	11
20	12
1	3
1	8
15	6
15	7
14	10
11	2
12	4
3	9
8	16
3	17
6	18
1	13
1	19
1	5
# tree 359
0	1
1	20
20	15
20	14
0	11
1	3
1	8
15	6
14	10
15	7
20	12
11	2
3	9
8	16
3	17
6	18
10	19
1	13
1	4
15	5
# tree 360
0	1
1	20
20	15
20	14
0	11
1	3
1	8
15	6
14	10
15	7
20	12
11	2
3	9
8	16
3	17
6	18
10	19
1	13
1	4
6	5
# tree 361
0	1
1	20
20	15
20	14
0	11
1	3
1	8
15	6
14	10
15	7
20	12
11	2
3	9
8	16
3	17
6	18
10	19
1	13
1	4
20	5
# tree 362
0	1
1	20
20	15
20	14
0	11
1	3
1	8
15	6
14	10
15	7
20	12
11	2
3	9
8	16
3	17
6	18
10	19
1	13
1	4
1	5
# tree 363
0	1
1	20
20	15
20	14
0	11
15	7
1	3
20	12
1	8
14	10
15	6
11	2
7	5
3	9
12	13
8	16
3	17
1	18
1	19
20	4
# tree 364
0	1
1	20
20	15
20	14
0	11
15	7
1	3
20	12
1	8
14	10
15	6
11	2
7	5
3	9
12	13
8	16
3	17
1	18
1	19
1	4
# tree 365
0	1
1	20
20	15
20	14
0	11
20	12
1	3
1	8
15	7
14	10
15	6
11	2
12	4
3	9
12	13
8	16
3	17
1	18
1	19
15	5
# tree 366
0	1
1	20
20	15
20	14
0	11
20	12
1	3
1	8
15	6
15	7
14	10
11	2
12	4
3	9
12	13
8	16
3	17
1	18
1	19
6	5
# tree 367
0	1
1	20
20	15
20	14
0	11
20	12
1	3
1	8
15	7
14	10
15	6
11	2
12	4
3	9
12	13
8	16
3	17
1	18
1	19
20	5
# tree 368
0	1
1	20
20	15
20	14
0	11
20	12
1	3
1	8
15	7
14	10
15	6
11	2
12	4
3	9
12	13
8	16
3	17
1	18
1	19
1	5
# tree 369
0	1
1	20
20	15
20	14
0	11
1	3
20	12
1	8
14	10
15	7
15	6
11	2
3	9
12	13
8	16
3	17
10	19
1	18
1	4
15	5
# tree 370
0	1
1	20
20	15
20	14
0	11
1	3
20	12
1	8
14	10
15	6
15	7
11	2
3	9
12	13
8	16
3	17
10	19
1	18
1	4
6	5
# tree 371
0	1
1	20
20	15
20	14
0	11
1	3
20	12
1	8
14	10
15	7
15	6
11	2
3	9
12	13
8	16
3	17
10	19
1	18
1	4
20	5
# tree 372
0	1
1	20
20	15
20	14
0	11
1	3
20	12
1	8
14	10
15	7
15	6
11	2
3	9
12	13
8	16
3	17
10	19
1	18
1	4
1	5
# tree 373
0	1
1	20
20	15
20	14
0	11
1	3
20	12
1	8
15	6
15	7
14	10
11	2
3	9
12	13
8	16
3	17
6	18
1	19
1	4
15	5
# tree 374
0	1
1	20
20	15
20	14
0	11
1	3
20	12
1	8
15	6
15	7
14	10
11	2
3	9
12	13
8	16
3	17
6	18
1	19
1	4
6	5
# tree 375
0	1
1	20
20	15
20	14
0	11
1	3
20	12
1	8
15	6
15	7
14	10
11	2
3	9
12	13
8	16
3	17
6	18
1	19
1	4
20	5
# tree 376
0	1
1	20
20	15
20	14
0	11
1	3
20	12
1	8
15	6
15	7
14	10
11	2
3	9
12	13
8	16
3	17
6	18
1	19
1	4
1	5
# tree 377
0	1
1	20
20	15
15	6
0	11
20	12
6	7
1	8
1	3
1	10
20	14
11	2
12	4
7	5
8	16
3	17
10	19
1	9
1	13
15	18
# tree 378
0	1
1	20
20	15
15	6
0	11
20	12
6	7
1	8
1	3
1	10
20	14
11	2
12	4
7	5
8	16
3	17
10	19
1	9
1	13
20	18
# tree 379
0	1
1	20
20	15
15	6
0	11
20	12
6	7
1	8
1	3
1	10
20	14
11	2
12	4
7	5
8	16
3	17
10	19
1	9
1	13
1	18
# tree 380
0	1
1	20
20	15
15	6
0	11
20	12
6	7
1	8
1	3
20	14
1	10
11	2
12	4
7	5
8	16
3	17
6	18
1	9
1	13
14	19
# tree 381
0	1
1	20
20	15
15	6
0	11
20	12
6	7
1	8
1	3
1	10
20	14
11	2
12	4
7	5
8	16
3	17
6	18
1	9
1	13
20	19
# tree 382
0	1
1	20
20	15
15	6
0	11
20	12
6	7
1	8
1	3
1	10
20	14
11	2
12	4
7	5
8	16
3	17
6	18
1	9
1	13
1	19
# tree 383
0	1
1	20
20	15
15	6
0	11
6	7
1	8
1	3
1	10
20	12
20	14
11	2
7	5
8	16
3	17
6	18
10	19
1	9
1	13
20	4
# tree 384
0	1
1	20
20	15
15	6
0	11
6	7
1	8
1	3
1	10
20	12
20	14
11	2
7	5
8	16
3	17
6	18
10	19
1	9
1	13
1	4
# tree 385
0	1
1	20
20	15
15	6
0	11
20	12
1	8
1	3
1	10
6	7
20	14
11	2
12	4
8	16
3	17
6	18
10	19
1	9
1	13
15	5
# tree 386
0	1
1	20
20	15
15	6
0	11
20	12
1	8
1	3
1	10
6	7
20	14
11	2
12	4
8	16
3	17
6	18
10	19
1	9
1	13
6	5
# tree 387
0	1
1	20
20	15
15	6
0	11
20	12
1	8
1	3
1	10
6	7
20	14
11	2
12	4
8	16
3	17
6	18
10	19
1	9
1	13
20	5
# tree 388
0	1
1	20
20	15
15	6
0	11
20	12
1	8
1	3
1	10
6	7
20	14
11	2
12	4
8	16
3	17
6	18
10	19
1	9
1	13
1	5
# tree 389
0	1
1	20
20	15
15	6
0	11
20	12
6	7
1	8
1	3
20	14
1	10
11	2
12	4
7	5
12	13
8	16
3	17
1	9
1	18
14	19
# tree 390
0	1
1	20
20	15
15	6
0	11
20	12
6	7
1	8
1	3
1	10
20	14
11	2
12	4
7	5
12	13
8	16
3	17
1	9
1	18
20	19
# tree 391
0	1
1	20
20	15
15	6
0	11
20	12
6	7
1	8
1	3
1	10
20	14
11	2
12	4
7	5
12	13
8	16
3	17
1	9
1	18
1	19
# tree 392
0	1
1	20
20	15
15	6
0	11
6	7
20	12
1	8
1	3
1	10
20	14
11	2
7	5
12	13
8	16
3	17
10	19
1	9
1	18
20	4
# tree 393
0	1
1	20
20	15
15	6
0	11
6	7
20	12
1	8
1	3
1	10
20	14
11	2
7	5
12	13
8	16
3	17
10	19
1	9
1	18
1	4
# tree 394
0	1
1	20
20	15
15	6
0	11
20	12
1	8
1	3
1	10
6	7
20	14
11	2
12	4
12	13
8	16
3	17
10	19
1	9
1	18
15	5
# tree 395
0	1
1	20
20	15
15	6
0	11
20	12
1	8
1	3
1	10
6	7
20	14
11	2
12	4
12	13
8	16
3	17
10	19
1	9
1	18
6	5
# tree 396
0	1
1	20
20	15
15	6
0	11
20	12
1	8
1	3
1	10
6	7
20	14
11	2
12	4
12	13
8	16
3	17
10	19
1	9
1	18
20	5
# tree 397
0	1
1	20
20	15
15	6
0	11
20	12
1	8
1	3
1	10
6	7
20	14
11	2
12	4
12	13
8	16
3	17
10	19
1	9
1	18
1	5
# tree 398
0	1
1	20
20	15
15	6
0	11
6	7
20	12
1	8
1	3
1	10
20	14
11	2
7	5
12	13
8	16
3	17
6	18
1	9
1	19
20	4
# tree 399
0	1
1	20
20	15
15	6
0	11
6	7
20	12
1	8
1	3
1	10
20	14
11	2
7	5
12	13
8	16
3	17
6	18
1	9
1	19
1	4
# tree 400
0	1
1	20
20	15
15	6
0	11
20	12
1	8
1	3
6	7
1	10
20	14
11	2
12	4
12	13
8	16
3	17
6	18
1	9
1	19
15	5
# tree 401
0	1
1	20
20	15
15	6
0	11
20	12
1	8
1	3
6	7
1	10
20	14
11	2
12	4
12	13
8	16
3	17
6	18
1	9
1	19
6	5
# tree 402
0	1
1	20
20	15
15	6
0	11
20	12
1	8
1	3
6	7
1	10
20	14
11	2
12	4
12	13
8	16
3	17
6	18
1	9
1	19
20	5
# tree 403
0	1
1	20
20	15
15	6
0	11
20	12
1	8
1	3
6	7
1	10
20	14
11	2
12	4
12	13
8	16
3	17
6	18
1	9
1	19
1	5
# tree 404
0	1
1	20
20	15
15	6
0	11
20	12
1	8
1	3
1	10
6	7
20	14
11	2
12	13
8	16
3	17
6	18
10	19
1	9
1	4
15	5
# tree 405
0	1
1	20
20	15
15	6
0	11
20	12
1	8
1	3
1	10
6	7
20	14
11	2
12	13
8	16
3	17
6	18
10	19
1	9
1	4
6	5
# tree 406
0	1
1	20
20	15
15	6
0	11
20	12
1	8
1	3
1	10
6	7
20	14
11	2
12	13
8	16
3	17
6	18
10	19
1	9
1	4
20	5
# tree 407
0	1
1	20
20	15
15	6
0	11
20	12
1	8
1	3
1	10
6	7
20	14
11	2
12	13
8	16
3	17
6	18
10	19
1	9
1	4
1	5
# tree 408
0	1
1	20
20	15
15	6
20	14
0	11
20	12
6	7
1	8
1	3
14	10
11	2
12	4
7	5
8	16
3	17
1	9
1	13
1	18
14	19
# tree 409
0	1
1	20
20	15
15	6
20	14
0	11
20	12
6	7
1	8
1	3
14	10
11	2
12	4
7	5
8	16
3	17
1	9
1	13
1	18
20	19
# tree 410
0	1
1	20
20	15
15	6
20	14
0	11
20	12
6	7
1	8
1	3
14	10
11	2
12	4
7	5
8	16
3	17
1	9
1	13
1	18
1	19
# tree 411
0	1
1	20
20	15
15	6
20	14
0	11
6	7
1	8
1	3
14	10
20	12
11	2
7	5
8	16
3	17
10	19
1	9
1	13
1	18
20	4
# tree 412
0	1
1	20
20	15
15	6
20	14
0	11
6	7
1	8
1	3
14	10
20	12
11	2
7	5
8	16
3	17
10	19
1	9
1	13
1	18
1	4
# tree 413
0	1
1	20
20	15
15	6
20	14
0	11
20	12
1	8
1	3
14	10
6	7
11	2
12	4
8	16
3	17
10	19
1	9
1	13
1	18
15	5
# tree 414
0	1
1	20
20	15
15	6
20	14
0	11
20	12
1	8
1	3
14	10
6	7
11	2
12	4
8	16
3	17
10	19
1	9
1	13
1	18
6	5
# tree 415
0	1
1	20
20	15
15	6
20	14
0	11
20	12
1	8
1	3
14	10
6	7
11	2
12	4
8	16
3	17
10	19
1	9
1	13
1	18
20	5
# tree 416
0	1
1	20
20	15
15	6
20	14
0	11
20	12
1	8
1	3
14	10
6	7
11	2
12	4
8	16
3	17
10	19
1	9
1	13
1	18
1	5
# tree 417
0	1
1	20
20	15
15	6
20	14
0	11
6	7
1	8
1	3
20	12
14	10
11	2
7	5
8	16
3	17
6	18
1	9
1	13
1	19
20	4
# tree 418
0	1
1	20
20	15
15	6
20	14
0	11
6	7
1	8
1	3
20	12
14	10
11	2
7	5
8	16
3	17
6	18
1	9
1	13
1	19
1	4
# tree 419
0	1
1	20
20	15
15	6
20	14
0	11
20	12
1	8
1	3
6	7
14	10
11	2
12	4
8	16
3	17
6	18
1	9
1	13
1	19
15	5
# tree 420
0	1
1	20
20	15
15	6
20	14
0	11
20	12
1	8
1	3
6	7
14	10
11	2
12	4
8	16
3	17
6	18
1	9
1	13
1	19
6	5
# tree 421
0	1
1	20
20	15
15	6
20	14
0	11
20	12
1	8
1	3
6	7
14	10
11	2
12	4
8	16
3	17
6	18
1	9
1	13
1	19
20	5
# tree 422
0	1
1	20
20	15
15	6
20	14
0	11
20	12
1	8
1	3
6	7
14	10
11	2
12	4
8	16
3	17
6	18
1	9
1	13
1	19
1	5
# tree 423
0	1
1	20
20	15
15	6
20	14
0	11
1	8
1	3
14	10
6	7
20	12
11	2
8	16
3	17
6	18
10	19
1	9
1	13
1	4
15	5
# tree 424
0	1
1	20
20	15
15	6
20	14
0	11
1	8
1	3
14	10
6	7
20	12
11	2
8	16
3	17
6	18
10	19
1	9
1	13
1	4
6	5
# tree 425
0	1
1	20
20	15
15	6
20	14
0	11
1	8
1	3
14	10
6	7
20	12
11	2
8	16
3	17
6	18
10	19
1	9
1	13
1	4
20	5
# tree 426
0	1
1	20
20	15
15	6
20	14
0	11
1	8
1	3
14	10
6	7
20	12
11	2
8	16
3	17
6	18
10	19
1	9
1	13
1	4
1	5
# tree 427
0	1
1	20
20	15
15	6
20	14
0	11
6	7
20	12
1	8
1	3
14	10
11	2
7	5
12	13
8	16
3	17
1	9
1	18
1	19
20	4
# tree 428
0	1
1	20
20	15
15	6
20	14
0	11
6	7
20	12
1	8
1	3
14	10
11	2
7	5
12	13
8	16
3	17
1	9
1	18
1	19
1	4
# tree 429
0	1
1	20
20	15
15	6
20	14
0	11
20	12
1	8
1	3
6	7
14	10
11	2
12	4
12	13
8	16
3	17
1	9
1	18
1	19
15	5
# tree 430
0	1
1	20
20	15
15	6
20	14
0	11
20	12
1	8
1	3
6	7
14	10
11	2
12	4
12	13
8	16
3	17
1	9
1	18
1	19
6	5
# tree 431
0	1
1	20
20	15
15	6
20	14
0	11
20	12
1	8
1	3
6	7
14	10
11	2
12	4
12	13
8	16
3	17
1	9
1	18
1	19
20	5
# tree 432
0	1
1	20
20	15
15	6
20	14
0	11
20	12
1	8
1	3
6	7
14	10
11	2
12	4
12	13
8	16
3	17
1	9
1	18
1	19
1	5
# tree 433
0	1
1	20
20	15
15	6
20	14
0	11
20	12
1	8
1	3
14	10
6	7
11	2
12	13
8	16
3	17
10	19
1	9
1	18
1	4
15	5
# tree 434
0	1
1	20
20	15
15	6
20	14
0	11
20	12
1	8
1	3
14	10
6	7
11	2
12	13
8	16
3	17
10	19
1	9
1	18
1	4
6	5
# tree 435
0	1
1	20
20	15
15	6
20	14
0	11
20	12
1	8
1	3
14	10
6	7
11	2
12	13
8	16
3	17
10	19
1	9
1	18
1	4
20	5
# tree 436
0	1
1	20
20	15
15	6
20	14
0	11
20	12
1	8
1	3
14	10
6	7
11	2
12	13
8	16
3	17
10	19
1	9
1	18
1	4
1	5
# tree 437
0	1
1	20
20	15
15	6
20	14
0	11
20	12
1	8
1	3
6	7
14	10
11	2
12	13
8	16
3	17
6	18
1	9
1	19
1	4
15	5
# tree 438
0	1
1	20
20	15
15	6
20	14
0	11
20	12
1	8
1	3
6	7
14	10
11	2
12	13
8	16
3	17
6	18
1	9
1	19
1	4
6	5
# tree 439
0	1
1	20
20	15
15	6
20	14
0	11
20	12
1	8
1	3
6	7
14	10
11	2
12	13
8	16
3	17
6	18
1	9
1	19
1	4
20	5
# tree 440
0	1
1	20
20	15
15	6
20	14
0	11
20	12
1	8
1	3
6	7
14	10
11	2
12	13
8	16
3	17
6	18
1	9
1	19
1	4
1	5
# tree 441
0	1
1	20
20	15
15	6
0	11
20	12
6	7
1	3
1	8
20	14
1	10
11	2
12	4
7	5
3	9
8	16
3	17
1	13
1	18
14	19
# tree 442
0	1
1	20
20	15
15	6
0	11
20	12
6	7
1	3
1	8
1	10
20	14
11	2
12	4
7	5
3	9
8	16
3	17
1	13
1	18
20	19
# tree 443
0	1
1	20
20	15
15	6
0	11
20	12
6	7
1	3
1	8
1	10
20	14
11	2
12	4
7	5
3	9
8	16
3	17
1	13
1	18
1	19
# tree 444
0	1
1	20
20	15
15	6
0	11
6	7
1	3
1	8
1	10
20	12
20	14
11	2
7	5
3	9
8	16
3	17
10	19
1	13
1	18
20	4
# tree 445
0	1
1	20
20	15
15	6
0	11
6	7
1	3
1	8
1	10
20	12
20	14
11	2
7	5
3	9
8	16
3	17
10	19
1	13
1	18
1	4
# tree 446
0	1
1	20
20	15
15	6
0	11
20	12
1	3
1	8
1	10
6	7
20	14
11	2
12	4
3	9
8	16
3	17
10	19
1	13
1	18
15	5
# tree 447
0	1
1	20
20	15
15	6
0	11
20	12
1	3
1	8
1	10
6	7
20	14
11	2
12	4
3	9
8	16
3	17
10	19
1	13
1	18
6	5
# tree 448
0	1
1	20
20	15
15	6
0	11
20	12
1	3
1	8
1	10
6	7
20	14
11	2
12	4
3	9
8	16
3	17
10	19
1	13
1	18
20	5
# tree 449
0	1
1	20
20	15
15	6
0	11
20	12
1	3
1	8
1	10
6	7
20	14
11	2
12	4
3	9
8	16
3	17
10	19
1	13
1	18
1	5
# tree 450
0	1
1	20
20	15
15	6
0	11
6	7
1	3
1	8
20	12
1	10
20	14
11	2
7	5
3	9
8	16
3	17
6	18
1	13
1	19
20	4
# tree 451
0	1
1	20
20	15
15	6
0	11
6	7
1	3
1	8
20	12
1	10
20	14
11	2
7	5
3	9
8	16
3	17
6	18
1	13
1	19
1	4
# tree 452
0	1
1	20
20	15
15	6
0	11
20	12
1	3
1	8
6	7
1	10
20	14
11	2
12	4
3	9
8	16
3	17
6	18
1	13
1	19
15	5
# tree 453
0	1
1	20
20	15
15	6
0	11
20	12
1	3
1	8
6	7
1	10
20	14
11	2
12	4
3	9
8	16
3	17
6	18
1	13
1	19
6	5
# tree 454
0	1
1	20
20	15
15	6
0	11
20	12
1	3
1	8
6	7
1	10
20	14
11	2
12	4
3	9
8	16
3	17
6	18
1	13
1	19
20	5
# tree 455
0	1
1	20
20	15
15	6
0	11
20	12
1	3
1	8
6	7
1	10
20	14
11	2
12	4
3	9
8	16
3	17
6	18
1	13
1	19
1	5
# tree 456
0	1
1	20
20	15
15	6
0	11
1	3
1	8
1	10
6	7
20	12
20	14
11	2
3	9
8	16
3	17
6	18
10	19
1	13
1	4
15	5
# tree 457
0	1
1	20
20	15
15	6
0	11
1	3
1	8
1	10
6	7
20	12
20	14
11	2
3	9
8	16
3	17
6	18
10	19
1	13
1	4
6	5
# tree 458
0	1
1	20
20	15
15	6
0	11
1	3
1	8
1	10
6	7
20	12
20	14
11	2
3	9
8	16
3	17
6	18
10	19
1	13
1	4
20	5
# tree 459
0	1
1	20
20	15
15	6
0	11
1	3
1	8
1	10
6	7
20	12
20	14
11	2
3	9
8	16
3	17
6	18
10	19
1	13
1	4
1	5
# tree 460
0	1
1	20
20	15
15	6
0	11
6	7
1	3
20	12
1	8
1	10
20	14
11	2
7	5
3	9
12	13
8	16
3	17
1	18
1	19
20	4
# tree 461
0	1
1	20
20	15
15	6
0	11
6	7
1	3
20	12
1	8
1	10
20	14
11	2
7	5
3	9
12	13
8	16
3	17
1	18
1	19
1	4
# tree 462
0	1
1	20
20	15
15	6
0	11
20	12
1	3
1	8
6	7
1	10
20	14
11	2
12	4
3	9
12	13
8	16
3	17
1	18
1	19
15	5
# tree 463
0	1
1	20
20	15
15	6
0	11
20	12
1	3
1	8
6	7
1	10
20	14
11	2
12	4
3	9
12	13
8	16
3	17
1	18
1	19
6	5
# tree 464
0	1
1	20
20	15
15	6
0	11
20	12
1	3
1	8
6	7
1	10
20	14
11	2
12	4
3	9
12	13
8	16
3	17
1	18
1	19
20	5
# tree 465
0	1
1	20
20	15
15	6
0	11
20	12
1	3
1	8
6	7
1	10
20	14
11	2
12	4
3	9
12	13
8	16
3	17
1	18
1	19
1	5
# tree 466
0	1
1	20
20	15
15	6
0	11
1	3
20	12
1	8
1	10
6	7
20	14
11	2
3	9
12	13
8	16
3	17
10	19
1	18
1	4
15	5
# tree 467
0	1
1	20
20	15
15	6
0	11
1	3
20	12
1	8
1	10
6	7
20	14
11	2
3	9
12	13
8	16
3	17
10	19
1	18
1	4
6	5
# tree 468
0	1
1	20
20	15
15	6
0	11
1	3
20	12
1	8
1	10
6	7
20	14
11	2
3	9
12	13
8	16
3	17
10	19
1	18
1	4
20	5
# tree 469
0	1
1	20
20	15
15	6
0	11
1	3
20	12
1	8
1	10
6	7
20	14
11	2
3	9
12	13
8	16
3	17
10	19
1	18
1	4
1	5
# tree 470
0	1
1	20
20	15
15	6
0	11
1	3
20	12
1	8
6	7
1	10
20	14
11	2
3	9
12	13
8	16
3	17
6	18
1	19
1	4
15	5
# tree 471
0	1
1	20
20	15
15	6
0	11
1	3
20	12
1	8
6	7
1	10
20	14
11	2
3	9
12	13
8	16
3	17
6	18
1	19
1	4
6	5
# tree 472
0	1
1	20
20	15
15	6
0	11
1	3
20	12
1	8
6	7
1	10
20	14
11	2
3	9
12	13
8	16
3	17
6	18
1	19
1	4
20	5
# tree 473
0	1
1	20
20	15
15	6
0	11
1	3
20	12
1	8
6	7
1	10
20	14
11	2
3	9
12	13
8	16
3	17
6	18
1	19
1	4
1	5
# tree 474
0	1
1	20
20	15
15	6
20	14
0	11
6	7
1	3
1	8
20	12
14	10
11	2
7	5
3	9
8	16
3	17
1	13
1	18
1	19
20	4
# tree 475
0	1
1	20
20	15
15	6
20	14
0	11
6	7
1	3
1	8
20	12
14	10
11	2
7	5
3	9
8	16
3	17
1	13
1	18
1	19
1	4
# tree 476
0	1
1	20
20	15
15	6
20	14
0	11
20	12
1	3
1	8
6	7
14	10
11	2
12	4
3	9
8	16
3	17
1	13
1	18
1	19
15	5
# tree 477
0	1
1	20
20	15
15	6
20	14
0	11
20	12
1	3
1	8
6	7
14	10
11	2
12	4
3	9
8	16
3	17
1	13
1	18
1	19
6	5
# tree 478
0	1
1	20
20	15
15	6
20	14
0	11
20	12
1	3
1	8
6	7
14	10
11	2
12	4
3	9
8	16
3	17
1	13
1	18
1	19
20	5
# tree 479
0	1
1	20
20	15
15	6
20	14
0	11
20	12
1	3
1	8
6	7
14	10
11	2
12	4
3	9
8	16
3	17
1	13
1	18
1	19
1	5
# tree 480
0	1
1	20
20	15
15	6
20	14
0	11
1	3
1	8
14	10
6	7
20	12
11	2
3	9
8	16
3	17
10	19
1	13
1	18
1	4
15	5
# tree 481
0	1
1	20
20	15
15	6
20	14
0	11
1	3
1	8
14	10
6	7
20	12
11	2
3	9
8	16
3	17
10	19
1	13
1	18
1	4
6	5
# tree 482
0	1
1	20
20	15
15	6
20	14
0	11
1	3
1	8
14	10
6	7
20	12
11	2
3	9
8	16
3	17
10	19
1	13
1	18
1	4
20	5
# tree 483
0	1
1	20
20	15
15	6
20	14
0	11
1	3
1	8
14	10
6	7
20	12
11	2
3	9
8	16
3	17
10	19
1	13
1	18
1	4
1	5
# tree 484
0	1
1	20
20	15
15	6
20	14
0	11
1	3
1	8
6	7
20	12
14	10
11	2
3	9
8	16
3	17
6	18
1	13
1	19
1	4
15	5
# tree 485
0	1
1	20
20	15
15	6
20	14
0	11
1	3
1	8
6	7
20	12
14	10
11	2
3	9
8	16
3	17
6	18
1	13
1	19
1	4
6	5
# tree 486
0	1
1	20
20	15
15	6
20	14
0	11
1	3
1	8
6	7
20	12
14	10
11	2
3	9
8	16
3	17
6	18
1	13
1	19
1	4
20	5
# tree 487
0	1
1	20
20	15
15	6
20	14
0	11
1	3
1	8
6	7
20	12
14	10
11	2
3	9
8	16
3	17
6	18
1	13
1	19
1	4
1	5
# tree 488
0	1
1	20
20	15
15	6
20	14
0	11
1	3
20	12
1	8
6	7
14	10
11	2
3	9
12	13
8	16
3	17
1	18
1	19
1	4
15	5
# tree 489
0	1
1	20
20	15
15	6
20	14
0	11
1	3
20	12
1	8
6	7
14	10
11	2
3	9
12	13
8	16
3	17
1	18
1	19
1	4
6	5
# tree 490
0	1
1	20
20	15
15	6
20	14
0	11
1	3
20	12
1	8
6	7
14	10
11	2
3	9
12	13
8	16
3	17
1	18
1	19
1	4
20	5
# tree 491
0	1
1	20
20	15
15	6
20	14
0	11
1	3
20	12
1	8
6	7
14	10
11	2
3	9
12	13
8	16
3	17
1	18
1	19
1	4
1	5
# tree 492
0	1
1	20
20	15
0	11
20	12
15	7
1	8
1	3
1	10
15	6
20	14
11	2
12	4
7	5
8	16
3	17
10	19
1	9
1	13
15	18
# tree 493
0	1
1	20
20	15
0	11
20	12
15	7
1	8
1	3
1	10
15	6
20	14
11	2
12	4
7	5
8	16
3	17
10	19
1	9
1	13
20	18
# tree 494
0	1
1	20
20	15
0	11
20	12
15	7
1	8
1	3
1	10
15	6
20	14
11	2
12	4
7	5
8	16
3	17
10	19
1	9
1	13
1	18
# tree 495
0	1
1	20
20	15
0	11
20	12
15	7
1	8
1	3
15	6
20	14
1	10
11	2
12	4
7	5
8	16
3	17
6	18
1	9
1	13
14	19
# tree 496
0	1
1	20
20	15
0	11
20	12
15	7
1	8
1	3
15	6
1	10
20	14
11	2
12	4
7	5
8	16
3	17
6	18
1	9
1	13
20	19
# tree 497
0	1
1	20
20	15
0	11
20	12
15	7
1	8
1	3
15	6
1	10
20	14
11	2
12	4
7	5
8	16
3	17
6	18
1	9
1	13
1	19
# tree 498
0	1
1	20
20	15
0	11
15	7
1	8
1	3
15	6
1	10
20	12
20	14
11	2
7	5
8	16
3	17
6	18
10	19
1	9
1	13
20	4
# tree 499
0	1
1	20
20	15
0	11
15	7
1	8
1	3
15	6
1	10
20	12
20	14
11	2
7	5
8	16
3	17
6	18
10	19
1	9
1	13
1	4
# tree 500
0	1
1	20
20	15
0	11
20	12
1	8
1	3
15	6
1	10
15	7
20	14
11	2
12	4
8	16
3	17
6	18
10	19
1	9
1	13
15	5
# tree 501
0	1
1	20
20	15
0	11
20	12
1	8
1	3
15	6
1	10
15	7
20	14
11	2
12	4
8	16
3	17
6	18
10	19
1	9
1	13
6	5
# tree 502
0	1
1	20
20	15
0	11
20	12
1	8
1	3
15	6
1	10
15	7
20	14
11	2
12	4
8	16
3	17
6	18
10	19
1	9
1	13
20	5
# tree 503
0	1
1	20
20	15
0	11
20	12
1	8
1	3
15	6
1	10
15	7
20	14
11	2
12	4
8	16
3	17
6	18
10	19
1	9
1	13
1	5
# tree 504
0	1
1	20
20	15
0	11
20	12
15	7
1	8
1	3
20	14
1	10
15	6
11	2
12	4
7	5
12	13
8	16
3	17
1	9
1	18
14	19
# tree 505
0	1
1	20
20	15
0	11
20	12
15	7
1	8
1	3
1	10
15	6
20	14
11	2
12	4
7	5
12	13
8	16
3	17
1	9
1	18
20	19
# tree 506
0	1
1	20
20	15
0	11
20	12
15	7
1	8
1	3
1	10
15	6
20	14
11	2
12	4
7	5
12	13
8	16
3	17
1	9
1	18
1	19
# tree 507
0	1
1	20
20	15
0	11
15	7
20	12
1	8
1	3
1	10
15	6
20	14
11	2
7	5
12	13
8	16
3	17
10	19
1	9
1	18
20	4
# tree 508
0	1
1	20
20	15
0	11
15	7
20	12
1	8
1	3
1	10
15	6
20	14
11	2
7	5
12	13
8	16
3	17
10	19
1	9
1	18
1	4
# tree 509
0	1
1	20
20	15
0	11
20	12
1	8
1	3
1	10
15	7
15	6
20	14
11	2
12	4
12	13
8	16
3	17
10	19
1	9
1	18
15	5
# tree 510
0	1
1	20
20	15
0	11
20	12
1	8
1	3
1	10
15	6
15	7
20	14
11	2
12	4
12	13
8	16
3	17
10	19
1	9
1	18
6	5
# tree 511
0	1
1	20
20	15
0	11
20	12
1	8
1	3
1	10
15	7
15	6
20	14
11	2
12	4
12	13
8	16
3	17
10	19
1	9
1	18
20	5
# tree 512
0	1
1	20
20	15
0	11
20	12
1	8
1	3
1	10
15	7
15	6
20	14
11	2
12	4
12	13
8	16
3	17
10	19
1	9
1	18
1	5
# tree 513
0	1
1	20
20	15
0	11
15	7
20	12
1	8
1	3
15	6
1	10
20	14
11	2
7	5
12	13
8	16
3	17
6	18
1	9
1	19
20	4
# tree 514
0	1
1	20
20	15
0	11
15	7
20	12
1	8
1	3
15	6
1	10
20	14
11	2
7	5
12	13
8	16
3	17
6	18
1	9
1	19
1	4
# tree 515
0	1
1	20
20	15
0	11
20	12
1	8
1	3
15	6
15	7
1	10
20	14
11	2
12	4
12	13
8	16
3	17
6	18
1	9
1	19
15	5
# tree 516
0	1
1	20
20	15
0	11
20	12
1	8
1	3
15	6
15	7
1	10
20	14
11	2
12	4
12	13
8	16
3	17
6	18
1	9
1	19
6	5
# tree 517
0	1
1	20
20	15
0	11
20	12
1	8
1	3
15	6
15	7
1	10
20	14
11	2
12	4
12	13
8	16
3	17
6	18
1	9
1	19
20	5
# tree 518
0	1
1	20
20	15
0	11
20	12
1	8
1	3
15	6
15	7
1	10
20	14
11	2
12	4
12	13
8	16
3	17
6	18
1	9
1	19
1	5
# tree 519
0	1
1	20
20	15
0	11
20	12
1	8
1	3
15	6
1	10
15	7
20	14
11	2
12	13
8	16
3	17
6	18
10	19
1	9
1	4
15	5
# tree 520
0	1
1	20
20	15
0	11
20	12
1	8
1	3
15	6
1	10
15	7
20	14
11	2
12	13
8	16
3	17
6	18
10	19
1	9
1	4
6	5
# tree 521
0	1
1	20
20	15
0	11
20	12
1	8
1	3
15	6
1	10
15	7
20	14
11	2
12	13
8	16
3	17
6	18
10	19
1	9
1	4
20	5
# tree 522
0	1
1	20
20	15
0	11
20	12
1	8
1	3
15	6
1	10
15	7
20	14
11	2
12	13
8	16
3	17
6	18
10	19
1	9
1	4
1	5
# tree 523
0	1
1	20
20	15
20	14
0	11
20	12
15	7
1	8
1	3
14	10
15	6
11	2
12	4
7	5
8	16
3	17
1	9
1	13
1	18
14	19
# tree 524
0	1
1	20
20	15
20	14
0	11
20	12
15	7
1	8
1	3
14	10
15	6
11	2
12	4
7	5
8	16
3	17
1	9
1	13
1	18
20	19
# tree 525
0	1
1	20
20	15
20	14
0	11
20	12
15	7
1	8
1	3
14	10
15	6
11	2
12	4
7	5
8	16
3	17
1	9
1	13
1	18
1	19
# tree 526
0	1
1	20
20	15
20	14
0	11
15	7
1	8
1	3
14	10
20	12
15	6
11	2
7	5
8	16
3	17
10	19
1	9
1	13
1	18
20	4
# tree 527
0	1
1	20
20	15
20	14
0	11
15	7
1	8
1	3
14	10
20	12
15	6
11	2
7	5
8	16
3	17
10	19
1	9
1	13
1	18
1	4
# tree 528
0	1
1	20
20	15
20	14
0	11
20	12
1	8
1	3
14	10
15	7
15	6
11	2
12	4
8	16
3	17
10	19
1	9
1	13
1	18
15	5
# tree 529
0	1
1	20
20	15
20	14
0	11
20	12
1	8
1	3
14	10
15	6
15	7
11	2
12	4
8	16
3	17
10	19
1	9
1	13
1	18
6	5
# tree 530
0	1
1	20
20	15
20	14
0	11
20	12
1	8
1	3
14	10
15	7
15	6
11	2
12	4
8	16
3	17
10	19
1	9
1	13
1	18
20	5
# tree 531
0	1
1	20
20	15
20	14
0	11
20	12
1	8
1	3
14	10
15	7
15	6
11	2
12	4
8	16
3	17
10	19
1	9
1	13
1	18
1	5
# tree 532
0	1
1	20
20	15
20	14
0	11
15	7
1	8
1	3
15	6
20	12
14	10
11	2
7	5
8	16
3	17
6	18
1	9
1	13
1	19
20	4
# tree 533
0	1
1	20
20	15
20	14
0	11
15	7
1	8
1	3
15	6
20	12
14	10
11	2
7	5
8	16
3	17
6	18
1	9
1	13
1	19
1	4
# tree 534
0	1
1	20
20	15
20	14
0	11
20	12
1	8
1	3
15	6
15	7
14	10
11	2
12	4
8	16
3	17
6	18
1	9
1	13
1	19
15	5
# tree 535
0	1
1	20
20	15
20	14
0	11
20	12
1	8
1	3
15	6
15	7
14	10
11	2
12	4
8	16
3	17
6	18
1	9
1	13
1	19
6	5
# tree 536
0	1
1	20
20	15
20	14
0	11
20	12
1	8
1	3
15	6
15	7
14	10
11	2
12	4
8	16
3	17
6	18
1	9
1	13
1	19
20	5
# tree 537
0	1
1	20
20	15
20	14
0	11
20	12
1	8
1	3
15	6
15	7
14	10
11	2
12	4
8	16
3	17
6	18
1	9
1	13
1	19
1	5
# tree 538
0	1
1	20
20	15
20	14
0	11
1	8
1	3
15	6
14	10
15	7
20	12
11	2
8	16
3	17
6	18
10	19
1	9
1	13
1	4
15	5
# tree 539
0	1
1	20
20	15
20	14
0	11
1	8
1	3
15	6
14	10
15	7
20	12
11	2
8	16
3	17
6	18
10	19
1	9
1	13
1	4
6	5
# tree 540
0	1
1	20
20	15
20	14
0	11
1	8
1	3
15	6
14	10
15	7
20	12
11	2
8	16
3	17
6	18
10	19
1	9
1	13
1	4
20	5
# tree 541
0	1
1	20
20	15
20	14
0	11
1	8
1	3
15	6
14	10
15	7
20	12
11	2
8	16
3	17
6	18
10	19
1	9
1	13
1	4
1	5
# tree 542
0	1
1	20
20	15
20	14
0	11
15	7
20	12
1	8
1	3
14	10
15	6
11	2
7	5
12	13
8	16
3	17
1	9
1	18
1	19
20	4
# tree 543
0	1
1	20
20	15
20	14
0	11
15	7
20	12
1	8
1	3
14	10
15	6
11	2
7	5
12	13
8	16
3	17
1	9
1	18
1	19
1	4
# tree 544
0	1
1	20
20	15
20	14
0	11
20	12
1	8
1	3
15	7
14	10
15	6
11	2
12	4
12	13
8	16
3	17
1	9
1	18
1	19
15	5
# tree 545
0	1
1	20
20	15
20	14
0	11
20	12
1	8
1	3
15	6
15	7
14	10
11	2
12	4
12	13
8	16
3	17
1	9
1	18
1	19
6	5
# tree 546
0	1
1	20
20	15
20	14
0	11
20	12
1	8
1	3
15	7
14	10
15	6
11	2
12	4
12	13
8	16
3	17
1	9
1	18
1	19
20	5
# tree 547
0	1
1	20
20	15
20	14
0	11
20	12
1	8
1	3
15	7
14	10
15	6
11	2
12	4
12	13
8	16
3	17
1	9
1	18
1	19
1	5
# tree 548
0	1
1	20
20	15
20	14
0	11
20	12
1	8
1	3
14	10
15	7
15	6
11	2
12	13
8	16
3	17
10	19
1	9
1	18
1	4
15	5
# tree 549
0	1
1	20
20	15
20	14
0	11
20	12
1	8
1	3
14	10
15	6
15	7
11	2
12	13
8	16
3	17
10	19
1	9
1	18
1	4
6	5
# tree 550
0	1
1	20
20	15
20	14
0	11
20	12
1	8
1	3
14	10
15	7
15	6
11	2
12	13
8	16
3	17
10	19
1	9
1	18
1	4
20	5
# tree 551
0	1
1	20
20	15
20	14
0	11
20	12
1	8
1	3
14	10
15	7
15	6
11	2
12	13
8	16
3	17
10	19
1	9
1	18
1	4
1	5
# tree 552
0	1
1	20
20	15
20	14
0	11
20	12
1	8
1	3
15	6
15	7
14	10
11	2
12	13
8	16
3	17
6	18
1	9
1	19
1	4
15	5
# tree 553
0	1
1	20
20	15
20	14
0	11
20	12
1	8
1	3
15	6
15	7
14	10
11	2
12	13
8	16
3	17
6	18
1	9
1	19
1	4
6	5
# tree 554
0	1
1	20
20	15
20	14
0	11
20	12
1	8
1	3
15	6
15	7
14	10
11	2
12	13
8	16
3	17
6	18
1	9
1	19
1	4
20	5
# tree 555
0	1
1	20
20	15
20	14
0	11
20	12
1	8
1	3
15	6
15	7
14	10
11	2
12	13
8	16
3	17
6	18
1	9
1	19
1	4
1	5
# tree 556
0	1
1	20
20	15
0	11
20	12
15	7
1	3
1	8
20	14
1	10
15	6
11	2
12	4
7	5
3	9
8	16
3	17
1	13
1	18
14	19
# tree 557
0	1
1	20
20	15
0	11
20	12
15	7
1	3
1	8
1	10
15	6
20	14
11	2
12	4
7	5
3	9
8	16
3	17
1	13
1	18
20	19
# tree 558
0	1
1	20
20	15
0	11
20	12
15	7
1	3
1	8
1	10
15	6
20	14
11	2
12	4
7	5
3	9
8	16
3	17
1	13
1	18
1	19
# tree 559
0	1
1	20
20	15
0	11
15	7
1	3
1	8
1	10
20	12
15	6
20	14
11	2
7	5
3	9
8	16
3	17
10	19
1	13
1	18
20	4
# tree 560
0	1
1	20
20	15
0	11
15	7
1	3
1	8
1	10
20	12
15	6
20	14
11	2
7	5
3	9
8	16
3	17
10	19
1	13
1	18
1	4
# tree 561
0	1
1	20
20	15
0	11
20	12
1	3
1	8
1	10
15	7
15	6
20	14
11	2
12	4
3	9
8	16
3	17
10	19
1	13
1	18
15	5
# tree 562
0	1
1	20
20	15
0	11
20	12
1	3
1	8
1	10
15	6
15	7
20	14
11	2
12	4
3	9
8	16
3	17
10	19
1	13
1	18
6	5
# tree 563
0	1
1	20
20	15
0	11
20	12
1	3
1	8
1	10
15	7
15	6
20	14
11	2
12	4
3	9
8	16
3	17
10	19
1	13
1	18
20	5
# tree 564
0	1
1	20
20	15
0	11
20	12
1	3
1	8
1	10
15	7
15	6
20	14
11	2
12	4
3	9
8	16
3	17
10	19
1	13
1	18
1	5
# tree 565
0	1
1	20
20	15
0	11
15	7
1	3
1	8
15	6
20	12
1	10
20	14
11	2
7	5
3	9
8	16
3	17
6	18
1	13
1	19
20	4
# tree 566
0	1
1	20
20	15
0	11
15	7
1	3
1	8
15	6
20	12
1	10
20	14
11	2
7	5
3	9
8	16
3	17
6	18
1	13
1	19
1	4
# tree 567
0	1
1	20
20	15
0	11
20	12
1	3
1	8
15	6
15	7
1	10
20	14
11	2
12	4
3	9
8	16
3	17
6	18
1	13
1	19
15	5
# tree 568
0	1
1	20
20	15
0	11
20	12
1	3
1	8
15	6
15	7
1	10
20	14
11	2
12	4
3	9
8	16
3	17
6	18
1	13
1	19
6	5
# tree 569
0	1
1	20
20	15
0	11
20	12
1	3
1	8
15	6
15	7
1	10
20	14
11	2
12	4
3	9
8	16
3	17
6	18
1	13
1	19
20	5
# tree 570
0	1
1	20
20	15
0	11
20	12
1	3
1	8
15	6
15	7
1	10
20	14
11	2
12	4
3	9
8	16
3	17
6	18
1	13
1	19
1	5
# tree 571
0	1
1	20
20	15
0	11
1	3
1	8
15	6
1	10
15	7
20	12
20	14
11	2
3	9
8	16
3	17
6	18
10	19
1	13
1	4
15	5
# tree 572
0	1
1	20
20	15
0	11
1	3
1	8
15	6
1	10
15	7
20	12
20	14
11	2
3	9
8	16
3	17
6	18
10	19
1	13
1	4
6	5
# tree 573
0	1
1	20
20	15
0	11
1	3
1	8
15	6
1	10
15	7
20	12
20	14
11	2
3	9
8	16
3	17
6	18
10	19
1	13
1	4
20	5
# tree 574
0	1
1	20
20	15
0	11
1	3
1	8
15	6
1	10
15	7
20	12
20	14
11	2
3	9
8	16
3	17
6	18
10	19
1	13
1	4
1	5
# tree 575
0	1
1	20
20	15
0	11
15	7
1	3
20	12
1	8
1	10
15	6
20	14
11	2
7	5
3	9
12	13
8	16
3	17
1	18
1	19
20	4
# tree 576
0	1
1	20
20	15
0	11
15	7
1	3
20	12
1	8
1	10
15	6
20	14
11	2
7	5
3	9
12	13
8	16
3	17
1	18
1	19
1	4
# tree 577
0	1
1	20
20	15
0	11
20	12
1	3
1	8
15	7
1	10
15	6
20	14
11	2
12	4
3	9
12	13
8	16
3	17
1	18
1	19
15	5
# tree 578
0	1
1	20
20	15
0	11
20	12
1	3
1	8
15	6
15	7
1	10
20	14
11	2
12	4
3	9
12	13
8	16
3	17
1	18
1	19
6	5
# tree 579
0	1
1	20
20	15
0	11
20	12
1	3
1	8
15	7
1	10
15	6
20	14
11	2
12	4
3	9
12	13
8	16
3	17
1	18
1	19
20	5
# tree 580
0	1
1	20
20	15
0	11
20	12
1	3
1	8
15	7
1	10
15	6
20	14
11	2
12	4
3	9
12	13
8	16
3	17
1	18
1	19
1	5
# tree 581
0	1
1	20
20	15
0	11
1	3
20	12
1	8
1	10
15	7
15	6
20	14
11	2
3	9
12	13
8	16
3	17
10	19
1	18
1	4
15	5
# tree 582
0	1
1	20
20	15
0	11
1	3
20	12
1	8
1	10
15	6
15	7
20	14
11	2
3	9
12	13
8	16
3	17
10	19
1	18
1	4
6	5
# tree 583
0	1
1	20
20	15
0	11
1	3
20	12
1	8
1	10
15	7
15	6
20	14
11	2
3	9
12	13
8	16
3	17
10	19
1	18
1	4
20	5
# tree 584
0	1
1	20
20	15
0	11
1	3
20	12
1	8
1	10
15	7
15	6
20	14
11	2
3	9
12	13
8	16
3	17
10	19
1	18
1	4
1	5
# tree 585
0	1
1	20
20	15
0	11
1	3
20	12
1	8
15	6
15	7
1	10
20	14
11	2
3	9
12	13
8	16
3	17
6	18
1	19
1	4
15	5
# tree 586
0	1
1	20
20	15
0	11
1	3
20	12
1	8
15	6
15	7
1	10
20	14
11	2
3	9
12	13
8	16
3	17
6	18
1	19
1	4
6	5
# tree 587
0	1
1	20
20	15
0	11
1	3
20	12
1	8
15	6
15	7
1	10
20	14
11	2
3	9
12	13
8	16
3	17
6	18
1	19
1	4
20	5
# tree 588
0	1
1	20
20	15
0	11
1	3
20	12
1	8
15	6
15	7
1	10
20	14
11	2
3	9
12	13
8	16
3	17
6	18
1	19
1	4
1	5
# tree 589
0	1
1	20
20	15
20	14
0	11
15	7
1	3
1	8
20	12
14	10
15	6
11	2
7	5
3	9
8	16
3	17
1	13
1	18
1	19
20	4
# tree 590
0	1
1	20
20	15
20	14
0	11
15	7
1	3
1	8
20	12
14	10
15	6
11	2
7	5
3	9
8	16
3	17
1	13
1	18
1	19
1	4
# tree 591
0	1
1	20
20	15
20	14
0	11
20	12
1	3
1	8
15	7
14	10
15	6
11	2
12	4
3	9
8	16
3	17
1	13
1	18
1	19
15	5
# tree 592
0	1
1	20
20	15
20	14
0	11
20	12
1	3
1	8
15	6
15	7
14	10
11	2
12	4
3	9
8	16
3	17
1	13
1	18
1	19
6	5
# tree 593
0	1
1	20
20	15
20	14
0	11
20	12
1	3
1	8
15	7
14	10
15	6
11	2
12	4
3	9
8	16
3	17
1	13
1	18
1	19
20	5
# tree 594
0	1
1	20
20	15
20	14
0	11
20	12
1	3
1	8
15	7
14	10
15	6
11	2
12	4
3	9
8	16
3	17
1	13
1	18
1	19
1	5
# tree 595
0	1
1	20
20	15
20	14
0	11
1	3
1	8
14	10
15	7
20	12
15	6
11	2
3	9
8	16
3	17
10	19
1	13
1	18
1	4
15	5
# tree 596
0	1
1	20
20	15
20	14
0	11
1	3
1	8
14	10
15	6
15	7
20	12
11	2
3	9
8	16
3	17
10	19
1	13
1	18
1	4
6	5
# tree 597
0	1
1	20
20	15
20	14
0	11
1	3
1	8
14	10
15	7
20	12
15	6
11	2
3	9
8	16
3	17
10	19
1	13
1	18
1	4
20	5
# tree 598
0	1
1	20
20	15
20	14
0	11
1	3
1	8
14	10
15	7
20	12
15	6
11	2
3	9
8	16
3	17
10	19
1	13
1	18
1	4
1	5
# tree 599
0	1
1	20
20	15
20	14
0	11
1	3
1	8
15	6
15	7
20	12
14	10
11	2
3	9
8	16
3	17
6	18
1	13
1	19
1	4
15	5
# tree 600
0	1
1	20
20	15
20	14
0	11
1	3
1	8
15	6
15	7
20	12
14	10
11	2
3	9
8	16
3	17
6	18
1	13
1	19
1	4
6	5
# tree 601
0	1
1	20
20	15
20	14
0	11
1	3
1	8
15	6
15	7
20	12
14	10
11	2
3	9
8	16
3	17
6	18
1	13
1	19
1	4
20	5
# tree 602
0	1
1	20
20	15
20	14
0	11
1	3
1	8
15	6
15	7
20	12
14	10
11	2
3	9
8	16
3	17
6	18
1	13
1	19
1	4
1	5
# tree 603
0	1
1	20
20	15
20	14
0	11
1	3
20	12
1	8
15	7
14	10
15	6
11	2
3	9
12	13
8	16
3	17
1	18
1	19
1	4
15	5
# tree 604
0	1
1	20
20	15
20	14
0	11
1	3
20	12
1	8
15	6
15	7
14	10
11	2
3	9
12	13
8	16
3	17
1	18
1	19
1	4
6	5
# tree 605
0	1
1	20
20	15
20	14
0	11
1	3
20	12
1	8
15	7
14	10
15	6
11	2
3	9
12	13
8	16
3	17
1	18
1	19
1	4
20	5
# tree 606
0	1
1	20
20	15
20	14
0	11
1	3
20	12
1	8
15	7
14	10
15	6
11	2
3	9
12	13
8	16
3	17
1	18
1	19
1	4
1	5
# tree 607
0	1
1	20
20	15
15	6
0	11
20	12
6	7
1	8
1	3
20	14
1	10
11	2
12	4
7	5
8	16
3	17
1	9
1	13
1	18
14	19
# tree 608
0	1
1	20
20	15
15	6
0	11
20	12
6	7
1	8
1	3
1	10
20	14
11	2
12	4
7	5
8	16
3	17
1	9
1	13
1	18
20	19
# tree 609
0	1
1	20
20	15
15	6
0	11
20	12
6	7
1	8
1	3
1	10
20	14
11	2
12	4
7	5
8	16
3	17
1	9
1	13
1	18
1	19
# tree 610
0	1
1	20
20	15
15	6
0	11
6	7
1	8
1	3
1	10
20	12
20	14
11	2
7	5
8	16
3	17
10	19
1	9
1	13
1	18
20	4
# tree 611
0	1
1	20
20	15
15	6
0	11
6	7
1	8
1	3
1	10
20	12
20	14
11	2
7	5
8	16
3	17
10	19
1	9
1	13
1	18
1	4
# tree 612
0	1
1	20
20	15
15	6
0	11
20	12
1	8
1	3
1	10
6	7
20	14
11	2
12	4
8	16
3	17
10	19
1	9
1	13
1	18
15	5
# tree 613
0	1
1	20
20	15
15	6
0	11
20	12
1	8
1	3
1	10
6	7
20	14
11	2
12	4
8	16
3	17
10	19
1	9
1	13
1	18
6	5
# tree 614
0	1
1	20
20	15
15	6
0	11
20	12
1	8
1	3
1	10
6	7
20	14
11	2
12	4
8	16
3	17
10	19
1	9
1	13
1	18
20	5
# tree 615
0	1
1	20
20	15
15	6
0	11
20	12
1	8
1	3
1	10
6	7
20	14
11	2
12	4
8	16
3	17
10	19
1	9
1	13
1	18
1	5
# tree 616
0	1
1	20
20	15
15	6
0	11
6	7
1	8
1	3
20	12
1	10
20	14
11	2
7	5
8	16
3	17
6	18
1	9
1	13
1	19
20	4
# tree 617
0	1
1	20
20	15
15	6
0	11
6	7
1	8
1	3
20	12
1	10
20	14
11	2
7	5
8	16
3	17
6	18
1	9
1	13
1	19
1	4
# tree 618
0	1
1	20
20	15
15	6
0	11
20	12
1	8
1	3
6	7
1	10
20	14
11	2
12	4
8	16
3	17
6	18
1	9
1	13
1	19
15	5
# tree 619
0	1
1	20
20	15
15	6
0	11
20	12
1	8
1	3
6	7
1	10
20	14
11	2
12	4
8	16
3	17
6	18
1	9
1	13
1	19
6	5
# tree 620
0	1
1	20
20	15
15	6
0	11
20	12
1	8
1	3
6	7
1	10
20	14
11	2
12	4
8	16
3	17
6	18
1	9
1	13
1	19
20	5
# tree 621
0	1
1	20
20	15
15	6
0	11
20	12
1	8
1	3
6	7
1	10
20	14
11	2
12	4
8	16
3	17
6	18
1	9
1	13
1	19
1	5
# tree 622
0	1
1	20
20	15
15	6
0	11
1	8
1	3
1	10
6	7
20	12
20	14
11	2
8	16
3	17
6	18
10	19
1	9
1	13
1	4
15	5
# tree 623
0	1
1	20
20	15
15	6
0	11
1	8
1	3
1	10
6	7
20	12
20	14
11	2
8	16
3	17
6	18
10	19
1	9
1	13
1	4
6	5
# tree 624
0	1
1	20
20	15
15	6
0	11
1	8
1	3
1	10
6	7
20	12
20	14
11	2
8	16
3	17
6	18
10	19
1	9
1	13
1	4
20	5
# tree 625
0	1
1	20
20	15
15	6
0	11
1	8
1	3
1	10
6	7
20	12
20	14
11	2
8	16
3	17
6	18
10	19
1	9
1	13
1	4
1	5
# tree 626
0	1
1	20
20	15
15	6
0	11
6	7
20	12
1	8
1	3
1	10
20	14
11	2
7	5
12	13
8	16
3	17
1	9
1	18
1	19
20	4
# tree 627
0	1
1	20
20	15
15	6
0	11
6	7
20	12
1	8
1	3
1	10
20	14
11	2
7	5
12	13
8	16
3	17
1	9
1	18
1	19
1	4
# tree 628
0	1
1	20
20	15
15	6
0	11
20	12
1	8
1	3
6	7
1	10
20	14
11	2
12	4
12	13
8	16
3	17
1	9
1	18
1	19
15	5
# tree 629
0	1
1	20
20	15
15	6
0	11
20	12
1	8
1	3
6	7
1	10
20	14
11	2
12	4
12	13
8	16
3	17
1	9
1	18
1	19
6	5
# tree 630
0	1
1	20
20	15
15	6
0	11
20	12
1	8
1	3
6	7
1	10
20	14
11	2
12	4
12	13
8	16
3	17
1	9
1	18
1	19
20	5
# tree 631
0	1
1	20
20	15
15	6
0	11
20	12
1	8
1	3
6	7
1	10
20	14
11	2
12	4
12	13
8	16
3	17
1	9
1	18
1	19
1	5
# tree 632
0	1
1	20
20	15
15	6
0	11
20	12
1	8
1	3
1	10
6	7
20	14
11	2
12	13
8	16
3	17
10	19
1	9
1	18
1	4
15	5
# tree 633
0	1
1	20
20	15
15	6
0	11
20	12
1	8
1	3
1	10
6	7
20	14
11	2
12	13
8	16
3	17
10	19
1	9
1	18
1	4
6	5
# tree 634
0	1
1	20
20	15
15	6
0	11
20	12
1	8
1	3
1	10
6	7
20	14
11	2
12	13
8	16
3	17
10	19
1	9
1	18
1	4
20	5
# tree 635
0	1
1	20
20	15
15	6
0	11
20	12
1	8
1	3
1	10
6	7
20	14
11	2
12	13
8	16
3	17
10	19
1	9
1	18
1	4
1	5
# tree 636
0	1
1	20
20	15
15	6
0	11
20	12
1	8
1	3
6	7
1	10
20	14
11	2
12	13
8	16
3	17
6	18
1	9
1	19
1	4
15	5
# tree 637
0	1
1	20
20	15
15	6
0	11
20	12
1	8
1	3
6	7
1	10
20	14
11	2
12	13
8	16
3	17
6	18
1	9
1	19
1	4
6	5
# tree 638
0	1
1	20
20	15
15	6
0	11
20	12
1	8
1	3
6	7
1	10
20	14
11	2
12	13
8	16
3	17
6	18
1	9
1	19
1	4
20	5
# tree 639
0	1
1	20
20	15
15	6
0	11
20	12
1	8
1	3
6	7
1	10
20	14
11	2
12	13
8	16
3	17
6	18
1	9
1	19
1	4
1	5
# tree 640
0	1
1	20
20	15
15	6
20	14
0	11
6	7
1	8
1	3
20	12
14	10
11	2
7	5
8	16
3	17
1	9
1	13
1	18
1	19
20	4
# tree 641
0	1
1	20
20	15
15	6
20	14
0	11
6	7
1	8
1	3
20	12
14	10
11	2
7	5
8	16
3	17
1	9
1	13
1	18
1	19
1	4
# tree 642
0	1
1	20
20	15
15	6
20	14
0	11
20	12
1	8
1	3
6	7
14	10
11	2
12	4
8	16
3	17
1	9
1	13
1	18
1	19
15	5
# tree 643
0	1
1	20
20	15
15	6
20	14
0	11
20	12
1	8
1	3
6	7
14	10
11	2
12	4
8	16
3	17
1	9
1	13
1	18
1	19
6	5
# tree 644
0	1
1	20
20	15
15	6
20	14
0	11
20	12
1	8
1	3
6	7
14	10
11	2
12	4
8	16
3	17
1	9
1	13
1	18
1	19
20	5
# tree 645
0	1
1	20
20	15
15	6
20	14
0	11
20	12
1	8
1	3
6	7
14	10
11	2
12	4
8	16
3	17
1	9
1	13
1	18
1	19
1	5
# tree 646
0	1
1	20
20	15
15	6
20	14
0	11
1	8
1	3
14	10
6	7
20	12
11	2
8	16
3	17
10	19
1	9
1	13
1	18
1	4
15	5
# tree 647
0	1
1	20
20	15
15	6
20	14
0	11
1	8
1	3
14	10
6	7
20	12
11	2
8	16
3	17
10	19
1	9
1	13
1	18
1	4
6	5
# tree 648
0	1
1	20
20	15
15	6
20	14
0	11
1	8
1	3
14	10
6	7
20	12
11	2
8	16
3	17
10	19
1	9
1	13
1	18
1	4
20	5
# tree 649
0	1
1	20
20	15
15	6
20	14
0	11
1	8
1	3
14	10
6	7
20	12
11	2
8	16
3	17
10	19
1	9
1	13
1	18
1	4
1	5
# tree 650
0	1
1	20
20	15
15	6
20	14
0	11
1	8
1	3
6	7
20	12
14	10
11	2
8	16
3	17
6	18
1	9
1	13
1	19
1	4
15	5
# tree 651
0	1
1	20
20	15
15	6
20	14
0	11
1	8
1	3
6	7
20	12
14	10
11	2
8	16
3	17
6	18
1	9
1	13
1	19
1	4
6	5
# tree 652
0	1
1	20
20	15
15	6
20	14
0	11
1	8
1	3
6	7
20	12
14	10
11	2
8	16
3	17
6	18
1	9
1	13
1	19
1	4
20	5
# tree 653
0	1
1	20
20	15
15	6
20	14
0	11
1	8
1	3
6	7
20	12
14	10
11	2
8	16
3	17
6	18
1	9
1	13
1	19
1	4
1	5
# tree 654
0	1
1	20
20	15
15	6
20	14
0	11
20	12
1	8
1	3
6	7
14	10
11	2
12	13
8	16
3	17
1	9
1	18
1	19
1	4
15	5
# tree 655
0	1
1	20
20	15
15	6
20	14
0	11
20	12
1	8
1	3
6	7
14	10
11	2
12	13
8	16
3	17
1	9
1	18
1	19
1	4
6	5
# tree 656
0	1
1	20
20	15
15	6
20	14
0	11
20	12
1	8
1	3
6	7
14	10
11	2
12	13
8	16
3	17
1	9
1	18
1	19
1	4
20	5
# tree 657
0	1
1	20
20	15
15	6
20	14
0	11
20	12
1	8
1	3
6	7
14	10
11	2
12	13
8	16
3	17
1	9
1	18
1	19
1	4
1	5
# tree 658
0	1
1	20
20	15
15	6
0	11
6	7
1	3
1	8
20	12
1	10
20	14
11	2
7	5
3	9
8	16
3	17
1	13
1	18
1	19
20	4
# tree 659
0	1
1	20
20	15
15	6
0	11
6	7
1	3
1	8
20	12
1	10
20	14
11	2
7	5
3	9
8	16
3	17
1	13
1	18
1	19
1	4
# tree 660
0	1
1	20
20	15
15	6
0	11
20	12
1	3
1	8
6	7
1	10
20	14
11	2
12	4
3	9
8	16
3	17
1	13
1	18
1	19
15	5
# tree 661
0	1
1	20
20	15
15	6
0	11
20	12
1	3
1	8
6	7
1	10
20	14
11	2
12	4
3	9
8	16
3	17
1	13
1	18
1	19
6	5
# tree 662
0	1
1	20
20	15
15	6
0	11
20	12
1	3
1	8
6	7
1	10
20	14
11	2
12	4
3	9
8	16
3	17
1	13
1	18
1	19
20	5
# tree 663
0	1
1	20
20	15
15	6
0	11
20	12
1	3
1	8
6	7
1	10
20	14
11	2
12	4
3	9
8	16
3	17
1	13
1	18
1	19
1	5
# tree 664
0	1
1	20
20	15
15	6
0	11
1	3
1	8
1	10
6	7
20	12
20	14
11	2
3	9
8	16
3	17
10	19
1	13
1	18
1	4
15	5
# tree 665
0	1
1	20
20	15
15	6
0	11
1	3
1	8
1	10
6	7
20	12
20	14
11	2
3	9
8	16
3	17
10	19
1	13
1	18
1	4
6	5
# tree 666
0	1
1	20
20	15
15	6
0	11
1	3
1	8
1	10
6	7
20	12
20	14
11	2
3	9
8	16
3	17
10	19
1	13
1	18
1	4
20	5
# tree 667
0	1
1	20
20	15
15	6
0	11
1	3
1	8
1	10
6	7
20	12
20	14
11	2
3	9
8	16
3	17
10	19
1	13
1	18
1	4
1	5
# tree 668
0	1
1	20
20	15
15	6
0	11
1	3
1	8
6	7
20	12
1	10
20	14
11	2
3	9
8	16
3	17
6	18
1	13
1	19
1	4
15	5
# tree 669
0	1
1	20
20	15
15	6
0	11
1	3
1	8
6	7
20	12
1	10
20	14
11	2
3	9
8	16
3	17
6	18
1	13
1	19
1	4
6	5
# tree 670
0	1
1	20
20	15
15	6
0	11
1	3
1	8
6	7
20	12
1	10
20	14
11	2
3	9
8	16
3	17
6	18
1	13
1	19
1	4
20	5
# tree 671
0	1
1	20
20	15
15	6
0	11
1	3
1	8
6	7
20	12
1	10
20	14
11	2
3	9
8	16
3	17
6	18
1	13
1	19
1	4
1	5
# tree 672
0	1
1	20
20	15
15	6
0	11
1	3
20	12
1	8
6	7
1	10
20	14
11	2
3	9
12	13
8	16
3	17
1	18
1	19
1	4
15	5
# tree 673
0	1
1	20
20	15
15	6
0	11
1	3
20	12
1	8
6	7
1	10
20	14
11	2
3	9
12	13
8	16
3	17
1	18
1	19
1	4
6	5
# tree 674
0	1
1	20
20	15
15	6
0	11
1	3
20	12
1	8
6	7
1	10
20	14
11	2
3	9
12	13
8	16
3	17
1	18
1	19
1	4
20	5
# tree 675
0	1
1	20
20	15
15	6
0	11
1	3
20	12
1	8
6	7
1	10
20	14
11	2
3	9
12	13
8	16
3	17
1	18
1	19
1	4
1	5
# tree 676
0	1
1	20
20	15
15	6
20	14
0	11
1	3
1	8
6	7
20	12
14	10
11	2
3	9
8	16
3	17
1	13
1	18
1	19
1	4
15	5
# tree 677
0	1
1	20
20	15
15	6
20	14
0	11
1	3
1	8
6	7
20	12
14	10
11	2
3	9
8	16
3	17
1	13
1	18
1	19
1	4
6	5
# tree 678
0	1
1	20
20	15
15	6
20	14
0	11
1	3
1	8
6	7
20	12
14	10
11	2
3	9
8	16
3	17
1	13
1	18
1	19
1	4
20	5
# tree 679
0	1
1	20
20	15
15	6
20	14
0	11
1	3
1	8
6	7
20	12
14	10
11	2
3	9
8	16
3	17
1	13
1	18
1	19
1	4
1	5
