### 483 trees
# tree 1
27	2
67	3
35	4
17	5
37	7
32	9
45	11
41	12
29	14
1	16
25	17
32	18
35	22
14	25
11	27
45	29
78	32
9	34
62	35
3	37
1	41
22	45
12	62
16	67
12	78
34	6
4	8
18	10
2	13
7	15
5	20
14	28
# tree 2
16	67
62	35
25	17
3	37
78	32
22	45
1	41
45	29
14	25
29	14
45	11
12	78
32	9
12	62
67	3
35	22
41	12
1	16
9	34
35	4
32	18
11	2
37	7
17	5
11	27
34	6
4	8
18	10
2	13
7	15
5	20
14	28
# tree 3
11	27
16	67
62	35
3	37
78	32
22	45
1	41
45	29
14	25
29	14
45	11
12	78
32	9
12	62
67	3
35	22
41	12
1	16
9	34
35	4
32	18
27	2
37	7
29	5
25	17
34	6
4	8
18	10
2	13
7	15
5	20
14	28
# tree 4
11	27
16	67
62	35
3	37
78	32
22	45
1	41
45	29
14	25
29	14
45	11
12	78
32	9
12	62
67	3
35	22
41	12
1	16
9	34
35	4
32	18
27	2
37	7
25	5
25	17
34	6
4	8
18	10
2	13
7	15
5	20
14	28
# tree 5
11	27
16	67
62	35
3	37
78	32
22	45
1	41
45	29
14	25
29	14
45	11
12	78
32	9
12	62
67	3
35	22
41	12
1	16
9	34
35	4
32	18
27	2
37	7
14	5
25	17
34	6
4	8
18	10
2	13
7	15
5	20
14	28
# tree 6
11	27
16	67
62	35
3	37
78	32
22	45
1	41
45	29
14	25
29	14
45	11
12	78
32	9
12	62
67	3
35	22
41	12
1	16
9	34
35	4
32	18
27	2
37	7
45	5
25	17
34	6
4	8
18	10
2	13
7	15
5	20
14	28
# tree 7
11	27
16	67
62	35
3	37
78	32
22	45
1	41
45	29
14	25
29	14
45	11
12	78
32	9
12	62
67	3
35	22
41	12
1	16
9	34
35	4
32	18
27	2
37	7
22	5
25	17
34	6
4	8
18	10
2	13
7	15
5	20
14	28
# tree 8
11	27
16	67
62	35
25	17
3	37
78	32
22	45
1	41
45	29
14	25
29	14
45	11
12	78
32	9
12	62
67	3
35	22
41	12
1	16
35	4
32	18
27	2
37	7
17	5
9	34
4	8
18	10
2	13
7	15
5	20
14	28
9	6
# tree 9
11	27
16	67
62	35
25	17
3	37
78	32
22	45
1	41
45	29
14	25
29	14
45	11
12	78
32	9
12	62
67	3
35	22
41	12
1	16
9	34
35	4
32	18
37	7
17	5
27	2
34	6
4	8
18	10
7	15
5	20
14	28
27	13
# tree 10
11	27
16	67
62	35
25	17
3	37
78	32
22	45
1	41
45	29
14	25
29	14
45	11
12	78
32	9
12	62
67	3
35	22
41	12
1	16
9	34
35	4
32	18
37	7
17	5
27	2
34	6
4	8
18	10
7	15
5	20
14	28
45	13
# tree 11
11	27
16	67
62	35
25	17
3	37
78	32
22	45
1	41
45	29
14	25
29	14
45	11
12	78
32	9
12	62
67	3
35	22
41	12
1	16
9	34
35	4
32	18
37	7
17	5
27	2
34	6
4	8
18	10
7	15
5	20
14	28
11	13
# tree 12
11	27
16	67
62	35
25	17
3	37
78	32
22	45
1	41
45	29
14	25
29	14
45	11
12	78
32	9
12	62
67	3
35	22
41	12
1	16
9	34
35	4
32	18
37	7
17	5
27	2
34	6
4	8
18	10
7	15
5	20
14	28
22	13
# tree 13
11	27
16	67
62	35
25	17
3	37
78	32
22	45
1	41
45	29
14	25
29	14
45	11
12	78
32	9
12	62
67	3
35	22
41	12
1	16
9	34
35	4
32	18
27	2
17	5
37	7
34	6
4	8
18	10
2	13
5	20
14	28
37	15
# tree 14
11	27
16	67
62	35
25	17
3	37
78	32
22	45
1	41
45	29
14	25
29	14
45	11
12	78
32	9
12	62
67	3
35	22
41	12
1	16
9	34
35	4
32	18
27	2
17	5
37	7
34	6
4	8
18	10
2	13
5	20
14	28
3	15
# tree 15
11	27
16	67
62	35
29	17
3	37
78	32
22	45
1	41
45	29
29	14
45	11
12	78
32	9
12	62
67	3
35	22
41	12
1	16
9	34
35	4
32	18
27	2
37	7
17	5
14	25
34	6
4	8
18	10
2	13
7	15
5	20
14	28
# tree 16
11	27
16	67
62	35
14	17
3	37
78	32
22	45
1	41
45	29
29	14
45	11
12	78
32	9
12	62
67	3
35	22
41	12
1	16
9	34
35	4
32	18
27	2
37	7
17	5
14	25
34	6
4	8
18	10
2	13
7	15
5	20
14	28
# tree 17
11	27
16	67
62	35
45	17
3	37
78	32
22	45
1	41
45	29
29	14
45	11
12	78
32	9
12	62
67	3
35	22
41	12
1	16
9	34
35	4
32	18
27	2
37	7
17	5
14	25
34	6
4	8
18	10
2	13
7	15
5	20
14	28
# tree 18
11	27
16	67
62	35
25	17
3	37
78	32
22	45
1	41
45	29
14	25
29	14
45	11
12	78
32	9
12	62
67	3
35	22
41	12
1	16
9	34
35	4
32	18
27	2
37	7
17	5
34	6
4	8
18	10
2	13
7	15
14	28
17	20
# tree 19
11	27
16	67
62	35
25	17
3	37
78	32
22	45
1	41
45	29
29	25
45	11
12	78
32	9
12	62
67	3
35	22
41	12
1	16
9	34
35	4
32	18
27	2
37	7
17	5
29	14
34	6
4	8
18	10
2	13
7	15
5	20
14	28
# tree 20
11	27
16	67
62	35
25	17
3	37
78	32
22	45
1	41
45	29
45	25
45	11
12	78
32	9
12	62
67	3
35	22
41	12
1	16
9	34
35	4
32	18
27	2
37	7
17	5
29	14
34	6
4	8
18	10
2	13
7	15
5	20
14	28
# tree 21
11	27
16	67
62	35
25	17
3	37
78	32
22	45
1	41
45	29
14	25
29	14
45	11
12	78
32	9
12	62
67	3
35	22
41	12
1	16
9	34
35	4
32	18
27	2
37	7
17	5
34	6
4	8
18	10
2	13
7	15
5	20
29	28
# tree 22
45	11
1	16
12	62
14	25
67	3
12	78
35	22
22	45
29	14
45	29
41	12
78	32
16	67
62	35
1	41
32	9
3	37
25	17
11	27
9	34
35	4
32	18
17	5
37	7
27	2
34	6
4	8
18	10
5	20
14	28
22	13
37	15
# tree 23
45	11
1	16
12	62
14	25
67	3
12	78
35	22
22	45
29	14
45	29
41	12
78	32
16	67
62	35
1	41
32	9
3	37
25	17
11	27
9	34
35	4
32	18
17	5
37	7
27	2
34	6
4	8
18	10
5	20
14	28
22	13
3	15
# tree 24
45	11
1	16
12	62
67	3
12	78
35	22
22	45
29	14
45	29
41	12
78	32
16	67
62	35
1	41
32	9
3	37
29	17
11	27
9	34
35	4
32	18
37	7
17	5
14	25
27	2
34	6
4	8
18	10
7	15
5	20
14	28
22	13
# tree 25
45	11
1	16
12	62
67	3
12	78
35	22
22	45
29	14
45	29
41	12
78	32
16	67
62	35
1	41
32	9
3	37
14	17
11	27
9	34
35	4
32	18
37	7
17	5
14	25
27	2
34	6
4	8
18	10
7	15
5	20
14	28
22	13
# tree 26
45	11
1	16
12	62
67	3
12	78
35	22
22	45
29	14
45	29
41	12
78	32
16	67
62	35
1	41
32	9
3	37
45	17
11	27
9	34
35	4
32	18
37	7
17	5
14	25
27	2
34	6
4	8
18	10
7	15
5	20
14	28
22	13
# tree 27
45	11
1	16
12	62
14	25
67	3
12	78
35	22
22	45
29	14
45	29
41	12
78	32
16	67
62	35
1	41
32	9
3	37
25	17
9	34
35	4
32	18
37	7
17	5
11	27
34	6
4	8
18	10
7	15
5	20
14	28
22	13
11	2
# tree 28
45	11
1	16
12	62
14	25
67	3
12	78
35	22
22	45
29	14
45	29
41	12
78	32
16	67
62	35
1	41
32	9
3	37
25	17
11	27
9	34
35	4
32	18
37	7
17	5
27	2
34	6
4	8
18	10
7	15
14	28
22	13
17	20
# tree 29
45	11
1	16
12	62
29	25
67	3
12	78
35	22
22	45
45	29
41	12
78	32
16	67
62	35
1	41
32	9
3	37
25	17
11	27
9	34
35	4
32	18
37	7
17	5
29	14
27	2
34	6
4	8
18	10
7	15
5	20
14	28
22	13
# tree 30
45	11
1	16
12	62
45	25
67	3
12	78
35	22
22	45
45	29
41	12
78	32
16	67
62	35
1	41
32	9
3	37
25	17
11	27
9	34
35	4
32	18
37	7
17	5
29	14
27	2
34	6
4	8
18	10
7	15
5	20
14	28
22	13
# tree 31
45	11
1	16
12	62
14	25
67	3
12	78
35	22
22	45
29	14
45	29
41	12
78	32
16	67
62	35
1	41
32	9
3	37
25	17
11	27
9	34
35	4
32	18
37	7
17	5
27	2
34	6
4	8
18	10
7	15
5	20
22	13
29	28
# tree 32
45	11
1	16
12	62
14	25
67	3
12	78
35	22
22	45
29	14
45	29
41	12
78	32
16	67
62	35
1	41
32	9
3	37
11	27
9	34
35	4
32	18
37	7
29	5
25	17
27	2
34	6
4	8
18	10
7	15
5	20
14	28
22	13
# tree 33
45	11
1	16
12	62
14	25
67	3
12	78
35	22
22	45
29	14
45	29
41	12
78	32
16	67
62	35
1	41
32	9
3	37
11	27
9	34
35	4
32	18
37	7
25	5
25	17
27	2
34	6
4	8
18	10
7	15
5	20
14	28
22	13
# tree 34
45	11
1	16
12	62
14	25
67	3
12	78
35	22
22	45
29	14
45	29
41	12
78	32
16	67
62	35
1	41
32	9
3	37
11	27
9	34
35	4
32	18
37	7
14	5
25	17
27	2
34	6
4	8
18	10
7	15
5	20
14	28
22	13
# tree 35
45	11
1	16
12	62
14	25
67	3
12	78
35	22
22	45
29	14
45	29
41	12
78	32
16	67
62	35
1	41
32	9
3	37
11	27
9	34
35	4
32	18
37	7
45	5
25	17
27	2
34	6
4	8
18	10
7	15
5	20
14	28
22	13
# tree 36
45	11
1	16
12	62
14	25
67	3
12	78
35	22
22	45
29	14
45	29
41	12
78	32
16	67
62	35
1	41
32	9
3	37
11	27
9	34
35	4
32	18
37	7
22	5
25	17
27	2
34	6
4	8
18	10
7	15
5	20
14	28
22	13
# tree 37
45	11
1	16
12	62
14	25
67	3
12	78
35	22
22	45
29	14
45	29
41	12
78	32
16	67
62	35
1	41
32	9
3	37
25	17
11	27
35	4
32	18
37	7
17	5
9	34
27	2
4	8
18	10
7	15
5	20
14	28
22	13
9	6
# tree 38
45	11
1	16
12	62
67	3
12	78
35	22
22	45
29	14
45	29
41	12
78	32
16	67
62	35
1	41
32	9
11	27
29	17
3	37
9	34
35	4
32	18
27	2
17	5
14	25
37	7
34	6
4	8
18	10
2	13
5	20
14	28
3	15
# tree 39
45	11
1	16
12	62
67	3
12	78
35	22
22	45
29	14
45	29
41	12
78	32
16	67
62	35
1	41
32	9
11	27
14	17
3	37
9	34
35	4
32	18
27	2
17	5
14	25
37	7
34	6
4	8
18	10
2	13
5	20
14	28
3	15
# tree 40
45	11
1	16
12	62
67	3
12	78
35	22
22	45
29	14
45	29
41	12
78	32
16	67
62	35
1	41
32	9
11	27
45	17
3	37
9	34
35	4
32	18
27	2
17	5
14	25
37	7
34	6
4	8
18	10
2	13
5	20
14	28
3	15
# tree 41
45	11
1	16
12	62
14	25
67	3
12	78
35	22
22	45
29	14
45	29
41	12
78	32
16	67
62	35
1	41
32	9
25	17
3	37
9	34
35	4
32	18
11	2
17	5
11	27
37	7
34	6
4	8
18	10
2	13
5	20
14	28
3	15
# tree 42
45	11
1	16
12	62
14	25
67	3
12	78
35	22
22	45
29	14
45	29
41	12
78	32
16	67
62	35
1	41
32	9
11	27
25	17
3	37
9	34
35	4
32	18
27	2
17	5
37	7
34	6
4	8
18	10
2	13
14	28
3	15
17	20
# tree 43
45	11
1	16
12	62
29	25
67	3
12	78
35	22
22	45
45	29
41	12
78	32
16	67
62	35
1	41
32	9
11	27
25	17
3	37
9	34
35	4
32	18
27	2
17	5
29	14
37	7
34	6
4	8
18	10
2	13
5	20
14	28
3	15
# tree 44
45	11
1	16
12	62
45	25
67	3
12	78
35	22
22	45
45	29
41	12
78	32
16	67
62	35
1	41
32	9
11	27
25	17
3	37
9	34
35	4
32	18
27	2
17	5
29	14
37	7
34	6
4	8
18	10
2	13
5	20
14	28
3	15
# tree 45
45	11
1	16
12	62
14	25
67	3
12	78
35	22
22	45
29	14
45	29
41	12
78	32
16	67
62	35
1	41
32	9
11	27
25	17
3	37
9	34
35	4
32	18
27	2
17	5
37	7
34	6
4	8
18	10
2	13
5	20
3	15
29	28
# tree 46
45	11
1	16
12	62
14	25
67	3
12	78
35	22
22	45
29	14
45	29
41	12
78	32
16	67
62	35
1	41
32	9
11	27
3	37
9	34
35	4
32	18
27	2
29	5
25	17
37	7
34	6
4	8
18	10
2	13
5	20
14	28
3	15
# tree 47
45	11
1	16
12	62
14	25
67	3
12	78
35	22
22	45
29	14
45	29
41	12
78	32
16	67
62	35
1	41
32	9
11	27
3	37
9	34
35	4
32	18
27	2
25	5
25	17
37	7
34	6
4	8
18	10
2	13
5	20
14	28
3	15
# tree 48
45	11
1	16
12	62
14	25
67	3
12	78
35	22
22	45
29	14
45	29
41	12
78	32
16	67
62	35
1	41
32	9
11	27
3	37
9	34
35	4
32	18
27	2
14	5
25	17
37	7
34	6
4	8
18	10
2	13
5	20
14	28
3	15
# tree 49
45	11
1	16
12	62
14	25
67	3
12	78
35	22
22	45
29	14
45	29
41	12
78	32
16	67
62	35
1	41
32	9
11	27
3	37
9	34
35	4
32	18
27	2
45	5
25	17
37	7
34	6
4	8
18	10
2	13
5	20
14	28
3	15
# tree 50
45	11
1	16
12	62
14	25
67	3
12	78
35	22
22	45
29	14
45	29
41	12
78	32
16	67
62	35
1	41
32	9
11	27
3	37
9	34
35	4
32	18
27	2
22	5
25	17
37	7
34	6
4	8
18	10
2	13
5	20
14	28
3	15
# tree 51
45	11
1	16
12	62
14	25
67	3
12	78
35	22
22	45
29	14
45	29
41	12
78	32
16	67
62	35
1	41
32	9
11	27
25	17
3	37
35	4
32	18
27	2
17	5
9	34
37	7
4	8
18	10
2	13
5	20
14	28
3	15
9	6
# tree 52
45	11
1	16
12	62
22	45
67	3
12	78
35	22
45	29
41	12
78	32
16	67
62	35
1	41
32	9
3	37
45	17
29	14
9	34
35	4
32	18
11	2
37	7
17	5
11	27
14	25
34	6
4	8
18	10
2	13
7	15
5	20
14	28
# tree 53
45	11
1	16
12	62
22	45
67	3
12	78
35	22
45	29
41	12
78	32
16	67
62	35
1	41
32	9
11	27
3	37
45	17
29	14
9	34
35	4
32	18
27	2
37	7
17	5
14	25
34	6
4	8
18	10
2	13
7	15
5	20
29	28
# tree 54
45	11
1	16
12	62
22	45
67	3
12	78
35	22
45	29
41	12
78	32
16	67
62	35
1	41
32	9
11	27
3	37
29	14
9	34
35	4
32	18
27	2
37	7
29	5
45	17
14	25
34	6
4	8
18	10
2	13
7	15
5	20
14	28
# tree 55
45	11
1	16
12	62
22	45
67	3
12	78
35	22
45	29
41	12
78	32
16	67
62	35
1	41
32	9
11	27
3	37
29	14
9	34
35	4
32	18
27	2
37	7
25	5
14	25
45	17
34	6
4	8
18	10
2	13
7	15
5	20
14	28
# tree 56
45	11
1	16
12	62
22	45
67	3
12	78
35	22
45	29
41	12
78	32
16	67
62	35
1	41
32	9
11	27
3	37
29	14
9	34
35	4
32	18
27	2
37	7
14	5
45	17
14	25
34	6
4	8
18	10
2	13
7	15
5	20
14	28
# tree 57
45	11
1	16
12	62
22	45
67	3
12	78
35	22
45	29
41	12
78	32
16	67
62	35
1	41
32	9
11	27
3	37
29	14
9	34
35	4
32	18
27	2
37	7
22	5
45	17
14	25
34	6
4	8
18	10
2	13
7	15
5	20
14	28
# tree 58
45	11
1	16
12	62
22	45
67	3
12	78
35	22
45	29
41	12
78	32
16	67
62	35
1	41
32	9
11	27
3	37
45	17
29	14
35	4
32	18
27	2
37	7
17	5
9	34
14	25
4	8
18	10
2	13
7	15
5	20
14	28
9	6
# tree 59
1	16
12	62
14	25
67	3
12	78
35	22
22	45
29	14
45	29
41	12
78	32
16	67
62	35
1	41
32	9
45	11
3	37
25	17
9	34
35	4
32	18
11	2
37	7
17	5
11	27
34	6
4	8
18	10
2	13
7	15
14	28
17	20
# tree 60
1	16
12	62
29	25
67	3
12	78
35	22
22	45
45	29
41	12
78	32
16	67
62	35
1	41
32	9
45	11
3	37
25	17
9	34
35	4
32	18
11	2
37	7
17	5
29	14
11	27
34	6
4	8
18	10
2	13
7	15
5	20
14	28
# tree 61
1	16
12	62
45	25
67	3
12	78
35	22
22	45
45	29
41	12
78	32
16	67
62	35
1	41
32	9
45	11
3	37
25	17
9	34
35	4
32	18
11	2
37	7
17	5
29	14
11	27
34	6
4	8
18	10
2	13
7	15
5	20
14	28
# tree 62
1	16
12	62
14	25
67	3
12	78
35	22
22	45
29	14
45	29
41	12
78	32
16	67
62	35
1	41
32	9
45	11
3	37
25	17
9	34
35	4
32	18
11	2
37	7
17	5
11	27
34	6
4	8
18	10
2	13
7	15
5	20
29	28
# tree 63
1	16
12	62
14	25
67	3
12	78
35	22
22	45
29	14
45	29
41	12
78	32
16	67
62	35
1	41
32	9
45	11
3	37
9	34
35	4
32	18
11	2
37	7
29	5
25	17
11	27
34	6
4	8
18	10
2	13
7	15
5	20
14	28
# tree 64
1	16
12	62
14	25
67	3
12	78
35	22
22	45
29	14
45	29
41	12
78	32
16	67
62	35
1	41
32	9
45	11
3	37
9	34
35	4
32	18
11	2
37	7
25	5
25	17
11	27
34	6
4	8
18	10
2	13
7	15
5	20
14	28
# tree 65
1	16
12	62
14	25
67	3
12	78
35	22
22	45
29	14
45	29
41	12
78	32
16	67
62	35
1	41
32	9
45	11
3	37
9	34
35	4
32	18
11	2
37	7
14	5
25	17
11	27
34	6
4	8
18	10
2	13
7	15
5	20
14	28
# tree 66
1	16
12	62
14	25
67	3
12	78
35	22
22	45
29	14
45	29
41	12
78	32
16	67
62	35
1	41
32	9
45	11
3	37
9	34
35	4
32	18
11	2
37	7
45	5
25	17
11	27
34	6
4	8
18	10
2	13
7	15
5	20
14	28
# tree 67
1	16
12	62
14	25
67	3
12	78
35	22
22	45
29	14
45	29
41	12
78	32
16	67
62	35
1	41
32	9
45	11
3	37
9	34
35	4
32	18
11	2
37	7
22	5
25	17
11	27
34	6
4	8
18	10
2	13
7	15
5	20
14	28
# tree 68
1	16
12	62
14	25
67	3
12	78
35	22
22	45
29	14
45	29
41	12
78	32
16	67
62	35
1	41
32	9
45	11
3	37
25	17
35	4
32	18
11	2
37	7
17	5
9	34
11	27
4	8
18	10
2	13
7	15
5	20
14	28
9	6
# tree 69
45	11
1	16
12	62
29	25
67	3
12	78
35	22
22	45
45	29
41	12
78	32
16	67
62	35
1	41
32	9
11	27
3	37
25	17
9	34
35	4
32	18
27	2
37	7
29	14
17	5
34	6
4	8
18	10
2	13
7	15
14	28
17	20
# tree 70
45	11
1	16
12	62
45	25
67	3
12	78
35	22
22	45
45	29
41	12
78	32
16	67
62	35
1	41
32	9
11	27
3	37
25	17
9	34
35	4
32	18
27	2
37	7
29	14
17	5
34	6
4	8
18	10
2	13
7	15
14	28
17	20
# tree 71
45	11
1	16
12	62
14	25
67	3
12	78
35	22
22	45
29	14
45	29
41	12
78	32
16	67
62	35
1	41
32	9
11	27
3	37
25	17
9	34
35	4
32	18
27	2
37	7
17	5
34	6
4	8
18	10
2	13
7	15
17	20
29	28
# tree 72
45	11
1	16
12	62
14	25
67	3
12	78
35	22
22	45
29	14
45	29
41	12
78	32
16	67
62	35
1	41
32	9
11	27
3	37
9	34
35	4
32	18
27	2
37	7
25	17
34	6
4	8
18	10
2	13
7	15
14	28
17	20
29	5
# tree 73
45	11
1	16
12	62
14	25
67	3
12	78
35	22
22	45
29	14
45	29
41	12
78	32
16	67
62	35
1	41
32	9
11	27
3	37
9	34
35	4
32	18
27	2
37	7
25	17
34	6
4	8
18	10
2	13
7	15
14	28
17	20
25	5
# tree 74
45	11
1	16
12	62
14	25
67	3
12	78
35	22
22	45
29	14
45	29
41	12
78	32
16	67
62	35
1	41
32	9
11	27
3	37
9	34
35	4
32	18
27	2
37	7
25	17
34	6
4	8
18	10
2	13
7	15
14	28
17	20
14	5
# tree 75
45	11
1	16
12	62
14	25
67	3
12	78
35	22
22	45
29	14
45	29
41	12
78	32
16	67
62	35
1	41
32	9
11	27
3	37
9	34
35	4
32	18
27	2
37	7
25	17
34	6
4	8
18	10
2	13
7	15
14	28
17	20
45	5
# tree 76
45	11
1	16
12	62
14	25
67	3
12	78
35	22
22	45
29	14
45	29
41	12
78	32
16	67
62	35
1	41
32	9
11	27
3	37
9	34
35	4
32	18
27	2
37	7
25	17
34	6
4	8
18	10
2	13
7	15
14	28
17	20
22	5
# tree 77
45	11
1	16
12	62
14	25
67	3
12	78
35	22
22	45
29	14
45	29
41	12
78	32
16	67
62	35
1	41
32	9
11	27
3	37
25	17
35	4
32	18
27	2
37	7
9	34
17	5
4	8
18	10
2	13
7	15
14	28
17	20
9	6
# tree 78
45	11
1	16
12	62
14	25
67	3
12	78
35	22
22	45
29	14
45	29
41	12
78	32
16	67
62	35
1	41
32	9
11	27
3	37
9	34
35	4
32	18
27	2
37	7
29	5
25	17
34	6
4	8
18	10
2	13
7	15
5	20
29	28
# tree 79
45	11
1	16
12	62
14	25
67	3
12	78
35	22
22	45
29	14
45	29
41	12
78	32
16	67
62	35
1	41
32	9
11	27
3	37
9	34
35	4
32	18
27	2
37	7
25	5
25	17
34	6
4	8
18	10
2	13
7	15
5	20
29	28
# tree 80
45	11
1	16
12	62
14	25
67	3
12	78
35	22
22	45
29	14
45	29
41	12
78	32
16	67
62	35
1	41
32	9
11	27
3	37
9	34
35	4
32	18
27	2
37	7
14	5
25	17
34	6
4	8
18	10
2	13
7	15
5	20
29	28
# tree 81
45	11
1	16
12	62
14	25
67	3
12	78
35	22
22	45
29	14
45	29
41	12
78	32
16	67
62	35
1	41
32	9
11	27
3	37
9	34
35	4
32	18
27	2
37	7
45	5
25	17
34	6
4	8
18	10
2	13
7	15
5	20
29	28
# tree 82
45	11
1	16
12	62
14	25
67	3
12	78
35	22
22	45
29	14
45	29
41	12
78	32
16	67
62	35
1	41
32	9
11	27
3	37
9	34
35	4
32	18
27	2
37	7
22	5
25	17
34	6
4	8
18	10
2	13
7	15
5	20
29	28
# tree 83
45	11
1	16
12	62
14	25
67	3
12	78
35	22
22	45
29	14
45	29
41	12
78	32
16	67
62	35
1	41
32	9
11	27
3	37
25	17
35	4
32	18
27	2
37	7
17	5
9	34
4	8
18	10
2	13
7	15
5	20
29	28
9	6
# tree 84
45	11
1	16
12	62
67	3
12	78
35	22
22	45
29	14
45	29
41	12
78	32
16	67
62	35
1	41
32	9
11	27
3	37
14	25
35	4
32	18
27	2
37	7
22	5
9	34
25	17
4	8
18	10
2	13
7	15
5	20
14	28
9	6
# tree 85
22	45
41	12
29	14
16	67
62	35
35	22
45	29
1	41
12	78
1	16
12	62
78	32
67	3
45	11
32	9
29	17
3	37
11	27
9	34
35	4
32	18
17	5
14	25
37	7
27	2
34	6
4	8
18	10
5	20
14	28
22	13
3	15
# tree 86
22	45
41	12
29	14
16	67
62	35
35	22
45	29
1	41
12	78
1	16
12	62
78	32
67	3
45	11
32	9
14	17
3	37
11	27
9	34
35	4
32	18
17	5
14	25
37	7
27	2
34	6
4	8
18	10
5	20
14	28
22	13
3	15
# tree 87
22	45
41	12
29	14
16	67
62	35
35	22
45	29
1	41
12	78
1	16
12	62
78	32
67	3
45	11
32	9
45	17
3	37
11	27
9	34
35	4
32	18
17	5
14	25
37	7
27	2
34	6
4	8
18	10
5	20
14	28
22	13
3	15
# tree 88
22	45
41	12
29	14
16	67
62	35
35	22
45	29
1	41
12	78
1	16
12	62
78	32
67	3
14	25
45	11
32	9
25	17
3	37
9	34
35	4
32	18
17	5
11	27
37	7
34	6
4	8
18	10
5	20
14	28
22	13
3	15
11	2
# tree 89
22	45
41	12
29	14
16	67
62	35
35	22
45	29
1	41
12	78
1	16
12	62
78	32
67	3
14	25
45	11
32	9
25	17
3	37
11	27
9	34
35	4
32	18
17	5
37	7
27	2
34	6
4	8
18	10
14	28
22	13
3	15
17	20
# tree 90
22	45
41	12
16	67
62	35
35	22
45	29
1	41
12	78
1	16
12	62
78	32
67	3
29	25
45	11
32	9
25	17
3	37
11	27
9	34
35	4
32	18
17	5
29	14
37	7
27	2
34	6
4	8
18	10
5	20
14	28
22	13
3	15
# tree 91
22	45
41	12
16	67
62	35
35	22
45	29
1	41
12	78
1	16
12	62
78	32
67	3
45	25
45	11
32	9
25	17
3	37
11	27
9	34
35	4
32	18
17	5
29	14
37	7
27	2
34	6
4	8
18	10
5	20
14	28
22	13
3	15
# tree 92
22	45
41	12
29	14
16	67
62	35
35	22
45	29
1	41
12	78
1	16
12	62
78	32
67	3
14	25
45	11
32	9
25	17
3	37
11	27
9	34
35	4
32	18
17	5
37	7
27	2
34	6
4	8
18	10
5	20
22	13
3	15
29	28
# tree 93
22	45
41	12
29	14
16	67
62	35
35	22
45	29
1	41
12	78
1	16
12	62
78	32
67	3
14	25
45	11
32	9
3	37
11	27
9	34
35	4
32	18
29	5
25	17
37	7
27	2
34	6
4	8
18	10
5	20
14	28
22	13
3	15
# tree 94
22	45
41	12
29	14
16	67
62	35
35	22
45	29
1	41
12	78
1	16
12	62
78	32
67	3
14	25
45	11
32	9
3	37
11	27
9	34
35	4
32	18
25	5
25	17
37	7
27	2
34	6
4	8
18	10
5	20
14	28
22	13
3	15
# tree 95
22	45
41	12
29	14
16	67
62	35
35	22
45	29
1	41
12	78
1	16
12	62
78	32
67	3
14	25
45	11
32	9
3	37
11	27
9	34
35	4
32	18
14	5
25	17
37	7
27	2
34	6
4	8
18	10
5	20
14	28
22	13
3	15
# tree 96
22	45
41	12
29	14
16	67
62	35
35	22
45	29
1	41
12	78
1	16
12	62
78	32
67	3
14	25
45	11
32	9
3	37
11	27
9	34
35	4
32	18
45	5
25	17
37	7
27	2
34	6
4	8
18	10
5	20
14	28
22	13
3	15
# tree 97
22	45
41	12
29	14
16	67
62	35
35	22
45	29
1	41
12	78
1	16
12	62
78	32
67	3
14	25
45	11
32	9
3	37
11	27
9	34
35	4
32	18
22	5
25	17
37	7
27	2
34	6
4	8
18	10
5	20
14	28
22	13
3	15
# tree 98
22	45
41	12
29	14
16	67
62	35
35	22
45	29
1	41
12	78
1	16
12	62
78	32
67	3
14	25
45	11
32	9
25	17
3	37
11	27
35	4
32	18
17	5
9	34
37	7
27	2
4	8
18	10
5	20
14	28
22	13
3	15
9	6
# tree 99
22	45
41	12
16	67
62	35
35	22
45	29
1	41
12	78
1	16
12	62
78	32
67	3
45	11
32	9
3	37
45	17
29	14
9	34
35	4
32	18
37	7
17	5
11	27
14	25
34	6
4	8
18	10
7	15
5	20
14	28
22	13
11	2
# tree 100
22	45
41	12
16	67
62	35
35	22
45	29
1	41
12	78
1	16
12	62
78	32
67	3
29	14
45	11
32	9
3	37
14	17
11	27
9	34
35	4
32	18
37	7
17	5
27	2
34	6
4	8
18	10
7	15
5	20
14	28
22	13
29	25
# tree 101
22	45
41	12
16	67
62	35
35	22
45	29
1	41
12	78
1	16
12	62
78	32
67	3
29	14
45	11
32	9
3	37
14	17
11	27
9	34
35	4
32	18
37	7
17	5
27	2
34	6
4	8
18	10
7	15
5	20
14	28
22	13
45	25
# tree 102
22	45
41	12
16	67
62	35
35	22
45	29
1	41
12	78
1	16
12	62
78	32
67	3
45	11
32	9
3	37
45	17
29	14
11	27
9	34
35	4
32	18
37	7
17	5
14	25
27	2
34	6
4	8
18	10
7	15
5	20
22	13
29	28
# tree 103
22	45
41	12
16	67
62	35
35	22
45	29
1	41
12	78
1	16
12	62
78	32
67	3
45	11
32	9
3	37
29	14
11	27
9	34
35	4
32	18
37	7
29	5
45	17
14	25
27	2
34	6
4	8
18	10
7	15
5	20
14	28
22	13
# tree 104
22	45
41	12
16	67
62	35
35	22
45	29
1	41
12	78
1	16
12	62
78	32
67	3
45	11
32	9
3	37
29	14
11	27
9	34
35	4
32	18
37	7
25	5
14	25
45	17
27	2
34	6
4	8
18	10
7	15
5	20
14	28
22	13
# tree 105
22	45
41	12
16	67
62	35
35	22
45	29
1	41
12	78
1	16
12	62
78	32
67	3
45	11
32	9
3	37
29	14
11	27
9	34
35	4
32	18
37	7
14	5
45	17
14	25
27	2
34	6
4	8
18	10
7	15
5	20
14	28
22	13
# tree 106
22	45
41	12
16	67
62	35
35	22
45	29
1	41
12	78
1	16
12	62
78	32
67	3
45	11
32	9
3	37
29	14
11	27
9	34
35	4
32	18
37	7
22	5
45	17
14	25
27	2
34	6
4	8
18	10
7	15
5	20
14	28
22	13
# tree 107
22	45
41	12
16	67
62	35
35	22
45	29
1	41
12	78
1	16
12	62
78	32
67	3
45	11
32	9
3	37
45	17
29	14
11	27
35	4
32	18
37	7
17	5
9	34
14	25
27	2
4	8
18	10
7	15
5	20
14	28
22	13
9	6
# tree 108
22	45
41	12
29	14
16	67
62	35
35	22
45	29
1	41
12	78
1	16
12	62
78	32
67	3
14	25
32	9
3	37
25	17
45	11
9	34
35	4
32	18
37	7
17	5
11	27
34	6
4	8
18	10
7	15
14	28
22	13
11	2
17	20
# tree 109
22	45
41	12
16	67
62	35
35	22
45	29
1	41
12	78
1	16
12	62
78	32
67	3
29	25
32	9
3	37
25	17
45	11
9	34
35	4
32	18
37	7
17	5
29	14
11	27
34	6
4	8
18	10
7	15
5	20
14	28
22	13
11	2
# tree 110
22	45
41	12
16	67
62	35
35	22
45	29
1	41
12	78
1	16
12	62
78	32
67	3
45	25
32	9
3	37
25	17
45	11
9	34
35	4
32	18
37	7
17	5
29	14
11	27
34	6
4	8
18	10
7	15
5	20
14	28
22	13
11	2
# tree 111
22	45
41	12
29	14
16	67
62	35
35	22
45	29
1	41
12	78
1	16
12	62
78	32
67	3
14	25
32	9
3	37
25	17
45	11
9	34
35	4
32	18
37	7
17	5
11	27
34	6
4	8
18	10
7	15
5	20
22	13
11	2
29	28
# tree 112
22	45
41	12
29	14
16	67
62	35
35	22
45	29
1	41
12	78
1	16
12	62
78	32
67	3
14	25
32	9
3	37
45	11
9	34
35	4
32	18
37	7
29	5
25	17
11	27
34	6
4	8
18	10
7	15
5	20
14	28
22	13
11	2
# tree 113
22	45
41	12
29	14
16	67
62	35
35	22
45	29
1	41
12	78
1	16
12	62
78	32
67	3
14	25
32	9
3	37
45	11
9	34
35	4
32	18
37	7
25	5
25	17
11	27
34	6
4	8
18	10
7	15
5	20
14	28
22	13
11	2
# tree 114
22	45
41	12
29	14
16	67
62	35
35	22
45	29
1	41
12	78
1	16
12	62
78	32
67	3
14	25
32	9
3	37
45	11
9	34
35	4
32	18
37	7
14	5
25	17
11	27
34	6
4	8
18	10
7	15
5	20
14	28
22	13
11	2
# tree 115
22	45
41	12
29	14
16	67
62	35
35	22
45	29
1	41
12	78
1	16
12	62
78	32
67	3
14	25
32	9
3	37
45	11
9	34
35	4
32	18
37	7
45	5
25	17
11	27
34	6
4	8
18	10
7	15
5	20
14	28
22	13
11	2
# tree 116
22	45
41	12
29	14
16	67
62	35
35	22
45	29
1	41
12	78
1	16
12	62
78	32
67	3
14	25
32	9
3	37
45	11
9	34
35	4
32	18
37	7
22	5
25	17
11	27
34	6
4	8
18	10
7	15
5	20
14	28
22	13
11	2
# tree 117
22	45
41	12
29	14
16	67
62	35
35	22
45	29
1	41
12	78
1	16
12	62
78	32
67	3
14	25
32	9
3	37
25	17
45	11
35	4
32	18
37	7
17	5
9	34
11	27
4	8
18	10
7	15
5	20
14	28
22	13
11	2
9	6
# tree 118
22	45
41	12
16	67
62	35
35	22
45	29
1	41
12	78
1	16
12	62
78	32
67	3
29	25
45	11
32	9
3	37
25	17
11	27
9	34
35	4
32	18
37	7
29	14
17	5
27	2
34	6
4	8
18	10
7	15
14	28
22	13
17	20
# tree 119
22	45
41	12
16	67
62	35
35	22
45	29
1	41
12	78
1	16
12	62
78	32
67	3
45	25
45	11
32	9
3	37
25	17
11	27
9	34
35	4
32	18
37	7
29	14
17	5
27	2
34	6
4	8
18	10
7	15
14	28
22	13
17	20
# tree 120
22	45
41	12
29	14
16	67
62	35
35	22
45	29
1	41
12	78
1	16
12	62
78	32
67	3
14	25
45	11
32	9
3	37
25	17
11	27
9	34
35	4
32	18
37	7
17	5
27	2
34	6
4	8
18	10
7	15
22	13
17	20
29	28
# tree 121
22	45
41	12
29	14
16	67
62	35
35	22
45	29
1	41
12	78
1	16
12	62
78	32
67	3
14	25
45	11
32	9
3	37
11	27
9	34
35	4
32	18
37	7
25	17
27	2
34	6
4	8
18	10
7	15
14	28
22	13
17	20
29	5
# tree 122
22	45
41	12
29	14
16	67
62	35
35	22
45	29
1	41
12	78
1	16
12	62
78	32
67	3
14	25
45	11
32	9
3	37
11	27
9	34
35	4
32	18
37	7
25	17
27	2
34	6
4	8
18	10
7	15
14	28
22	13
17	20
25	5
# tree 123
22	45
41	12
29	14
16	67
62	35
35	22
45	29
1	41
12	78
1	16
12	62
78	32
67	3
14	25
45	11
32	9
3	37
11	27
9	34
35	4
32	18
37	7
25	17
27	2
34	6
4	8
18	10
7	15
14	28
22	13
17	20
14	5
# tree 124
22	45
41	12
29	14
16	67
62	35
35	22
45	29
1	41
12	78
1	16
12	62
78	32
67	3
14	25
45	11
32	9
3	37
11	27
9	34
35	4
32	18
37	7
25	17
27	2
34	6
4	8
18	10
7	15
14	28
22	13
17	20
45	5
# tree 125
22	45
41	12
29	14
16	67
62	35
35	22
45	29
1	41
12	78
1	16
12	62
78	32
67	3
14	25
45	11
32	9
3	37
11	27
9	34
35	4
32	18
37	7
25	17
27	2
34	6
4	8
18	10
7	15
14	28
22	13
17	20
22	5
# tree 126
22	45
41	12
29	14
16	67
62	35
35	22
45	29
1	41
12	78
1	16
12	62
78	32
67	3
14	25
45	11
32	9
3	37
25	17
11	27
35	4
32	18
37	7
9	34
17	5
27	2
4	8
18	10
7	15
14	28
22	13
17	20
9	6
# tree 127
22	45
41	12
16	67
62	35
35	22
1	41
12	78
1	16
12	62
78	32
67	3
45	25
45	11
32	9
3	37
45	29
11	27
9	34
35	4
32	18
37	7
14	5
29	14
25	17
27	2
34	6
4	8
18	10
7	15
5	20
14	28
22	13
# tree 128
22	45
41	12
45	29
16	67
62	35
35	22
1	41
12	78
1	16
12	62
78	32
67	3
29	25
45	11
32	9
3	37
11	27
9	34
35	4
32	18
37	7
22	5
29	14
25	17
27	2
34	6
4	8
18	10
7	15
5	20
14	28
22	13
# tree 129
22	45
41	12
16	67
62	35
35	22
1	41
12	78
1	16
12	62
78	32
67	3
45	25
45	11
32	9
3	37
25	17
45	29
11	27
35	4
32	18
37	7
17	5
29	14
9	34
27	2
4	8
18	10
7	15
5	20
14	28
22	13
9	6
# tree 130
22	45
41	12
29	14
16	67
62	35
35	22
45	29
1	41
12	78
1	16
12	62
78	32
67	3
14	25
45	11
32	9
3	37
11	27
9	34
35	4
32	18
37	7
29	5
25	17
27	2
34	6
4	8
18	10
7	15
5	20
22	13
29	28
# tree 131
22	45
41	12
29	14
16	67
62	35
35	22
45	29
1	41
12	78
1	16
12	62
78	32
67	3
14	25
45	11
32	9
3	37
11	27
9	34
35	4
32	18
37	7
25	5
25	17
27	2
34	6
4	8
18	10
7	15
5	20
22	13
29	28
# tree 132
22	45
41	12
29	14
16	67
62	35
35	22
45	29
1	41
12	78
1	16
12	62
78	32
67	3
14	25
45	11
32	9
3	37
11	27
9	34
35	4
32	18
37	7
14	5
25	17
27	2
34	6
4	8
18	10
7	15
5	20
22	13
29	28
# tree 133
22	45
41	12
29	14
16	67
62	35
35	22
45	29
1	41
12	78
1	16
12	62
78	32
67	3
14	25
45	11
32	9
3	37
11	27
9	34
35	4
32	18
37	7
45	5
25	17
27	2
34	6
4	8
18	10
7	15
5	20
22	13
29	28
# tree 134
22	45
41	12
29	14
16	67
62	35
35	22
45	29
1	41
12	78
1	16
12	62
78	32
67	3
14	25
45	11
32	9
3	37
11	27
9	34
35	4
32	18
37	7
22	5
25	17
27	2
34	6
4	8
18	10
7	15
5	20
22	13
29	28
# tree 135
22	45
41	12
29	14
16	67
62	35
35	22
45	29
1	41
12	78
1	16
12	62
78	32
67	3
14	25
45	11
32	9
3	37
25	17
11	27
35	4
32	18
37	7
17	5
9	34
27	2
4	8
18	10
7	15
5	20
22	13
29	28
9	6
# tree 136
22	45
41	12
29	14
16	67
62	35
35	22
45	29
1	41
12	78
1	16
12	62
78	32
67	3
45	11
32	9
3	37
14	25
11	27
35	4
32	18
37	7
22	5
9	34
25	17
27	2
4	8
18	10
7	15
5	20
14	28
22	13
9	6
# tree 137
22	45
41	12
16	67
62	35
35	22
45	29
1	41
12	78
1	16
12	62
78	32
45	11
67	3
32	9
45	17
29	14
3	37
9	34
35	4
32	18
11	2
17	5
11	27
14	25
37	7
34	6
4	8
18	10
2	13
5	20
14	28
3	15
# tree 138
22	45
41	12
16	67
62	35
35	22
45	29
1	41
12	78
1	16
12	62
78	32
45	11
29	14
67	3
32	9
11	27
14	17
3	37
9	34
35	4
32	18
27	2
17	5
37	7
34	6
4	8
18	10
2	13
5	20
14	28
3	15
29	25
# tree 139
22	45
41	12
16	67
62	35
35	22
45	29
1	41
12	78
1	16
12	62
78	32
45	11
29	14
67	3
32	9
11	27
14	17
3	37
9	34
35	4
32	18
27	2
17	5
37	7
34	6
4	8
18	10
2	13
5	20
14	28
3	15
45	25
# tree 140
22	45
41	12
16	67
62	35
35	22
45	29
1	41
12	78
1	16
12	62
78	32
45	11
67	3
32	9
11	27
45	17
29	14
3	37
9	34
35	4
32	18
27	2
17	5
14	25
37	7
34	6
4	8
18	10
2	13
5	20
3	15
29	28
# tree 141
22	45
41	12
16	67
62	35
35	22
45	29
1	41
12	78
1	16
12	62
78	32
45	11
67	3
32	9
11	27
29	14
3	37
9	34
35	4
32	18
27	2
29	5
45	17
14	25
37	7
34	6
4	8
18	10
2	13
5	20
14	28
3	15
# tree 142
22	45
41	12
16	67
62	35
35	22
45	29
1	41
12	78
1	16
12	62
78	32
45	11
67	3
32	9
11	27
29	14
3	37
9	34
35	4
32	18
27	2
25	5
14	25
45	17
37	7
34	6
4	8
18	10
2	13
5	20
14	28
3	15
# tree 143
22	45
41	12
16	67
62	35
35	22
45	29
1	41
12	78
1	16
12	62
78	32
45	11
67	3
32	9
11	27
29	14
3	37
9	34
35	4
32	18
27	2
14	5
45	17
14	25
37	7
34	6
4	8
18	10
2	13
5	20
14	28
3	15
# tree 144
22	45
41	12
16	67
62	35
35	22
45	29
1	41
12	78
1	16
12	62
78	32
45	11
67	3
32	9
11	27
29	14
3	37
9	34
35	4
32	18
27	2
22	5
45	17
14	25
37	7
34	6
4	8
18	10
2	13
5	20
14	28
3	15
# tree 145
22	45
41	12
16	67
62	35
35	22
45	29
1	41
12	78
1	16
12	62
78	32
45	11
67	3
32	9
11	27
45	17
29	14
3	37
35	4
32	18
27	2
17	5
9	34
14	25
37	7
4	8
18	10
2	13
5	20
14	28
3	15
9	6
# tree 146
22	45
41	12
29	14
16	67
62	35
35	22
45	29
1	41
12	78
1	16
12	62
78	32
14	25
67	3
32	9
45	11
25	17
3	37
9	34
35	4
32	18
11	2
17	5
11	27
37	7
34	6
4	8
18	10
2	13
14	28
3	15
17	20
# tree 147
22	45
41	12
16	67
62	35
35	22
45	29
1	41
12	78
1	16
12	62
78	32
29	25
67	3
32	9
45	11
25	17
3	37
9	34
35	4
32	18
11	2
17	5
29	14
11	27
37	7
34	6
4	8
18	10
2	13
5	20
14	28
3	15
# tree 148
22	45
41	12
16	67
62	35
35	22
45	29
1	41
12	78
1	16
12	62
78	32
45	25
67	3
32	9
45	11
25	17
3	37
9	34
35	4
32	18
11	2
17	5
29	14
11	27
37	7
34	6
4	8
18	10
2	13
5	20
14	28
3	15
# tree 149
22	45
41	12
29	14
16	67
62	35
35	22
45	29
1	41
12	78
1	16
12	62
78	32
14	25
67	3
32	9
45	11
25	17
3	37
9	34
35	4
32	18
11	2
17	5
11	27
37	7
34	6
4	8
18	10
2	13
5	20
3	15
29	28
# tree 150
22	45
41	12
29	14
16	67
62	35
35	22
45	29
1	41
12	78
1	16
12	62
78	32
14	25
67	3
32	9
45	11
3	37
9	34
35	4
32	18
11	2
29	5
25	17
11	27
37	7
34	6
4	8
18	10
2	13
5	20
14	28
3	15
# tree 151
22	45
41	12
29	14
16	67
62	35
35	22
45	29
1	41
12	78
1	16
12	62
78	32
14	25
67	3
32	9
45	11
3	37
9	34
35	4
32	18
11	2
25	5
25	17
11	27
37	7
34	6
4	8
18	10
2	13
5	20
14	28
3	15
# tree 152
22	45
41	12
29	14
16	67
62	35
35	22
45	29
1	41
12	78
1	16
12	62
78	32
14	25
67	3
32	9
45	11
3	37
9	34
35	4
32	18
11	2
14	5
25	17
11	27
37	7
34	6
4	8
18	10
2	13
5	20
14	28
3	15
# tree 153
22	45
41	12
29	14
16	67
62	35
35	22
45	29
1	41
12	78
1	16
12	62
78	32
14	25
67	3
32	9
45	11
3	37
9	34
35	4
32	18
11	2
45	5
25	17
11	27
37	7
34	6
4	8
18	10
2	13
5	20
14	28
3	15
# tree 154
22	45
41	12
29	14
16	67
62	35
35	22
45	29
1	41
12	78
1	16
12	62
78	32
14	25
67	3
32	9
45	11
3	37
9	34
35	4
32	18
11	2
22	5
25	17
11	27
37	7
34	6
4	8
18	10
2	13
5	20
14	28
3	15
# tree 155
22	45
41	12
29	14
16	67
62	35
35	22
45	29
1	41
12	78
1	16
12	62
78	32
14	25
67	3
32	9
45	11
25	17
3	37
35	4
32	18
11	2
17	5
9	34
11	27
37	7
4	8
18	10
2	13
5	20
14	28
3	15
9	6
# tree 156
22	45
41	12
16	67
62	35
35	22
45	29
1	41
12	78
1	16
12	62
78	32
45	11
29	25
67	3
32	9
11	27
25	17
3	37
9	34
35	4
32	18
27	2
29	14
17	5
37	7
34	6
4	8
18	10
2	13
14	28
3	15
17	20
# tree 157
22	45
41	12
16	67
62	35
35	22
45	29
1	41
12	78
1	16
12	62
78	32
45	11
45	25
67	3
32	9
11	27
25	17
3	37
9	34
35	4
32	18
27	2
29	14
17	5
37	7
34	6
4	8
18	10
2	13
14	28
3	15
17	20
# tree 158
22	45
41	12
29	14
16	67
62	35
35	22
45	29
1	41
12	78
1	16
12	62
78	32
45	11
14	25
67	3
32	9
11	27
25	17
3	37
9	34
35	4
32	18
27	2
17	5
37	7
34	6
4	8
18	10
2	13
3	15
17	20
29	28
# tree 159
22	45
41	12
29	14
16	67
62	35
35	22
45	29
1	41
12	78
1	16
12	62
78	32
45	11
14	25
67	3
32	9
11	27
3	37
9	34
35	4
32	18
27	2
25	17
37	7
34	6
4	8
18	10
2	13
14	28
3	15
17	20
29	5
# tree 160
22	45
41	12
29	14
16	67
62	35
35	22
45	29
1	41
12	78
1	16
12	62
78	32
45	11
14	25
67	3
32	9
11	27
3	37
9	34
35	4
32	18
27	2
25	17
37	7
34	6
4	8
18	10
2	13
14	28
3	15
17	20
25	5
# tree 161
22	45
41	12
29	14
16	67
62	35
35	22
45	29
1	41
12	78
1	16
12	62
78	32
45	11
14	25
67	3
32	9
11	27
3	37
9	34
35	4
32	18
27	2
25	17
37	7
34	6
4	8
18	10
2	13
14	28
3	15
17	20
14	5
# tree 162
22	45
41	12
29	14
16	67
62	35
35	22
45	29
1	41
12	78
1	16
12	62
78	32
45	11
14	25
67	3
32	9
11	27
3	37
9	34
35	4
32	18
27	2
25	17
37	7
34	6
4	8
18	10
2	13
14	28
3	15
17	20
45	5
# tree 163
22	45
41	12
29	14
16	67
62	35
35	22
45	29
1	41
12	78
1	16
12	62
78	32
45	11
14	25
67	3
32	9
11	27
3	37
9	34
35	4
32	18
27	2
25	17
37	7
34	6
4	8
18	10
2	13
14	28
3	15
17	20
22	5
# tree 164
22	45
41	12
29	14
16	67
62	35
35	22
45	29
1	41
12	78
1	16
12	62
78	32
45	11
14	25
67	3
32	9
11	27
25	17
3	37
35	4
32	18
27	2
9	34
17	5
37	7
4	8
18	10
2	13
14	28
3	15
17	20
9	6
# tree 165
22	45
41	12
16	67
62	35
35	22
1	41
12	78
1	16
12	62
78	32
45	11
45	25
67	3
32	9
11	27
45	29
3	37
9	34
35	4
32	18
27	2
14	5
29	14
25	17
37	7
34	6
4	8
18	10
2	13
5	20
14	28
3	15
# tree 166
22	45
41	12
45	29
16	67
62	35
35	22
1	41
12	78
1	16
12	62
78	32
45	11
29	25
67	3
32	9
11	27
3	37
9	34
35	4
32	18
27	2
22	5
29	14
25	17
37	7
34	6
4	8
18	10
2	13
5	20
14	28
3	15
# tree 167
22	45
41	12
16	67
62	35
35	22
1	41
12	78
1	16
12	62
78	32
45	11
45	25
67	3
32	9
11	27
25	17
45	29
3	37
35	4
32	18
27	2
17	5
29	14
9	34
37	7
4	8
18	10
2	13
5	20
14	28
3	15
9	6
# tree 168
22	45
41	12
29	14
16	67
62	35
35	22
45	29
1	41
12	78
1	16
12	62
78	32
45	11
14	25
67	3
32	9
11	27
3	37
9	34
35	4
32	18
27	2
29	5
25	17
37	7
34	6
4	8
18	10
2	13
5	20
3	15
29	28
# tree 169
22	45
41	12
29	14
16	67
62	35
35	22
45	29
1	41
12	78
1	16
12	62
78	32
45	11
14	25
67	3
32	9
11	27
3	37
9	34
35	4
32	18
27	2
25	5
25	17
37	7
34	6
4	8
18	10
2	13
5	20
3	15
29	28
# tree 170
22	45
41	12
29	14
16	67
62	35
35	22
45	29
1	41
12	78
1	16
12	62
78	32
45	11
14	25
67	3
32	9
11	27
3	37
9	34
35	4
32	18
27	2
14	5
25	17
37	7
34	6
4	8
18	10
2	13
5	20
3	15
29	28
# tree 171
22	45
41	12
29	14
16	67
62	35
35	22
45	29
1	41
12	78
1	16
12	62
78	32
45	11
14	25
67	3
32	9
11	27
3	37
9	34
35	4
32	18
27	2
45	5
25	17
37	7
34	6
4	8
18	10
2	13
5	20
3	15
29	28
# tree 172
22	45
41	12
29	14
16	67
62	35
35	22
45	29
1	41
12	78
1	16
12	62
78	32
45	11
14	25
67	3
32	9
11	27
3	37
9	34
35	4
32	18
27	2
22	5
25	17
37	7
34	6
4	8
18	10
2	13
5	20
3	15
29	28
# tree 173
22	45
41	12
29	14
16	67
62	35
35	22
45	29
1	41
12	78
1	16
12	62
78	32
45	11
14	25
67	3
32	9
11	27
25	17
3	37
35	4
32	18
27	2
17	5
9	34
37	7
4	8
18	10
2	13
5	20
3	15
29	28
9	6
# tree 174
22	45
41	12
29	14
16	67
62	35
35	22
45	29
1	41
12	78
1	16
12	62
78	32
45	11
67	3
32	9
11	27
14	25
3	37
35	4
32	18
27	2
22	5
9	34
25	17
37	7
4	8
18	10
2	13
5	20
14	28
3	15
9	6
# tree 175
22	45
41	12
35	22
16	67
62	35
1	41
12	78
1	16
12	62
78	32
67	3
45	29
32	9
45	11
3	37
45	17
29	14
9	34
35	4
32	18
11	2
37	7
17	5
11	27
14	25
34	6
4	8
18	10
2	13
7	15
5	20
29	28
# tree 176
22	45
41	12
35	22
16	67
62	35
1	41
12	78
1	16
12	62
78	32
67	3
45	29
32	9
45	11
3	37
29	14
9	34
35	4
32	18
11	2
37	7
29	5
45	17
11	27
14	25
34	6
4	8
18	10
2	13
7	15
5	20
14	28
# tree 177
22	45
41	12
35	22
16	67
62	35
1	41
12	78
1	16
12	62
78	32
67	3
45	29
32	9
45	11
3	37
29	14
9	34
35	4
32	18
11	2
37	7
25	5
14	25
45	17
11	27
34	6
4	8
18	10
2	13
7	15
5	20
14	28
# tree 178
22	45
41	12
35	22
16	67
62	35
1	41
12	78
1	16
12	62
78	32
67	3
45	29
32	9
45	11
3	37
29	14
9	34
35	4
32	18
11	2
37	7
14	5
45	17
11	27
14	25
34	6
4	8
18	10
2	13
7	15
5	20
14	28
# tree 179
22	45
41	12
35	22
16	67
62	35
1	41
12	78
1	16
12	62
78	32
67	3
45	29
32	9
45	11
3	37
29	14
9	34
35	4
32	18
11	2
37	7
22	5
45	17
11	27
14	25
34	6
4	8
18	10
2	13
7	15
5	20
14	28
# tree 180
22	45
41	12
35	22
16	67
62	35
1	41
12	78
1	16
12	62
78	32
67	3
45	29
32	9
45	11
3	37
45	17
29	14
35	4
32	18
11	2
37	7
17	5
9	34
11	27
14	25
4	8
18	10
2	13
7	15
5	20
14	28
9	6
# tree 181
22	45
41	12
16	67
62	35
35	22
1	41
12	78
1	16
12	62
78	32
45	11
67	3
45	25
32	9
11	27
3	37
45	29
9	34
35	4
32	18
27	2
37	7
14	5
29	14
25	17
34	6
4	8
18	10
2	13
7	15
5	20
14	28
# tree 182
22	45
41	12
45	29
16	67
62	35
35	22
1	41
12	78
1	16
12	62
78	32
45	11
67	3
29	25
32	9
11	27
3	37
9	34
35	4
32	18
27	2
37	7
22	5
29	14
25	17
34	6
4	8
18	10
2	13
7	15
5	20
14	28
# tree 183
22	45
41	12
16	67
62	35
35	22
1	41
12	78
1	16
12	62
78	32
45	11
67	3
45	25
32	9
11	27
3	37
25	17
45	29
35	4
32	18
27	2
37	7
17	5
29	14
9	34
4	8
18	10
2	13
7	15
5	20
14	28
9	6
# tree 184
22	45
41	12
35	22
16	67
62	35
1	41
12	78
1	16
12	62
78	32
45	11
67	3
45	29
32	9
11	27
3	37
29	14
9	34
35	4
32	18
27	2
37	7
29	5
45	17
14	25
34	6
4	8
18	10
2	13
7	15
5	20
29	28
# tree 185
22	45
41	12
35	22
16	67
62	35
1	41
12	78
1	16
12	62
78	32
45	11
67	3
45	29
32	9
11	27
3	37
29	14
9	34
35	4
32	18
27	2
37	7
25	5
14	25
45	17
34	6
4	8
18	10
2	13
7	15
5	20
29	28
# tree 186
22	45
41	12
35	22
16	67
62	35
1	41
12	78
1	16
12	62
78	32
45	11
67	3
45	29
32	9
11	27
3	37
29	14
9	34
35	4
32	18
27	2
37	7
14	5
45	17
14	25
34	6
4	8
18	10
2	13
7	15
5	20
29	28
# tree 187
22	45
41	12
35	22
16	67
62	35
1	41
12	78
1	16
12	62
78	32
45	11
67	3
45	29
32	9
11	27
3	37
29	14
9	34
35	4
32	18
27	2
37	7
22	5
45	17
14	25
34	6
4	8
18	10
2	13
7	15
5	20
29	28
# tree 188
22	45
41	12
35	22
16	67
62	35
1	41
12	78
1	16
12	62
78	32
45	11
67	3
45	29
32	9
11	27
3	37
45	17
29	14
35	4
32	18
27	2
37	7
17	5
9	34
14	25
4	8
18	10
2	13
7	15
5	20
29	28
9	6
# tree 189
41	12
16	67
62	35
35	22
45	29
22	45
1	41
12	78
1	16
12	62
78	32
67	3
29	25
32	9
45	11
3	37
25	17
9	34
35	4
32	18
11	2
37	7
29	14
17	5
11	27
34	6
4	8
18	10
2	13
7	15
14	28
17	20
# tree 190
41	12
16	67
62	35
35	22
45	29
22	45
1	41
12	78
1	16
12	62
78	32
67	3
45	25
32	9
45	11
3	37
25	17
9	34
35	4
32	18
11	2
37	7
29	14
17	5
11	27
34	6
4	8
18	10
2	13
7	15
14	28
17	20
# tree 191
41	12
29	14
16	67
62	35
35	22
45	29
22	45
1	41
12	78
1	16
12	62
78	32
67	3
14	25
32	9
45	11
3	37
25	17
9	34
35	4
32	18
11	2
37	7
17	5
11	27
34	6
4	8
18	10
2	13
7	15
17	20
29	28
# tree 192
41	12
29	14
16	67
62	35
35	22
45	29
22	45
1	41
12	78
1	16
12	62
78	32
67	3
14	25
32	9
45	11
3	37
9	34
35	4
32	18
11	2
37	7
25	17
11	27
34	6
4	8
18	10
2	13
7	15
14	28
17	20
29	5
# tree 193
41	12
29	14
16	67
62	35
35	22
45	29
22	45
1	41
12	78
1	16
12	62
78	32
67	3
14	25
32	9
45	11
3	37
9	34
35	4
32	18
11	2
37	7
25	17
11	27
34	6
4	8
18	10
2	13
7	15
14	28
17	20
25	5
# tree 194
41	12
29	14
16	67
62	35
35	22
45	29
22	45
1	41
12	78
1	16
12	62
78	32
67	3
14	25
32	9
45	11
3	37
9	34
35	4
32	18
11	2
37	7
25	17
11	27
34	6
4	8
18	10
2	13
7	15
14	28
17	20
14	5
# tree 195
41	12
29	14
16	67
62	35
35	22
45	29
22	45
1	41
12	78
1	16
12	62
78	32
67	3
14	25
32	9
45	11
3	37
9	34
35	4
32	18
11	2
37	7
25	17
11	27
34	6
4	8
18	10
2	13
7	15
14	28
17	20
45	5
# tree 196
41	12
29	14
16	67
62	35
35	22
45	29
22	45
1	41
12	78
1	16
12	62
78	32
67	3
14	25
32	9
45	11
3	37
9	34
35	4
32	18
11	2
37	7
25	17
11	27
34	6
4	8
18	10
2	13
7	15
14	28
17	20
22	5
# tree 197
41	12
29	14
16	67
62	35
35	22
45	29
22	45
1	41
12	78
1	16
12	62
78	32
67	3
14	25
32	9
45	11
3	37
25	17
35	4
32	18
11	2
37	7
9	34
17	5
11	27
4	8
18	10
2	13
7	15
14	28
17	20
9	6
# tree 198
41	12
22	45
16	67
62	35
35	22
1	41
12	78
1	16
12	62
78	32
67	3
45	25
32	9
45	11
3	37
45	29
9	34
35	4
32	18
11	2
37	7
14	5
29	14
25	17
11	27
34	6
4	8
18	10
2	13
7	15
5	20
14	28
# tree 199
41	12
45	29
16	67
62	35
35	22
22	45
1	41
12	78
1	16
12	62
78	32
67	3
29	25
32	9
45	11
3	37
9	34
35	4
32	18
11	2
37	7
22	5
29	14
25	17
11	27
34	6
4	8
18	10
2	13
7	15
5	20
14	28
# tree 200
41	12
22	45
16	67
62	35
35	22
1	41
12	78
1	16
12	62
78	32
67	3
45	25
32	9
45	11
3	37
25	17
45	29
35	4
32	18
11	2
37	7
17	5
29	14
9	34
11	27
4	8
18	10
2	13
7	15
5	20
14	28
9	6
# tree 201
41	12
29	14
16	67
62	35
35	22
45	29
22	45
1	41
12	78
1	16
12	62
78	32
67	3
14	25
32	9
45	11
3	37
9	34
35	4
32	18
11	2
37	7
29	5
25	17
11	27
34	6
4	8
18	10
2	13
7	15
5	20
29	28
# tree 202
41	12
29	14
16	67
62	35
35	22
45	29
22	45
1	41
12	78
1	16
12	62
78	32
67	3
14	25
32	9
45	11
3	37
9	34
35	4
32	18
11	2
37	7
25	5
25	17
11	27
34	6
4	8
18	10
2	13
7	15
5	20
29	28
# tree 203
41	12
29	14
16	67
62	35
35	22
45	29
22	45
1	41
12	78
1	16
12	62
78	32
67	3
14	25
32	9
45	11
3	37
9	34
35	4
32	18
11	2
37	7
14	5
25	17
11	27
34	6
4	8
18	10
2	13
7	15
5	20
29	28
# tree 204
41	12
29	14
16	67
62	35
35	22
45	29
22	45
1	41
12	78
1	16
12	62
78	32
67	3
14	25
32	9
45	11
3	37
9	34
35	4
32	18
11	2
37	7
45	5
25	17
11	27
34	6
4	8
18	10
2	13
7	15
5	20
29	28
# tree 205
41	12
29	14
16	67
62	35
35	22
45	29
22	45
1	41
12	78
1	16
12	62
78	32
67	3
14	25
32	9
45	11
3	37
9	34
35	4
32	18
11	2
37	7
22	5
25	17
11	27
34	6
4	8
18	10
2	13
7	15
5	20
29	28
# tree 206
41	12
29	14
16	67
62	35
35	22
45	29
22	45
1	41
12	78
1	16
12	62
78	32
67	3
14	25
32	9
45	11
3	37
25	17
35	4
32	18
11	2
37	7
17	5
9	34
11	27
4	8
18	10
2	13
7	15
5	20
29	28
9	6
# tree 207
41	12
29	14
16	67
62	35
35	22
45	29
22	45
1	41
12	78
1	16
12	62
78	32
67	3
32	9
45	11
3	37
14	25
35	4
32	18
11	2
37	7
22	5
9	34
25	17
11	27
4	8
18	10
2	13
7	15
5	20
14	28
9	6
# tree 208
22	45
41	12
16	67
62	35
35	22
1	41
12	78
1	16
12	62
78	32
45	11
67	3
45	25
32	9
11	27
3	37
45	29
9	34
35	4
32	18
27	2
37	7
29	14
25	17
34	6
4	8
18	10
2	13
7	15
14	28
17	20
14	5
# tree 209
22	45
41	12
16	67
62	35
35	22
1	41
12	78
1	16
12	62
78	32
45	11
67	3
45	25
32	9
11	27
3	37
45	29
9	34
35	4
32	18
27	2
37	7
29	14
25	17
34	6
4	8
18	10
2	13
7	15
14	28
17	20
22	5
# tree 210
22	45
41	12
45	29
16	67
62	35
35	22
1	41
12	78
1	16
12	62
78	32
45	11
67	3
29	25
32	9
11	27
3	37
9	34
35	4
32	18
27	2
37	7
29	14
25	17
34	6
4	8
18	10
2	13
7	15
14	28
17	20
22	5
# tree 211
22	45
41	12
16	67
62	35
35	22
1	41
12	78
1	16
12	62
78	32
45	11
67	3
45	25
32	9
11	27
3	37
45	29
25	17
35	4
32	18
27	2
37	7
29	14
9	34
17	5
4	8
18	10
2	13
7	15
14	28
17	20
9	6
# tree 212
22	45
41	12
29	14
16	67
62	35
35	22
45	29
1	41
12	78
1	16
12	62
78	32
45	11
67	3
14	25
32	9
11	27
3	37
9	34
35	4
32	18
27	2
37	7
25	17
34	6
4	8
18	10
2	13
7	15
17	20
29	28
29	5
# tree 213
22	45
41	12
29	14
16	67
62	35
35	22
45	29
1	41
12	78
1	16
12	62
78	32
45	11
67	3
14	25
32	9
11	27
3	37
9	34
35	4
32	18
27	2
37	7
25	17
34	6
4	8
18	10
2	13
7	15
17	20
29	28
25	5
# tree 214
22	45
41	12
29	14
16	67
62	35
35	22
45	29
1	41
12	78
1	16
12	62
78	32
45	11
67	3
14	25
32	9
11	27
3	37
9	34
35	4
32	18
27	2
37	7
25	17
34	6
4	8
18	10
2	13
7	15
17	20
29	28
14	5
# tree 215
22	45
41	12
29	14
16	67
62	35
35	22
45	29
1	41
12	78
1	16
12	62
78	32
45	11
67	3
14	25
32	9
11	27
3	37
9	34
35	4
32	18
27	2
37	7
25	17
34	6
4	8
18	10
2	13
7	15
17	20
29	28
45	5
# tree 216
22	45
41	12
29	14
16	67
62	35
35	22
45	29
1	41
12	78
1	16
12	62
78	32
45	11
67	3
14	25
32	9
11	27
3	37
9	34
35	4
32	18
27	2
37	7
25	17
34	6
4	8
18	10
2	13
7	15
17	20
29	28
22	5
# tree 217
22	45
41	12
29	14
16	67
62	35
35	22
45	29
1	41
12	78
1	16
12	62
78	32
45	11
67	3
14	25
32	9
11	27
3	37
25	17
35	4
32	18
27	2
37	7
9	34
17	5
4	8
18	10
2	13
7	15
17	20
29	28
9	6
# tree 218
22	45
41	12
29	14
16	67
62	35
35	22
45	29
1	41
12	78
1	16
12	62
78	32
45	11
67	3
32	9
11	27
3	37
14	25
35	4
32	18
27	2
37	7
25	17
9	34
4	8
18	10
2	13
7	15
14	28
17	20
22	5
9	6
# tree 219
22	45
41	12
29	14
16	67
62	35
35	22
45	29
1	41
12	78
1	16
12	62
78	32
45	11
67	3
32	9
11	27
3	37
14	25
35	4
32	18
27	2
37	7
22	5
9	34
25	17
4	8
18	10
2	13
7	15
5	20
29	28
9	6
# tree 220
35	22
1	41
45	29
1	16
12	62
62	35
22	45
41	12
12	78
16	67
78	32
67	3
45	11
32	9
45	17
29	14
3	37
9	34
35	4
32	18
17	5
11	27
14	25
37	7
34	6
4	8
18	10
5	20
14	28
22	13
3	15
11	2
# tree 221
35	22
1	41
45	29
1	16
12	62
62	35
22	45
41	12
12	78
16	67
78	32
29	14
67	3
45	11
32	9
14	17
3	37
11	27
9	34
35	4
32	18
17	5
37	7
27	2
34	6
4	8
18	10
5	20
14	28
22	13
3	15
29	25
# tree 222
35	22
1	41
45	29
1	16
12	62
62	35
22	45
41	12
12	78
16	67
78	32
29	14
67	3
45	11
32	9
14	17
3	37
11	27
9	34
35	4
32	18
17	5
37	7
27	2
34	6
4	8
18	10
5	20
14	28
22	13
3	15
45	25
# tree 223
35	22
1	41
45	29
1	16
12	62
62	35
22	45
41	12
12	78
16	67
78	32
67	3
45	11
32	9
45	17
29	14
3	37
11	27
9	34
35	4
32	18
17	5
14	25
37	7
27	2
34	6
4	8
18	10
5	20
22	13
3	15
29	28
# tree 224
35	22
1	41
45	29
1	16
12	62
62	35
22	45
41	12
12	78
16	67
78	32
67	3
45	11
32	9
29	14
3	37
11	27
9	34
35	4
32	18
29	5
45	17
14	25
37	7
27	2
34	6
4	8
18	10
5	20
14	28
22	13
3	15
# tree 225
35	22
1	41
45	29
1	16
12	62
62	35
22	45
41	12
12	78
16	67
78	32
67	3
45	11
32	9
29	14
3	37
11	27
9	34
35	4
32	18
25	5
14	25
45	17
37	7
27	2
34	6
4	8
18	10
5	20
14	28
22	13
3	15
# tree 226
35	22
1	41
45	29
1	16
12	62
62	35
22	45
41	12
12	78
16	67
78	32
67	3
45	11
32	9
29	14
3	37
11	27
9	34
35	4
32	18
14	5
45	17
14	25
37	7
27	2
34	6
4	8
18	10
5	20
14	28
22	13
3	15
# tree 227
35	22
1	41
45	29
1	16
12	62
62	35
22	45
41	12
12	78
16	67
78	32
67	3
45	11
32	9
29	14
3	37
11	27
9	34
35	4
32	18
22	5
45	17
14	25
37	7
27	2
34	6
4	8
18	10
5	20
14	28
22	13
3	15
# tree 228
35	22
1	41
45	29
1	16
12	62
62	35
22	45
41	12
12	78
16	67
78	32
67	3
45	11
32	9
45	17
29	14
3	37
11	27
35	4
32	18
17	5
9	34
14	25
37	7
27	2
4	8
18	10
5	20
14	28
22	13
3	15
9	6
# tree 229
35	22
1	41
45	29
1	16
12	62
62	35
22	45
41	12
12	78
16	67
29	14
78	32
14	25
67	3
32	9
25	17
45	11
3	37
9	34
35	4
32	18
17	5
11	27
37	7
34	6
4	8
18	10
14	28
22	13
3	15
11	2
17	20
# tree 230
35	22
1	41
45	29
1	16
12	62
62	35
22	45
41	12
12	78
16	67
78	32
29	25
67	3
32	9
25	17
45	11
3	37
9	34
35	4
32	18
17	5
29	14
11	27
37	7
34	6
4	8
18	10
5	20
14	28
22	13
3	15
11	2
# tree 231
35	22
1	41
45	29
1	16
12	62
62	35
22	45
41	12
12	78
16	67
78	32
45	25
67	3
32	9
25	17
45	11
3	37
9	34
35	4
32	18
17	5
29	14
11	27
37	7
34	6
4	8
18	10
5	20
14	28
22	13
3	15
11	2
# tree 232
35	22
1	41
45	29
1	16
12	62
62	35
22	45
41	12
12	78
16	67
29	14
78	32
14	25
67	3
32	9
25	17
45	11
3	37
9	34
35	4
32	18
17	5
11	27
37	7
34	6
4	8
18	10
5	20
22	13
3	15
11	2
29	28
# tree 233
35	22
1	41
45	29
1	16
12	62
62	35
22	45
41	12
12	78
16	67
29	14
78	32
14	25
67	3
32	9
45	11
3	37
9	34
35	4
32	18
29	5
25	17
11	27
37	7
34	6
4	8
18	10
5	20
14	28
22	13
3	15
11	2
# tree 234
35	22
1	41
45	29
1	16
12	62
62	35
22	45
41	12
12	78
16	67
29	14
78	32
14	25
67	3
32	9
45	11
3	37
9	34
35	4
32	18
25	5
25	17
11	27
37	7
34	6
4	8
18	10
5	20
14	28
22	13
3	15
11	2
# tree 235
35	22
1	41
45	29
1	16
12	62
62	35
22	45
41	12
12	78
16	67
29	14
78	32
14	25
67	3
32	9
45	11
3	37
9	34
35	4
32	18
14	5
25	17
11	27
37	7
34	6
4	8
18	10
5	20
14	28
22	13
3	15
11	2
# tree 236
35	22
1	41
45	29
1	16
12	62
62	35
22	45
41	12
12	78
16	67
29	14
78	32
14	25
67	3
32	9
45	11
3	37
9	34
35	4
32	18
45	5
25	17
11	27
37	7
34	6
4	8
18	10
5	20
14	28
22	13
3	15
11	2
# tree 237
35	22
1	41
45	29
1	16
12	62
62	35
22	45
41	12
12	78
16	67
29	14
78	32
14	25
67	3
32	9
45	11
3	37
9	34
35	4
32	18
22	5
25	17
11	27
37	7
34	6
4	8
18	10
5	20
14	28
22	13
3	15
11	2
# tree 238
35	22
1	41
45	29
1	16
12	62
62	35
22	45
41	12
12	78
16	67
29	14
78	32
14	25
67	3
32	9
25	17
45	11
3	37
35	4
32	18
17	5
9	34
11	27
37	7
4	8
18	10
5	20
14	28
22	13
3	15
11	2
9	6
# tree 239
35	22
1	41
45	29
1	16
12	62
62	35
22	45
41	12
12	78
16	67
78	32
29	25
67	3
45	11
32	9
25	17
3	37
11	27
9	34
35	4
32	18
29	14
17	5
37	7
27	2
34	6
4	8
18	10
14	28
22	13
3	15
17	20
# tree 240
35	22
1	41
45	29
1	16
12	62
62	35
22	45
41	12
12	78
16	67
78	32
45	25
67	3
45	11
32	9
25	17
3	37
11	27
9	34
35	4
32	18
29	14
17	5
37	7
27	2
34	6
4	8
18	10
14	28
22	13
3	15
17	20
# tree 241
35	22
1	41
45	29
1	16
12	62
62	35
22	45
41	12
12	78
16	67
29	14
78	32
14	25
67	3
45	11
32	9
25	17
3	37
11	27
9	34
35	4
32	18
17	5
37	7
27	2
34	6
4	8
18	10
22	13
3	15
17	20
29	28
# tree 242
35	22
1	41
45	29
1	16
12	62
62	35
22	45
41	12
12	78
16	67
29	14
78	32
14	25
67	3
45	11
32	9
3	37
11	27
9	34
35	4
32	18
25	17
37	7
27	2
34	6
4	8
18	10
14	28
22	13
3	15
17	20
29	5
# tree 243
35	22
1	41
45	29
1	16
12	62
62	35
22	45
41	12
12	78
16	67
29	14
78	32
14	25
67	3
45	11
32	9
3	37
11	27
9	34
35	4
32	18
25	17
37	7
27	2
34	6
4	8
18	10
14	28
22	13
3	15
17	20
25	5
# tree 244
35	22
1	41
45	29
1	16
12	62
62	35
22	45
41	12
12	78
16	67
29	14
78	32
14	25
67	3
45	11
32	9
3	37
11	27
9	34
35	4
32	18
25	17
37	7
27	2
34	6
4	8
18	10
14	28
22	13
3	15
17	20
14	5
# tree 245
35	22
1	41
45	29
1	16
12	62
62	35
22	45
41	12
12	78
16	67
29	14
78	32
14	25
67	3
45	11
32	9
3	37
11	27
9	34
35	4
32	18
25	17
37	7
27	2
34	6
4	8
18	10
14	28
22	13
3	15
17	20
45	5
# tree 246
35	22
1	41
45	29
1	16
12	62
62	35
22	45
41	12
12	78
16	67
29	14
78	32
14	25
67	3
45	11
32	9
3	37
11	27
9	34
35	4
32	18
25	17
37	7
27	2
34	6
4	8
18	10
14	28
22	13
3	15
17	20
22	5
# tree 247
35	22
1	41
45	29
1	16
12	62
62	35
22	45
41	12
12	78
16	67
29	14
78	32
14	25
67	3
45	11
32	9
25	17
3	37
11	27
35	4
32	18
9	34
17	5
37	7
27	2
4	8
18	10
14	28
22	13
3	15
17	20
9	6
# tree 248
35	22
1	41
1	16
12	62
62	35
22	45
41	12
12	78
16	67
78	32
45	25
67	3
45	11
32	9
45	29
3	37
11	27
9	34
35	4
32	18
14	5
29	14
25	17
37	7
27	2
34	6
4	8
18	10
5	20
14	28
22	13
3	15
# tree 249
35	22
1	41
1	16
12	62
62	35
22	45
41	12
12	78
16	67
45	29
78	32
29	25
67	3
45	11
32	9
3	37
11	27
9	34
35	4
32	18
22	5
29	14
25	17
37	7
27	2
34	6
4	8
18	10
5	20
14	28
22	13
3	15
# tree 250
35	22
1	41
1	16
12	62
62	35
22	45
41	12
12	78
16	67
78	32
45	25
67	3
45	11
32	9
25	17
45	29
3	37
11	27
35	4
32	18
17	5
29	14
9	34
37	7
27	2
4	8
18	10
5	20
14	28
22	13
3	15
9	6
# tree 251
35	22
1	41
45	29
1	16
12	62
62	35
22	45
41	12
12	78
16	67
29	14
78	32
14	25
67	3
45	11
32	9
3	37
11	27
9	34
35	4
32	18
29	5
25	17
37	7
27	2
34	6
4	8
18	10
5	20
22	13
3	15
29	28
# tree 252
35	22
1	41
45	29
1	16
12	62
62	35
22	45
41	12
12	78
16	67
29	14
78	32
14	25
67	3
45	11
32	9
3	37
11	27
9	34
35	4
32	18
25	5
25	17
37	7
27	2
34	6
4	8
18	10
5	20
22	13
3	15
29	28
# tree 253
35	22
1	41
45	29
1	16
12	62
62	35
22	45
41	12
12	78
16	67
29	14
78	32
14	25
67	3
45	11
32	9
3	37
11	27
9	34
35	4
32	18
14	5
25	17
37	7
27	2
34	6
4	8
18	10
5	20
22	13
3	15
29	28
# tree 254
35	22
1	41
45	29
1	16
12	62
62	35
22	45
41	12
12	78
16	67
29	14
78	32
14	25
67	3
45	11
32	9
3	37
11	27
9	34
35	4
32	18
45	5
25	17
37	7
27	2
34	6
4	8
18	10
5	20
22	13
3	15
29	28
# tree 255
35	22
1	41
45	29
1	16
12	62
62	35
22	45
41	12
12	78
16	67
29	14
78	32
14	25
67	3
45	11
32	9
3	37
11	27
9	34
35	4
32	18
22	5
25	17
37	7
27	2
34	6
4	8
18	10
5	20
22	13
3	15
29	28
# tree 256
35	22
1	41
45	29
1	16
12	62
62	35
22	45
41	12
12	78
16	67
29	14
78	32
14	25
67	3
45	11
32	9
25	17
3	37
11	27
35	4
32	18
17	5
9	34
37	7
27	2
4	8
18	10
5	20
22	13
3	15
29	28
9	6
# tree 257
35	22
1	41
45	29
1	16
12	62
62	35
22	45
41	12
12	78
16	67
29	14
78	32
67	3
45	11
32	9
14	25
3	37
11	27
35	4
32	18
22	5
9	34
25	17
37	7
27	2
4	8
18	10
5	20
14	28
22	13
3	15
9	6
# tree 258
35	22
1	41
1	16
12	62
62	35
22	45
41	12
12	78
16	67
78	32
67	3
45	29
32	9
3	37
45	17
45	11
29	14
9	34
35	4
32	18
37	7
17	5
11	27
14	25
34	6
4	8
18	10
7	15
5	20
22	13
11	2
29	28
# tree 259
35	22
1	41
1	16
12	62
62	35
22	45
41	12
12	78
16	67
78	32
67	3
45	29
32	9
3	37
45	11
29	14
9	34
35	4
32	18
37	7
29	5
45	17
11	27
14	25
34	6
4	8
18	10
7	15
5	20
14	28
22	13
11	2
# tree 260
35	22
1	41
1	16
12	62
62	35
22	45
41	12
12	78
16	67
78	32
67	3
45	29
32	9
3	37
45	11
29	14
9	34
35	4
32	18
37	7
25	5
14	25
45	17
11	27
34	6
4	8
18	10
7	15
5	20
14	28
22	13
11	2
# tree 261
35	22
1	41
1	16
12	62
62	35
22	45
41	12
12	78
16	67
78	32
67	3
45	29
32	9
3	37
45	11
29	14
9	34
35	4
32	18
37	7
14	5
45	17
11	27
14	25
34	6
4	8
18	10
7	15
5	20
14	28
22	13
11	2
# tree 262
35	22
1	41
1	16
12	62
62	35
22	45
41	12
12	78
16	67
78	32
67	3
45	29
32	9
3	37
45	11
29	14
9	34
35	4
32	18
37	7
22	5
45	17
11	27
14	25
34	6
4	8
18	10
7	15
5	20
14	28
22	13
11	2
# tree 263
35	22
1	41
1	16
12	62
62	35
22	45
41	12
12	78
16	67
78	32
67	3
45	29
32	9
3	37
45	17
45	11
29	14
35	4
32	18
37	7
17	5
9	34
11	27
14	25
4	8
18	10
7	15
5	20
14	28
22	13
11	2
9	6
# tree 264
35	22
1	41
1	16
12	62
62	35
22	45
41	12
12	78
16	67
45	29
78	32
67	3
29	14
45	11
32	9
3	37
14	17
11	27
9	34
35	4
32	18
37	7
17	5
27	2
34	6
4	8
18	10
7	15
5	20
22	13
45	25
29	28
# tree 265
35	22
1	41
1	16
12	62
62	35
22	45
41	12
12	78
16	67
45	29
78	32
67	3
29	14
45	11
32	9
3	37
11	27
9	34
35	4
32	18
37	7
29	5
14	17
27	2
34	6
4	8
18	10
7	15
5	20
14	28
22	13
45	25
# tree 266
35	22
1	41
1	16
12	62
62	35
22	45
41	12
12	78
16	67
45	29
78	32
67	3
29	14
45	11
32	9
3	37
11	27
9	34
35	4
32	18
37	7
14	5
14	17
27	2
34	6
4	8
18	10
7	15
5	20
14	28
22	13
45	25
# tree 267
35	22
1	41
1	16
12	62
62	35
22	45
41	12
12	78
16	67
45	29
78	32
67	3
29	14
45	11
32	9
3	37
11	27
9	34
35	4
32	18
37	7
22	5
14	17
27	2
34	6
4	8
18	10
7	15
5	20
14	28
22	13
29	25
# tree 268
35	22
1	41
1	16
12	62
62	35
22	45
41	12
12	78
16	67
45	29
78	32
67	3
29	14
45	11
32	9
3	37
14	17
11	27
35	4
32	18
37	7
17	5
9	34
27	2
4	8
18	10
7	15
5	20
14	28
22	13
45	25
9	6
# tree 269
35	22
1	41
1	16
12	62
62	35
22	45
41	12
12	78
16	67
78	32
67	3
45	29
45	11
32	9
3	37
29	14
11	27
9	34
35	4
32	18
37	7
29	5
45	17
14	25
27	2
34	6
4	8
18	10
7	15
5	20
22	13
29	28
# tree 270
35	22
1	41
1	16
12	62
62	35
22	45
41	12
12	78
16	67
78	32
67	3
45	29
45	11
32	9
3	37
29	14
11	27
9	34
35	4
32	18
37	7
25	5
14	25
45	17
27	2
34	6
4	8
18	10
7	15
5	20
22	13
29	28
# tree 271
35	22
1	41
1	16
12	62
62	35
22	45
41	12
12	78
16	67
78	32
67	3
45	29
45	11
32	9
3	37
29	14
11	27
9	34
35	4
32	18
37	7
14	5
45	17
14	25
27	2
34	6
4	8
18	10
7	15
5	20
22	13
29	28
# tree 272
35	22
1	41
1	16
12	62
62	35
22	45
41	12
12	78
16	67
78	32
67	3
45	29
45	11
32	9
3	37
29	14
11	27
9	34
35	4
32	18
37	7
22	5
45	17
14	25
27	2
34	6
4	8
18	10
7	15
5	20
22	13
29	28
# tree 273
35	22
1	41
1	16
12	62
62	35
22	45
41	12
12	78
16	67
78	32
67	3
45	29
45	11
32	9
3	37
45	17
29	14
11	27
35	4
32	18
37	7
17	5
9	34
14	25
27	2
4	8
18	10
7	15
5	20
22	13
29	28
9	6
# tree 274
35	22
1	41
1	16
12	62
62	35
22	45
41	12
12	78
16	67
78	32
67	3
45	29
45	11
32	9
3	37
29	14
11	27
35	4
32	18
37	7
22	5
9	34
45	17
14	25
27	2
4	8
18	10
7	15
5	20
14	28
22	13
9	6
# tree 275
35	22
1	41
45	29
1	16
12	62
62	35
22	45
41	12
12	78
16	67
78	32
67	3
29	25
32	9
3	37
25	17
45	11
9	34
35	4
32	18
37	7
29	14
17	5
11	27
34	6
4	8
18	10
7	15
14	28
22	13
11	2
17	20
# tree 276
35	22
1	41
45	29
1	16
12	62
62	35
22	45
41	12
12	78
16	67
78	32
67	3
45	25
32	9
3	37
25	17
45	11
9	34
35	4
32	18
37	7
29	14
17	5
11	27
34	6
4	8
18	10
7	15
14	28
22	13
11	2
17	20
# tree 277
35	22
1	41
45	29
1	16
12	62
62	35
22	45
41	12
12	78
16	67
29	14
78	32
67	3
14	25
32	9
3	37
25	17
45	11
9	34
35	4
32	18
37	7
17	5
11	27
34	6
4	8
18	10
7	15
22	13
11	2
17	20
29	28
# tree 278
35	22
1	41
45	29
1	16
12	62
62	35
22	45
41	12
12	78
16	67
29	14
78	32
67	3
14	25
32	9
3	37
45	11
9	34
35	4
32	18
37	7
25	17
11	27
34	6
4	8
18	10
7	15
14	28
22	13
11	2
17	20
29	5
# tree 279
35	22
1	41
45	29
1	16
12	62
62	35
22	45
41	12
12	78
16	67
29	14
78	32
67	3
14	25
32	9
3	37
45	11
9	34
35	4
32	18
37	7
25	17
11	27
34	6
4	8
18	10
7	15
14	28
22	13
11	2
17	20
25	5
# tree 280
35	22
1	41
45	29
1	16
12	62
62	35
22	45
41	12
12	78
16	67
29	14
78	32
67	3
14	25
32	9
3	37
45	11
9	34
35	4
32	18
37	7
25	17
11	27
34	6
4	8
18	10
7	15
14	28
22	13
11	2
17	20
14	5
# tree 281
35	22
1	41
45	29
1	16
12	62
62	35
22	45
41	12
12	78
16	67
29	14
78	32
67	3
14	25
32	9
3	37
45	11
9	34
35	4
32	18
37	7
25	17
11	27
34	6
4	8
18	10
7	15
14	28
22	13
11	2
17	20
45	5
# tree 282
35	22
1	41
45	29
1	16
12	62
62	35
22	45
41	12
12	78
16	67
29	14
78	32
67	3
14	25
32	9
3	37
45	11
9	34
35	4
32	18
37	7
25	17
11	27
34	6
4	8
18	10
7	15
14	28
22	13
11	2
17	20
22	5
# tree 283
35	22
1	41
45	29
1	16
12	62
62	35
22	45
41	12
12	78
16	67
29	14
78	32
67	3
14	25
32	9
3	37
25	17
45	11
35	4
32	18
37	7
9	34
17	5
11	27
4	8
18	10
7	15
14	28
22	13
11	2
17	20
9	6
# tree 284
35	22
1	41
1	16
12	62
62	35
22	45
41	12
12	78
16	67
78	32
67	3
45	25
32	9
3	37
45	29
45	11
9	34
35	4
32	18
37	7
14	5
29	14
25	17
11	27
34	6
4	8
18	10
7	15
5	20
14	28
22	13
11	2
# tree 285
35	22
1	41
1	16
12	62
62	35
22	45
41	12
12	78
16	67
45	29
78	32
67	3
29	25
32	9
3	37
45	11
9	34
35	4
32	18
37	7
22	5
29	14
25	17
11	27
34	6
4	8
18	10
7	15
5	20
14	28
22	13
11	2
# tree 286
35	22
1	41
1	16
12	62
62	35
22	45
41	12
12	78
16	67
78	32
67	3
45	25
32	9
3	37
25	17
45	29
45	11
35	4
32	18
37	7
17	5
29	14
9	34
11	27
4	8
18	10
7	15
5	20
14	28
22	13
11	2
9	6
# tree 287
35	22
1	41
45	29
1	16
12	62
62	35
22	45
41	12
12	78
16	67
29	14
78	32
67	3
14	25
32	9
3	37
45	11
9	34
35	4
32	18
37	7
29	5
25	17
11	27
34	6
4	8
18	10
7	15
5	20
22	13
11	2
29	28
# tree 288
35	22
1	41
45	29
1	16
12	62
62	35
22	45
41	12
12	78
16	67
29	14
78	32
67	3
14	25
32	9
3	37
45	11
9	34
35	4
32	18
37	7
25	5
25	17
11	27
34	6
4	8
18	10
7	15
5	20
22	13
11	2
29	28
# tree 289
35	22
1	41
45	29
1	16
12	62
62	35
22	45
41	12
12	78
16	67
29	14
78	32
67	3
14	25
32	9
3	37
45	11
9	34
35	4
32	18
37	7
14	5
25	17
11	27
34	6
4	8
18	10
7	15
5	20
22	13
11	2
29	28
# tree 290
35	22
1	41
45	29
1	16
12	62
62	35
22	45
41	12
12	78
16	67
29	14
78	32
67	3
14	25
32	9
3	37
45	11
9	34
35	4
32	18
37	7
45	5
25	17
11	27
34	6
4	8
18	10
7	15
5	20
22	13
11	2
29	28
# tree 291
35	22
1	41
45	29
1	16
12	62
62	35
22	45
41	12
12	78
16	67
29	14
78	32
67	3
14	25
32	9
3	37
45	11
9	34
35	4
32	18
37	7
22	5
25	17
11	27
34	6
4	8
18	10
7	15
5	20
22	13
11	2
29	28
# tree 292
35	22
1	41
45	29
1	16
12	62
62	35
22	45
41	12
12	78
16	67
29	14
78	32
67	3
14	25
32	9
3	37
25	17
45	11
35	4
32	18
37	7
17	5
9	34
11	27
4	8
18	10
7	15
5	20
22	13
11	2
29	28
9	6
# tree 293
35	22
1	41
45	29
1	16
12	62
62	35
22	45
41	12
12	78
16	67
29	14
78	32
67	3
32	9
3	37
14	25
45	11
35	4
32	18
37	7
22	5
9	34
25	17
11	27
4	8
18	10
7	15
5	20
14	28
22	13
11	2
9	6
# tree 294
35	22
1	41
1	16
12	62
62	35
22	45
41	12
12	78
16	67
78	32
67	3
45	25
45	11
32	9
3	37
45	29
11	27
9	34
35	4
32	18
37	7
29	14
25	17
27	2
34	6
4	8
18	10
7	15
14	28
22	13
17	20
14	5
# tree 295
35	22
1	41
1	16
12	62
62	35
22	45
41	12
12	78
16	67
78	32
67	3
45	25
45	11
32	9
3	37
45	29
11	27
9	34
35	4
32	18
37	7
29	14
25	17
27	2
34	6
4	8
18	10
7	15
14	28
22	13
17	20
22	5
# tree 296
35	22
1	41
1	16
12	62
62	35
22	45
41	12
12	78
16	67
45	29
78	32
67	3
29	25
45	11
32	9
3	37
11	27
9	34
35	4
32	18
37	7
29	14
25	17
27	2
34	6
4	8
18	10
7	15
14	28
22	13
17	20
22	5
# tree 297
35	22
1	41
1	16
12	62
62	35
22	45
41	12
12	78
16	67
78	32
67	3
45	25
45	11
32	9
3	37
45	29
25	17
11	27
35	4
32	18
37	7
29	14
9	34
17	5
27	2
4	8
18	10
7	15
14	28
22	13
17	20
9	6
# tree 298
35	22
1	41
45	29
1	16
12	62
62	35
22	45
41	12
12	78
16	67
29	14
78	32
67	3
14	25
45	11
32	9
3	37
11	27
9	34
35	4
32	18
37	7
25	17
27	2
34	6
4	8
18	10
7	15
22	13
17	20
29	28
29	5
# tree 299
35	22
1	41
45	29
1	16
12	62
62	35
22	45
41	12
12	78
16	67
29	14
78	32
67	3
14	25
45	11
32	9
3	37
11	27
9	34
35	4
32	18
37	7
25	17
27	2
34	6
4	8
18	10
7	15
22	13
17	20
29	28
25	5
# tree 300
35	22
1	41
45	29
1	16
12	62
62	35
22	45
41	12
12	78
16	67
29	14
78	32
67	3
14	25
45	11
32	9
3	37
11	27
9	34
35	4
32	18
37	7
25	17
27	2
34	6
4	8
18	10
7	15
22	13
17	20
29	28
14	5
# tree 301
35	22
1	41
45	29
1	16
12	62
62	35
22	45
41	12
12	78
16	67
29	14
78	32
67	3
14	25
45	11
32	9
3	37
11	27
9	34
35	4
32	18
37	7
25	17
27	2
34	6
4	8
18	10
7	15
22	13
17	20
29	28
45	5
# tree 302
35	22
1	41
45	29
1	16
12	62
62	35
22	45
41	12
12	78
16	67
29	14
78	32
67	3
14	25
45	11
32	9
3	37
11	27
9	34
35	4
32	18
37	7
25	17
27	2
34	6
4	8
18	10
7	15
22	13
17	20
29	28
22	5
# tree 303
35	22
1	41
45	29
1	16
12	62
62	35
22	45
41	12
12	78
16	67
29	14
78	32
67	3
14	25
45	11
32	9
3	37
25	17
11	27
35	4
32	18
37	7
9	34
17	5
27	2
4	8
18	10
7	15
22	13
17	20
29	28
9	6
# tree 304
35	22
1	41
45	29
1	16
12	62
62	35
22	45
41	12
12	78
16	67
29	14
78	32
67	3
45	11
32	9
3	37
14	25
11	27
35	4
32	18
37	7
25	17
9	34
27	2
4	8
18	10
7	15
14	28
22	13
17	20
22	5
9	6
# tree 305
35	22
1	41
22	45
1	16
12	62
62	35
41	12
12	78
16	67
45	29
78	32
67	3
45	11
32	9
3	37
29	25
11	27
35	4
32	18
37	7
22	5
29	14
9	34
25	17
27	2
4	8
18	10
7	15
5	20
14	28
22	13
9	6
# tree 306
35	22
1	41
45	29
1	16
12	62
62	35
22	45
41	12
12	78
16	67
29	14
78	32
67	3
45	11
32	9
3	37
14	25
11	27
35	4
32	18
37	7
22	5
9	34
25	17
27	2
4	8
18	10
7	15
5	20
22	13
29	28
9	6
# tree 307
35	22
1	41
1	16
12	62
62	35
22	45
41	12
12	78
16	67
78	32
45	29
67	3
32	9
45	11
45	17
29	14
3	37
9	34
35	4
32	18
11	2
17	5
11	27
14	25
37	7
34	6
4	8
18	10
2	13
5	20
3	15
29	28
# tree 308
35	22
1	41
1	16
12	62
62	35
22	45
41	12
12	78
16	67
78	32
45	29
67	3
32	9
45	11
29	14
3	37
9	34
35	4
32	18
11	2
29	5
45	17
11	27
14	25
37	7
34	6
4	8
18	10
2	13
5	20
14	28
3	15
# tree 309
35	22
1	41
1	16
12	62
62	35
22	45
41	12
12	78
16	67
78	32
45	29
67	3
32	9
45	11
29	14
3	37
9	34
35	4
32	18
11	2
25	5
14	25
45	17
11	27
37	7
34	6
4	8
18	10
2	13
5	20
14	28
3	15
# tree 310
35	22
1	41
1	16
12	62
62	35
22	45
41	12
12	78
16	67
78	32
45	29
67	3
32	9
45	11
29	14
3	37
9	34
35	4
32	18
11	2
14	5
45	17
11	27
14	25
37	7
34	6
4	8
18	10
2	13
5	20
14	28
3	15
# tree 311
35	22
1	41
1	16
12	62
62	35
22	45
41	12
12	78
16	67
78	32
45	29
67	3
32	9
45	11
29	14
3	37
9	34
35	4
32	18
11	2
22	5
45	17
11	27
14	25
37	7
34	6
4	8
18	10
2	13
5	20
14	28
3	15
# tree 312
35	22
1	41
1	16
12	62
62	35
22	45
41	12
12	78
16	67
78	32
45	29
67	3
32	9
45	11
45	17
29	14
3	37
35	4
32	18
11	2
17	5
9	34
11	27
14	25
37	7
4	8
18	10
2	13
5	20
14	28
3	15
9	6
# tree 313
35	22
1	41
1	16
12	62
62	35
22	45
41	12
12	78
45	29
16	67
78	32
45	11
29	14
67	3
32	9
11	27
14	17
3	37
9	34
35	4
32	18
27	2
17	5
37	7
34	6
4	8
18	10
2	13
5	20
3	15
45	25
29	28
# tree 314
35	22
1	41
1	16
12	62
62	35
22	45
41	12
12	78
45	29
16	67
78	32
45	11
29	14
67	3
32	9
11	27
3	37
9	34
35	4
32	18
27	2
29	5
14	17
37	7
34	6
4	8
18	10
2	13
5	20
14	28
3	15
45	25
# tree 315
35	22
1	41
1	16
12	62
62	35
22	45
41	12
12	78
45	29
16	67
78	32
45	11
29	14
67	3
32	9
11	27
3	37
9	34
35	4
32	18
27	2
14	5
14	17
37	7
34	6
4	8
18	10
2	13
5	20
14	28
3	15
45	25
# tree 316
35	22
1	41
1	16
12	62
62	35
22	45
41	12
12	78
45	29
16	67
78	32
45	11
29	14
67	3
32	9
11	27
3	37
9	34
35	4
32	18
27	2
22	5
14	17
37	7
34	6
4	8
18	10
2	13
5	20
14	28
3	15
29	25
# tree 317
35	22
1	41
1	16
12	62
62	35
22	45
41	12
12	78
45	29
16	67
78	32
45	11
29	14
67	3
32	9
11	27
14	17
3	37
35	4
32	18
27	2
17	5
9	34
37	7
4	8
18	10
2	13
5	20
14	28
3	15
45	25
9	6
# tree 318
35	22
1	41
1	16
12	62
62	35
22	45
41	12
12	78
16	67
78	32
45	11
45	29
67	3
32	9
11	27
29	14
3	37
9	34
35	4
32	18
27	2
29	5
45	17
14	25
37	7
34	6
4	8
18	10
2	13
5	20
3	15
29	28
# tree 319
35	22
1	41
1	16
12	62
62	35
22	45
41	12
12	78
16	67
78	32
45	11
45	29
67	3
32	9
11	27
29	14
3	37
9	34
35	4
32	18
27	2
25	5
14	25
45	17
37	7
34	6
4	8
18	10
2	13
5	20
3	15
29	28
# tree 320
35	22
1	41
1	16
12	62
62	35
22	45
41	12
12	78
16	67
78	32
45	11
45	29
67	3
32	9
11	27
29	14
3	37
9	34
35	4
32	18
27	2
14	5
45	17
14	25
37	7
34	6
4	8
18	10
2	13
5	20
3	15
29	28
# tree 321
35	22
1	41
1	16
12	62
62	35
22	45
41	12
12	78
16	67
78	32
45	11
45	29
67	3
32	9
11	27
29	14
3	37
9	34
35	4
32	18
27	2
22	5
45	17
14	25
37	7
34	6
4	8
18	10
2	13
5	20
3	15
29	28
# tree 322
35	22
1	41
1	16
12	62
62	35
22	45
41	12
12	78
16	67
78	32
45	11
45	29
67	3
32	9
11	27
45	17
29	14
3	37
35	4
32	18
27	2
17	5
9	34
14	25
37	7
4	8
18	10
2	13
5	20
3	15
29	28
9	6
# tree 323
35	22
1	41
1	16
12	62
62	35
22	45
41	12
12	78
16	67
78	32
45	11
45	29
67	3
32	9
11	27
29	14
3	37
35	4
32	18
27	2
22	5
9	34
45	17
14	25
37	7
4	8
18	10
2	13
5	20
14	28
3	15
9	6
# tree 324
35	22
1	41
45	29
1	16
12	62
62	35
22	45
41	12
12	78
16	67
78	32
29	25
67	3
32	9
45	11
25	17
3	37
9	34
35	4
32	18
11	2
29	14
17	5
11	27
37	7
34	6
4	8
18	10
2	13
14	28
3	15
17	20
# tree 325
35	22
1	41
45	29
1	16
12	62
62	35
22	45
41	12
12	78
16	67
78	32
45	25
67	3
32	9
45	11
25	17
3	37
9	34
35	4
32	18
11	2
29	14
17	5
11	27
37	7
34	6
4	8
18	10
2	13
14	28
3	15
17	20
# tree 326
35	22
1	41
45	29
1	16
12	62
62	35
22	45
41	12
12	78
29	14
16	67
78	32
14	25
67	3
32	9
45	11
25	17
3	37
9	34
35	4
32	18
11	2
17	5
11	27
37	7
34	6
4	8
18	10
2	13
3	15
17	20
29	28
# tree 327
35	22
1	41
45	29
1	16
12	62
62	35
22	45
41	12
12	78
29	14
16	67
78	32
14	25
67	3
32	9
45	11
3	37
9	34
35	4
32	18
11	2
25	17
11	27
37	7
34	6
4	8
18	10
2	13
14	28
3	15
17	20
29	5
# tree 328
35	22
1	41
45	29
1	16
12	62
62	35
22	45
41	12
12	78
29	14
16	67
78	32
14	25
67	3
32	9
45	11
3	37
9	34
35	4
32	18
11	2
25	17
11	27
37	7
34	6
4	8
18	10
2	13
14	28
3	15
17	20
25	5
# tree 329
35	22
1	41
45	29
1	16
12	62
62	35
22	45
41	12
12	78
29	14
16	67
78	32
14	25
67	3
32	9
45	11
3	37
9	34
35	4
32	18
11	2
25	17
11	27
37	7
34	6
4	8
18	10
2	13
14	28
3	15
17	20
14	5
# tree 330
35	22
1	41
45	29
1	16
12	62
62	35
22	45
41	12
12	78
29	14
16	67
78	32
14	25
67	3
32	9
45	11
3	37
9	34
35	4
32	18
11	2
25	17
11	27
37	7
34	6
4	8
18	10
2	13
14	28
3	15
17	20
45	5
# tree 331
35	22
1	41
45	29
1	16
12	62
62	35
22	45
41	12
12	78
29	14
16	67
78	32
14	25
67	3
32	9
45	11
3	37
9	34
35	4
32	18
11	2
25	17
11	27
37	7
34	6
4	8
18	10
2	13
14	28
3	15
17	20
22	5
# tree 332
35	22
1	41
45	29
1	16
12	62
62	35
22	45
41	12
12	78
29	14
16	67
78	32
14	25
67	3
32	9
45	11
25	17
3	37
35	4
32	18
11	2
9	34
17	5
11	27
37	7
4	8
18	10
2	13
14	28
3	15
17	20
9	6
# tree 333
35	22
1	41
1	16
12	62
62	35
22	45
41	12
12	78
16	67
78	32
45	25
67	3
32	9
45	11
45	29
3	37
9	34
35	4
32	18
11	2
14	5
29	14
25	17
11	27
37	7
34	6
4	8
18	10
2	13
5	20
14	28
3	15
# tree 334
35	22
1	41
1	16
12	62
62	35
22	45
41	12
12	78
45	29
16	67
78	32
29	25
67	3
32	9
45	11
3	37
9	34
35	4
32	18
11	2
22	5
29	14
25	17
11	27
37	7
34	6
4	8
18	10
2	13
5	20
14	28
3	15
# tree 335
35	22
1	41
1	16
12	62
62	35
22	45
41	12
12	78
16	67
78	32
45	25
67	3
32	9
45	11
25	17
45	29
3	37
35	4
32	18
11	2
17	5
29	14
9	34
11	27
37	7
4	8
18	10
2	13
5	20
14	28
3	15
9	6
# tree 336
35	22
1	41
45	29
1	16
12	62
62	35
22	45
41	12
12	78
29	14
16	67
78	32
14	25
67	3
32	9
45	11
3	37
9	34
35	4
32	18
11	2
29	5
25	17
11	27
37	7
34	6
4	8
18	10
2	13
5	20
3	15
29	28
# tree 337
35	22
1	41
45	29
1	16
12	62
62	35
22	45
41	12
12	78
29	14
16	67
78	32
14	25
67	3
32	9
45	11
3	37
9	34
35	4
32	18
11	2
25	5
25	17
11	27
37	7
34	6
4	8
18	10
2	13
5	20
3	15
29	28
# tree 338
35	22
1	41
45	29
1	16
12	62
62	35
22	45
41	12
12	78
29	14
16	67
78	32
14	25
67	3
32	9
45	11
3	37
9	34
35	4
32	18
11	2
14	5
25	17
11	27
37	7
34	6
4	8
18	10
2	13
5	20
3	15
29	28
# tree 339
35	22
1	41
45	29
1	16
12	62
62	35
22	45
41	12
12	78
29	14
16	67
78	32
14	25
67	3
32	9
45	11
3	37
9	34
35	4
32	18
11	2
45	5
25	17
11	27
37	7
34	6
4	8
18	10
2	13
5	20
3	15
29	28
# tree 340
35	22
1	41
45	29
1	16
12	62
62	35
22	45
41	12
12	78
29	14
16	67
78	32
14	25
67	3
32	9
45	11
3	37
9	34
35	4
32	18
11	2
22	5
25	17
11	27
37	7
34	6
4	8
18	10
2	13
5	20
3	15
29	28
# tree 341
35	22
1	41
45	29
1	16
12	62
62	35
22	45
41	12
12	78
29	14
16	67
78	32
14	25
67	3
32	9
45	11
25	17
3	37
35	4
32	18
11	2
17	5
9	34
11	27
37	7
4	8
18	10
2	13
5	20
3	15
29	28
9	6
# tree 342
35	22
1	41
45	29
1	16
12	62
62	35
22	45
41	12
12	78
29	14
16	67
78	32
67	3
32	9
45	11
14	25
3	37
35	4
32	18
11	2
22	5
9	34
25	17
11	27
37	7
4	8
18	10
2	13
5	20
14	28
3	15
9	6
# tree 343
35	22
1	41
1	16
12	62
62	35
22	45
41	12
12	78
16	67
78	32
45	11
45	25
67	3
32	9
11	27
45	29
3	37
9	34
35	4
32	18
27	2
29	14
25	17
37	7
34	6
4	8
18	10
2	13
14	28
3	15
17	20
14	5
# tree 344
35	22
1	41
1	16
12	62
62	35
22	45
41	12
12	78
16	67
78	32
45	11
45	25
67	3
32	9
11	27
45	29
3	37
9	34
35	4
32	18
27	2
29	14
25	17
37	7
34	6
4	8
18	10
2	13
14	28
3	15
17	20
22	5
# tree 345
35	22
1	41
1	16
12	62
62	35
22	45
41	12
12	78
45	29
16	67
78	32
45	11
29	25
67	3
32	9
11	27
3	37
9	34
35	4
32	18
27	2
29	14
25	17
37	7
34	6
4	8
18	10
2	13
14	28
3	15
17	20
22	5
# tree 346
35	22
1	41
1	16
12	62
62	35
22	45
41	12
12	78
16	67
78	32
45	11
45	25
67	3
32	9
11	27
45	29
25	17
3	37
35	4
32	18
27	2
29	14
9	34
17	5
37	7
4	8
18	10
2	13
14	28
3	15
17	20
9	6
# tree 347
35	22
1	41
45	29
1	16
12	62
62	35
22	45
41	12
12	78
29	14
16	67
78	32
45	11
14	25
67	3
32	9
11	27
3	37
9	34
35	4
32	18
27	2
25	17
37	7
34	6
4	8
18	10
2	13
3	15
17	20
29	28
29	5
# tree 348
35	22
1	41
45	29
1	16
12	62
62	35
22	45
41	12
12	78
29	14
16	67
78	32
45	11
14	25
67	3
32	9
11	27
3	37
9	34
35	4
32	18
27	2
25	17
37	7
34	6
4	8
18	10
2	13
3	15
17	20
29	28
25	5
# tree 349
35	22
1	41
45	29
1	16
12	62
62	35
22	45
41	12
12	78
29	14
16	67
78	32
45	11
14	25
67	3
32	9
11	27
3	37
9	34
35	4
32	18
27	2
25	17
37	7
34	6
4	8
18	10
2	13
3	15
17	20
29	28
14	5
# tree 350
35	22
1	41
45	29
1	16
12	62
62	35
22	45
41	12
12	78
29	14
16	67
78	32
45	11
14	25
67	3
32	9
11	27
3	37
9	34
35	4
32	18
27	2
25	17
37	7
34	6
4	8
18	10
2	13
3	15
17	20
29	28
45	5
# tree 351
35	22
1	41
45	29
1	16
12	62
62	35
22	45
41	12
12	78
29	14
16	67
78	32
45	11
14	25
67	3
32	9
11	27
3	37
9	34
35	4
32	18
27	2
25	17
37	7
34	6
4	8
18	10
2	13
3	15
17	20
29	28
22	5
# tree 352
35	22
1	41
45	29
1	16
12	62
62	35
22	45
41	12
12	78
29	14
16	67
78	32
45	11
14	25
67	3
32	9
11	27
25	17
3	37
35	4
32	18
27	2
9	34
17	5
37	7
4	8
18	10
2	13
3	15
17	20
29	28
9	6
# tree 353
35	22
1	41
45	29
1	16
12	62
62	35
22	45
41	12
12	78
29	14
16	67
78	32
45	11
67	3
32	9
11	27
14	25
3	37
35	4
32	18
27	2
25	17
9	34
37	7
4	8
18	10
2	13
14	28
3	15
17	20
22	5
9	6
# tree 354
35	22
1	41
22	45
1	16
12	62
62	35
41	12
12	78
45	29
16	67
78	32
45	11
67	3
32	9
11	27
29	25
3	37
35	4
32	18
27	2
22	5
29	14
9	34
25	17
37	7
4	8
18	10
2	13
5	20
14	28
3	15
9	6
# tree 355
35	22
1	41
45	29
1	16
12	62
62	35
22	45
41	12
12	78
29	14
16	67
78	32
45	11
67	3
32	9
11	27
14	25
3	37
35	4
32	18
27	2
22	5
9	34
25	17
37	7
4	8
18	10
2	13
5	20
3	15
29	28
9	6
# tree 356
35	22
1	41
62	35
1	16
12	62
41	12
12	78
16	67
22	45
78	32
67	3
45	29
32	9
45	11
3	37
29	14
9	34
35	4
32	18
11	2
37	7
29	5
45	17
11	27
14	25
34	6
4	8
18	10
2	13
7	15
5	20
29	28
# tree 357
35	22
1	41
62	35
1	16
12	62
41	12
12	78
16	67
22	45
78	32
67	3
45	29
32	9
45	11
3	37
29	14
9	34
35	4
32	18
11	2
37	7
25	5
14	25
45	17
11	27
34	6
4	8
18	10
2	13
7	15
5	20
29	28
# tree 358
35	22
1	41
62	35
1	16
12	62
41	12
12	78
16	67
22	45
78	32
67	3
45	29
32	9
45	11
3	37
29	14
9	34
35	4
32	18
11	2
37	7
14	5
45	17
11	27
14	25
34	6
4	8
18	10
2	13
7	15
5	20
29	28
# tree 359
35	22
1	41
62	35
1	16
12	62
41	12
12	78
16	67
22	45
78	32
67	3
45	29
32	9
45	11
3	37
29	14
9	34
35	4
32	18
11	2
37	7
22	5
45	17
11	27
14	25
34	6
4	8
18	10
2	13
7	15
5	20
29	28
# tree 360
35	22
1	41
62	35
1	16
12	62
41	12
12	78
16	67
22	45
78	32
67	3
45	29
32	9
45	11
3	37
45	17
29	14
35	4
32	18
11	2
37	7
17	5
9	34
11	27
14	25
4	8
18	10
2	13
7	15
5	20
29	28
9	6
# tree 361
35	22
1	41
62	35
1	16
12	62
41	12
12	78
16	67
22	45
78	32
67	3
45	29
32	9
45	11
3	37
29	14
35	4
32	18
11	2
37	7
22	5
9	34
45	17
11	27
14	25
4	8
18	10
2	13
7	15
5	20
14	28
9	6
# tree 362
35	22
1	41
62	35
1	16
12	62
41	12
12	78
22	45
16	67
78	32
45	11
67	3
45	29
32	9
11	27
3	37
29	14
35	4
32	18
27	2
37	7
22	5
9	34
45	17
14	25
4	8
18	10
2	13
7	15
5	20
14	28
9	6
# tree 363
35	22
1	41
22	45
1	16
12	62
62	35
41	12
12	78
16	67
45	29
78	32
45	11
67	3
32	9
11	27
3	37
29	25
35	4
32	18
27	2
37	7
22	5
29	14
9	34
25	17
4	8
18	10
2	13
7	15
5	20
14	28
9	6
# tree 364
35	22
1	41
62	35
1	16
12	62
41	12
12	78
22	45
16	67
78	32
45	11
67	3
45	29
32	9
11	27
3	37
29	14
35	4
32	18
27	2
37	7
22	5
9	34
45	17
14	25
4	8
18	10
2	13
7	15
5	20
29	28
9	6
# tree 365
1	41
1	16
12	62
62	35
22	45
35	22
41	12
12	78
16	67
78	32
67	3
45	25
32	9
45	11
3	37
45	29
9	34
35	4
32	18
11	2
37	7
29	14
25	17
11	27
34	6
4	8
18	10
2	13
7	15
14	28
17	20
14	5
# tree 366
1	41
1	16
12	62
62	35
22	45
35	22
41	12
12	78
16	67
78	32
67	3
45	25
32	9
45	11
3	37
45	29
9	34
35	4
32	18
11	2
37	7
29	14
25	17
11	27
34	6
4	8
18	10
2	13
7	15
14	28
17	20
22	5
# tree 367
1	41
1	16
12	62
62	35
22	45
35	22
41	12
12	78
16	67
45	29
78	32
67	3
29	25
32	9
45	11
3	37
9	34
35	4
32	18
11	2
37	7
29	14
25	17
11	27
34	6
4	8
18	10
2	13
7	15
14	28
17	20
22	5
# tree 368
1	41
1	16
12	62
62	35
22	45
35	22
41	12
12	78
16	67
78	32
67	3
45	25
32	9
45	11
3	37
45	29
25	17
35	4
32	18
11	2
37	7
29	14
9	34
17	5
11	27
4	8
18	10
2	13
7	15
14	28
17	20
9	6
# tree 369
1	41
45	29
1	16
12	62
62	35
22	45
35	22
41	12
12	78
16	67
29	14
78	32
67	3
14	25
32	9
45	11
3	37
9	34
35	4
32	18
11	2
37	7
25	17
11	27
34	6
4	8
18	10
2	13
7	15
17	20
29	28
29	5
# tree 370
1	41
45	29
1	16
12	62
62	35
22	45
35	22
41	12
12	78
16	67
29	14
78	32
67	3
14	25
32	9
45	11
3	37
9	34
35	4
32	18
11	2
37	7
25	17
11	27
34	6
4	8
18	10
2	13
7	15
17	20
29	28
25	5
# tree 371
1	41
45	29
1	16
12	62
62	35
22	45
35	22
41	12
12	78
16	67
29	14
78	32
67	3
14	25
32	9
45	11
3	37
9	34
35	4
32	18
11	2
37	7
25	17
11	27
34	6
4	8
18	10
2	13
7	15
17	20
29	28
14	5
# tree 372
1	41
45	29
1	16
12	62
62	35
22	45
35	22
41	12
12	78
16	67
29	14
78	32
67	3
14	25
32	9
45	11
3	37
9	34
35	4
32	18
11	2
37	7
25	17
11	27
34	6
4	8
18	10
2	13
7	15
17	20
29	28
45	5
# tree 373
1	41
45	29
1	16
12	62
62	35
22	45
35	22
41	12
12	78
16	67
29	14
78	32
67	3
14	25
32	9
45	11
3	37
9	34
35	4
32	18
11	2
37	7
25	17
11	27
34	6
4	8
18	10
2	13
7	15
17	20
29	28
22	5
# tree 374
1	41
45	29
1	16
12	62
62	35
22	45
35	22
41	12
12	78
16	67
29	14
78	32
67	3
14	25
32	9
45	11
3	37
25	17
35	4
32	18
11	2
37	7
9	34
17	5
11	27
4	8
18	10
2	13
7	15
17	20
29	28
9	6
# tree 375
1	41
45	29
1	16
12	62
62	35
22	45
35	22
41	12
12	78
16	67
29	14
78	32
67	3
32	9
45	11
3	37
14	25
35	4
32	18
11	2
37	7
25	17
9	34
11	27
4	8
18	10
2	13
7	15
14	28
17	20
22	5
9	6
# tree 376
1	41
22	45
1	16
12	62
62	35
35	22
41	12
12	78
16	67
45	29
78	32
67	3
32	9
45	11
3	37
29	25
35	4
32	18
11	2
37	7
22	5
29	14
9	34
25	17
11	27
4	8
18	10
2	13
7	15
5	20
14	28
9	6
# tree 377
1	41
45	29
1	16
12	62
62	35
22	45
35	22
41	12
12	78
16	67
29	14
78	32
67	3
32	9
45	11
3	37
14	25
35	4
32	18
11	2
37	7
22	5
9	34
25	17
11	27
4	8
18	10
2	13
7	15
5	20
29	28
9	6
# tree 378
35	22
1	41
22	45
1	16
12	62
62	35
41	12
12	78
16	67
45	29
78	32
45	11
67	3
32	9
11	27
3	37
29	25
35	4
32	18
27	2
37	7
29	14
25	17
9	34
4	8
18	10
2	13
7	15
14	28
17	20
22	5
9	6
# tree 379
35	22
1	41
45	29
1	16
12	62
62	35
22	45
41	12
12	78
16	67
29	14
78	32
45	11
67	3
32	9
11	27
3	37
14	25
35	4
32	18
27	2
37	7
25	17
9	34
4	8
18	10
2	13
7	15
17	20
29	28
22	5
9	6
# tree 380
62	35
22	45
41	12
12	62
35	22
1	41
1	16
12	78
16	67
78	32
45	29
67	3
32	9
45	17
45	11
29	14
3	37
9	34
35	4
32	18
17	5
11	27
14	25
37	7
34	6
4	8
18	10
5	20
22	13
3	15
11	2
29	28
# tree 381
62	35
22	45
41	12
12	62
35	22
1	41
1	16
12	78
16	67
78	32
45	29
67	3
32	9
45	11
29	14
3	37
9	34
35	4
32	18
29	5
45	17
11	27
14	25
37	7
34	6
4	8
18	10
5	20
14	28
22	13
3	15
11	2
# tree 382
62	35
22	45
41	12
12	62
35	22
1	41
1	16
12	78
16	67
78	32
45	29
67	3
32	9
45	11
29	14
3	37
9	34
35	4
32	18
25	5
14	25
45	17
11	27
37	7
34	6
4	8
18	10
5	20
14	28
22	13
3	15
11	2
# tree 383
62	35
22	45
41	12
12	62
35	22
1	41
1	16
12	78
16	67
78	32
45	29
67	3
32	9
45	11
29	14
3	37
9	34
35	4
32	18
14	5
45	17
11	27
14	25
37	7
34	6
4	8
18	10
5	20
14	28
22	13
3	15
11	2
# tree 384
62	35
22	45
41	12
12	62
35	22
1	41
1	16
12	78
16	67
78	32
45	29
67	3
32	9
45	11
29	14
3	37
9	34
35	4
32	18
22	5
45	17
11	27
14	25
37	7
34	6
4	8
18	10
5	20
14	28
22	13
3	15
11	2
# tree 385
62	35
22	45
41	12
12	62
35	22
1	41
1	16
12	78
16	67
78	32
45	29
67	3
32	9
45	17
45	11
29	14
3	37
35	4
32	18
17	5
9	34
11	27
14	25
37	7
4	8
18	10
5	20
14	28
22	13
3	15
11	2
9	6
# tree 386
62	35
22	45
41	12
12	62
35	22
1	41
1	16
12	78
45	29
16	67
78	32
29	14
67	3
45	11
32	9
14	17
3	37
11	27
9	34
35	4
32	18
17	5
37	7
27	2
34	6
4	8
18	10
5	20
22	13
3	15
45	25
29	28
# tree 387
62	35
22	45
41	12
12	62
35	22
1	41
1	16
12	78
45	29
16	67
78	32
29	14
67	3
45	11
32	9
3	37
11	27
9	34
35	4
32	18
29	5
14	17
37	7
27	2
34	6
4	8
18	10
5	20
14	28
22	13
3	15
45	25
# tree 388
62	35
22	45
41	12
12	62
35	22
1	41
1	16
12	78
45	29
16	67
78	32
29	14
67	3
45	11
32	9
3	37
11	27
9	34
35	4
32	18
14	5
14	17
37	7
27	2
34	6
4	8
18	10
5	20
14	28
22	13
3	15
45	25
# tree 389
62	35
22	45
41	12
12	62
35	22
1	41
1	16
12	78
45	29
16	67
78	32
29	14
67	3
45	11
32	9
3	37
11	27
9	34
35	4
32	18
22	5
14	17
37	7
27	2
34	6
4	8
18	10
5	20
14	28
22	13
3	15
29	25
# tree 390
62	35
22	45
41	12
12	62
35	22
1	41
1	16
12	78
45	29
16	67
78	32
29	14
67	3
45	11
32	9
14	17
3	37
11	27
35	4
32	18
17	5
9	34
37	7
27	2
4	8
18	10
5	20
14	28
22	13
3	15
45	25
9	6
# tree 391
62	35
22	45
41	12
12	62
35	22
1	41
1	16
12	78
16	67
78	32
45	29
67	3
45	11
32	9
29	14
3	37
11	27
9	34
35	4
32	18
29	5
45	17
14	25
37	7
27	2
34	6
4	8
18	10
5	20
22	13
3	15
29	28
# tree 392
62	35
22	45
41	12
12	62
35	22
1	41
1	16
12	78
16	67
78	32
45	29
67	3
45	11
32	9
29	14
3	37
11	27
9	34
35	4
32	18
25	5
14	25
45	17
37	7
27	2
34	6
4	8
18	10
5	20
22	13
3	15
29	28
# tree 393
62	35
22	45
41	12
12	62
35	22
1	41
1	16
12	78
16	67
78	32
45	29
67	3
45	11
32	9
29	14
3	37
11	27
9	34
35	4
32	18
14	5
45	17
14	25
37	7
27	2
34	6
4	8
18	10
5	20
22	13
3	15
29	28
# tree 394
62	35
22	45
41	12
12	62
35	22
1	41
1	16
12	78
16	67
78	32
45	29
67	3
45	11
32	9
29	14
3	37
11	27
9	34
35	4
32	18
22	5
45	17
14	25
37	7
27	2
34	6
4	8
18	10
5	20
22	13
3	15
29	28
# tree 395
62	35
22	45
41	12
12	62
35	22
1	41
1	16
12	78
16	67
78	32
45	29
67	3
45	11
32	9
45	17
29	14
3	37
11	27
35	4
32	18
17	5
9	34
14	25
37	7
27	2
4	8
18	10
5	20
22	13
3	15
29	28
9	6
# tree 396
62	35
22	45
41	12
12	62
35	22
1	41
1	16
12	78
16	67
78	32
45	29
67	3
45	11
32	9
29	14
3	37
11	27
35	4
32	18
22	5
9	34
45	17
14	25
37	7
27	2
4	8
18	10
5	20
14	28
22	13
3	15
9	6
# tree 397
62	35
22	45
41	12
12	62
35	22
1	41
1	16
45	29
12	78
16	67
78	32
29	25
67	3
32	9
25	17
45	11
3	37
9	34
35	4
32	18
29	14
17	5
11	27
37	7
34	6
4	8
18	10
14	28
22	13
3	15
11	2
17	20
# tree 398
62	35
22	45
41	12
12	62
35	22
1	41
1	16
45	29
12	78
16	67
78	32
45	25
67	3
32	9
25	17
45	11
3	37
9	34
35	4
32	18
29	14
17	5
11	27
37	7
34	6
4	8
18	10
14	28
22	13
3	15
11	2
17	20
# tree 399
62	35
22	45
41	12
12	62
35	22
1	41
1	16
45	29
12	78
29	14
16	67
78	32
14	25
67	3
32	9
25	17
45	11
3	37
9	34
35	4
32	18
17	5
11	27
37	7
34	6
4	8
18	10
22	13
3	15
11	2
17	20
29	28
# tree 400
62	35
22	45
41	12
12	62
35	22
1	41
1	16
45	29
12	78
29	14
16	67
78	32
14	25
67	3
32	9
45	11
3	37
9	34
35	4
32	18
25	17
11	27
37	7
34	6
4	8
18	10
14	28
22	13
3	15
11	2
17	20
29	5
# tree 401
62	35
22	45
41	12
12	62
35	22
1	41
1	16
45	29
12	78
29	14
16	67
78	32
14	25
67	3
32	9
45	11
3	37
9	34
35	4
32	18
25	17
11	27
37	7
34	6
4	8
18	10
14	28
22	13
3	15
11	2
17	20
25	5
# tree 402
62	35
22	45
41	12
12	62
35	22
1	41
1	16
45	29
12	78
29	14
16	67
78	32
14	25
67	3
32	9
45	11
3	37
9	34
35	4
32	18
25	17
11	27
37	7
34	6
4	8
18	10
14	28
22	13
3	15
11	2
17	20
14	5
# tree 403
62	35
22	45
41	12
12	62
35	22
1	41
1	16
45	29
12	78
29	14
16	67
78	32
14	25
67	3
32	9
45	11
3	37
9	34
35	4
32	18
25	17
11	27
37	7
34	6
4	8
18	10
14	28
22	13
3	15
11	2
17	20
45	5
# tree 404
62	35
22	45
41	12
12	62
35	22
1	41
1	16
45	29
12	78
29	14
16	67
78	32
14	25
67	3
32	9
45	11
3	37
9	34
35	4
32	18
25	17
11	27
37	7
34	6
4	8
18	10
14	28
22	13
3	15
11	2
17	20
22	5
# tree 405
62	35
22	45
41	12
12	62
35	22
1	41
1	16
45	29
12	78
29	14
16	67
78	32
14	25
67	3
32	9
25	17
45	11
3	37
35	4
32	18
9	34
17	5
11	27
37	7
4	8
18	10
14	28
22	13
3	15
11	2
17	20
9	6
# tree 406
62	35
22	45
41	12
12	62
35	22
1	41
1	16
12	78
16	67
78	32
45	25
67	3
32	9
45	29
45	11
3	37
9	34
35	4
32	18
14	5
29	14
25	17
11	27
37	7
34	6
4	8
18	10
5	20
14	28
22	13
3	15
11	2
# tree 407
62	35
22	45
41	12
12	62
35	22
1	41
1	16
12	78
45	29
16	67
78	32
29	25
67	3
32	9
45	11
3	37
9	34
35	4
32	18
22	5
29	14
25	17
11	27
37	7
34	6
4	8
18	10
5	20
14	28
22	13
3	15
11	2
# tree 408
62	35
22	45
41	12
12	62
35	22
1	41
1	16
12	78
16	67
78	32
45	25
67	3
32	9
25	17
45	29
45	11
3	37
35	4
32	18
17	5
29	14
9	34
11	27
37	7
4	8
18	10
5	20
14	28
22	13
3	15
11	2
9	6
# tree 409
62	35
22	45
41	12
12	62
35	22
1	41
1	16
45	29
12	78
29	14
16	67
78	32
14	25
67	3
32	9
45	11
3	37
9	34
35	4
32	18
29	5
25	17
11	27
37	7
34	6
4	8
18	10
5	20
22	13
3	15
11	2
29	28
# tree 410
62	35
22	45
41	12
12	62
35	22
1	41
1	16
45	29
12	78
29	14
16	67
78	32
14	25
67	3
32	9
45	11
3	37
9	34
35	4
32	18
25	5
25	17
11	27
37	7
34	6
4	8
18	10
5	20
22	13
3	15
11	2
29	28
# tree 411
62	35
22	45
41	12
12	62
35	22
1	41
1	16
45	29
12	78
29	14
16	67
78	32
14	25
67	3
32	9
45	11
3	37
9	34
35	4
32	18
14	5
25	17
11	27
37	7
34	6
4	8
18	10
5	20
22	13
3	15
11	2
29	28
# tree 412
62	35
22	45
41	12
12	62
35	22
1	41
1	16
45	29
12	78
29	14
16	67
78	32
14	25
67	3
32	9
45	11
3	37
9	34
35	4
32	18
45	5
25	17
11	27
37	7
34	6
4	8
18	10
5	20
22	13
3	15
11	2
29	28
# tree 413
62	35
22	45
41	12
12	62
35	22
1	41
1	16
45	29
12	78
29	14
16	67
78	32
14	25
67	3
32	9
45	11
3	37
9	34
35	4
32	18
22	5
25	17
11	27
37	7
34	6
4	8
18	10
5	20
22	13
3	15
11	2
29	28
# tree 414
62	35
22	45
41	12
12	62
35	22
1	41
1	16
45	29
12	78
29	14
16	67
78	32
14	25
67	3
32	9
25	17
45	11
3	37
35	4
32	18
17	5
9	34
11	27
37	7
4	8
18	10
5	20
22	13
3	15
11	2
29	28
9	6
# tree 415
62	35
22	45
41	12
12	62
35	22
1	41
1	16
45	29
12	78
29	14
16	67
78	32
67	3
32	9
14	25
45	11
3	37
35	4
32	18
22	5
9	34
25	17
11	27
37	7
4	8
18	10
5	20
14	28
22	13
3	15
11	2
9	6
# tree 416
62	35
22	45
41	12
12	62
35	22
1	41
1	16
12	78
16	67
78	32
45	25
67	3
45	11
32	9
45	29
3	37
11	27
9	34
35	4
32	18
29	14
25	17
37	7
27	2
34	6
4	8
18	10
14	28
22	13
3	15
17	20
14	5
# tree 417
62	35
22	45
41	12
12	62
35	22
1	41
1	16
12	78
16	67
78	32
45	25
67	3
45	11
32	9
45	29
3	37
11	27
9	34
35	4
32	18
29	14
25	17
37	7
27	2
34	6
4	8
18	10
14	28
22	13
3	15
17	20
22	5
# tree 418
62	35
22	45
41	12
12	62
35	22
1	41
1	16
12	78
45	29
16	67
78	32
29	25
67	3
45	11
32	9
3	37
11	27
9	34
35	4
32	18
29	14
25	17
37	7
27	2
34	6
4	8
18	10
14	28
22	13
3	15
17	20
22	5
# tree 419
62	35
22	45
41	12
12	62
35	22
1	41
1	16
12	78
16	67
78	32
45	25
67	3
45	11
32	9
45	29
25	17
3	37
11	27
35	4
32	18
29	14
9	34
17	5
37	7
27	2
4	8
18	10
14	28
22	13
3	15
17	20
9	6
# tree 420
62	35
22	45
41	12
12	62
35	22
1	41
1	16
45	29
12	78
29	14
16	67
78	32
14	25
67	3
45	11
32	9
3	37
11	27
9	34
35	4
32	18
25	17
37	7
27	2
34	6
4	8
18	10
22	13
3	15
17	20
29	28
29	5
# tree 421
62	35
22	45
41	12
12	62
35	22
1	41
1	16
45	29
12	78
29	14
16	67
78	32
14	25
67	3
45	11
32	9
3	37
11	27
9	34
35	4
32	18
25	17
37	7
27	2
34	6
4	8
18	10
22	13
3	15
17	20
29	28
25	5
# tree 422
62	35
22	45
41	12
12	62
35	22
1	41
1	16
45	29
12	78
29	14
16	67
78	32
14	25
67	3
45	11
32	9
3	37
11	27
9	34
35	4
32	18
25	17
37	7
27	2
34	6
4	8
18	10
22	13
3	15
17	20
29	28
14	5
# tree 423
62	35
22	45
41	12
12	62
35	22
1	41
1	16
45	29
12	78
29	14
16	67
78	32
14	25
67	3
45	11
32	9
3	37
11	27
9	34
35	4
32	18
25	17
37	7
27	2
34	6
4	8
18	10
22	13
3	15
17	20
29	28
45	5
# tree 424
62	35
22	45
41	12
12	62
35	22
1	41
1	16
45	29
12	78
29	14
16	67
78	32
14	25
67	3
45	11
32	9
3	37
11	27
9	34
35	4
32	18
25	17
37	7
27	2
34	6
4	8
18	10
22	13
3	15
17	20
29	28
22	5
# tree 425
62	35
22	45
41	12
12	62
35	22
1	41
1	16
45	29
12	78
29	14
16	67
78	32
14	25
67	3
45	11
32	9
25	17
3	37
11	27
35	4
32	18
9	34
17	5
37	7
27	2
4	8
18	10
22	13
3	15
17	20
29	28
9	6
# tree 426
62	35
22	45
41	12
12	62
35	22
1	41
1	16
45	29
12	78
29	14
16	67
78	32
67	3
45	11
32	9
14	25
3	37
11	27
35	4
32	18
25	17
9	34
37	7
27	2
4	8
18	10
14	28
22	13
3	15
17	20
22	5
9	6
# tree 427
62	35
41	12
12	62
35	22
1	41
1	16
22	45
12	78
45	29
16	67
78	32
67	3
45	11
32	9
29	25
3	37
11	27
35	4
32	18
22	5
29	14
9	34
25	17
37	7
27	2
4	8
18	10
5	20
14	28
22	13
3	15
9	6
# tree 428
62	35
22	45
41	12
12	62
35	22
1	41
1	16
45	29
12	78
29	14
16	67
78	32
67	3
45	11
32	9
14	25
3	37
11	27
35	4
32	18
22	5
9	34
25	17
37	7
27	2
4	8
18	10
5	20
22	13
3	15
29	28
9	6
# tree 429
62	35
41	12
12	62
35	22
1	41
1	16
12	78
16	67
22	45
78	32
67	3
45	29
32	9
3	37
45	11
29	14
9	34
35	4
32	18
37	7
29	5
45	17
11	27
14	25
34	6
4	8
18	10
7	15
5	20
22	13
11	2
29	28
# tree 430
62	35
41	12
12	62
35	22
1	41
1	16
12	78
16	67
22	45
78	32
67	3
45	29
32	9
3	37
45	11
29	14
9	34
35	4
32	18
37	7
25	5
14	25
45	17
11	27
34	6
4	8
18	10
7	15
5	20
22	13
11	2
29	28
# tree 431
62	35
41	12
12	62
35	22
1	41
1	16
12	78
16	67
22	45
78	32
67	3
45	29
32	9
3	37
45	11
29	14
9	34
35	4
32	18
37	7
14	5
45	17
11	27
14	25
34	6
4	8
18	10
7	15
5	20
22	13
11	2
29	28
# tree 432
62	35
41	12
12	62
35	22
1	41
1	16
12	78
16	67
22	45
78	32
67	3
45	29
32	9
3	37
45	11
29	14
9	34
35	4
32	18
37	7
22	5
45	17
11	27
14	25
34	6
4	8
18	10
7	15
5	20
22	13
11	2
29	28
# tree 433
62	35
41	12
12	62
35	22
1	41
1	16
12	78
16	67
22	45
78	32
67	3
45	29
32	9
3	37
45	17
45	11
29	14
35	4
32	18
37	7
17	5
9	34
11	27
14	25
4	8
18	10
7	15
5	20
22	13
11	2
29	28
9	6
# tree 434
62	35
41	12
12	62
35	22
1	41
1	16
12	78
16	67
22	45
78	32
67	3
45	29
32	9
3	37
45	11
29	14
35	4
32	18
37	7
22	5
9	34
45	17
11	27
14	25
4	8
18	10
7	15
5	20
14	28
22	13
11	2
9	6
# tree 435
62	35
41	12
12	62
35	22
1	41
1	16
22	45
12	78
16	67
45	29
78	32
67	3
29	14
45	11
32	9
3	37
11	27
9	34
35	4
32	18
37	7
29	5
14	17
27	2
34	6
4	8
18	10
7	15
5	20
22	13
45	25
29	28
# tree 436
62	35
41	12
12	62
35	22
1	41
1	16
22	45
12	78
16	67
45	29
78	32
67	3
29	14
45	11
32	9
3	37
11	27
9	34
35	4
32	18
37	7
14	5
14	17
27	2
34	6
4	8
18	10
7	15
5	20
22	13
45	25
29	28
# tree 437
62	35
41	12
12	62
35	22
1	41
1	16
22	45
12	78
16	67
45	29
78	32
67	3
29	14
45	11
32	9
3	37
14	17
11	27
35	4
32	18
37	7
17	5
9	34
27	2
4	8
18	10
7	15
5	20
22	13
45	25
29	28
9	6
# tree 438
62	35
41	12
12	62
35	22
1	41
1	16
22	45
12	78
16	67
45	29
78	32
67	3
45	11
32	9
3	37
29	14
11	27
35	4
32	18
37	7
22	5
9	34
14	17
27	2
4	8
18	10
7	15
5	20
14	28
22	13
29	25
9	6
# tree 439
62	35
41	12
12	62
35	22
1	41
1	16
12	78
16	67
22	45
78	32
67	3
45	29
45	11
32	9
3	37
29	14
11	27
35	4
32	18
37	7
22	5
9	34
45	17
14	25
27	2
4	8
18	10
7	15
5	20
22	13
29	28
9	6
# tree 440
62	35
22	45
41	12
12	62
35	22
1	41
1	16
12	78
16	67
78	32
67	3
45	25
32	9
3	37
45	29
45	11
9	34
35	4
32	18
37	7
29	14
25	17
11	27
34	6
4	8
18	10
7	15
14	28
22	13
11	2
17	20
14	5
# tree 441
62	35
22	45
41	12
12	62
35	22
1	41
1	16
12	78
16	67
78	32
67	3
45	25
32	9
3	37
45	29
45	11
9	34
35	4
32	18
37	7
29	14
25	17
11	27
34	6
4	8
18	10
7	15
14	28
22	13
11	2
17	20
22	5
# tree 442
62	35
22	45
41	12
12	62
35	22
1	41
1	16
12	78
16	67
45	29
78	32
67	3
29	25
32	9
3	37
45	11
9	34
35	4
32	18
37	7
29	14
25	17
11	27
34	6
4	8
18	10
7	15
14	28
22	13
11	2
17	20
22	5
# tree 443
62	35
22	45
41	12
12	62
35	22
1	41
1	16
12	78
16	67
78	32
67	3
45	25
32	9
3	37
45	29
25	17
45	11
35	4
32	18
37	7
29	14
9	34
17	5
11	27
4	8
18	10
7	15
14	28
22	13
11	2
17	20
9	6
# tree 444
62	35
22	45
41	12
12	62
35	22
1	41
1	16
45	29
12	78
16	67
29	14
78	32
67	3
14	25
32	9
3	37
45	11
9	34
35	4
32	18
37	7
25	17
11	27
34	6
4	8
18	10
7	15
22	13
11	2
17	20
29	28
29	5
# tree 445
62	35
22	45
41	12
12	62
35	22
1	41
1	16
45	29
12	78
16	67
29	14
78	32
67	3
14	25
32	9
3	37
45	11
9	34
35	4
32	18
37	7
25	17
11	27
34	6
4	8
18	10
7	15
22	13
11	2
17	20
29	28
25	5
# tree 446
62	35
22	45
41	12
12	62
35	22
1	41
1	16
45	29
12	78
16	67
29	14
78	32
67	3
14	25
32	9
3	37
45	11
9	34
35	4
32	18
37	7
25	17
11	27
34	6
4	8
18	10
7	15
22	13
11	2
17	20
29	28
14	5
# tree 447
62	35
22	45
41	12
12	62
35	22
1	41
1	16
45	29
12	78
16	67
29	14
78	32
67	3
14	25
32	9
3	37
45	11
9	34
35	4
32	18
37	7
25	17
11	27
34	6
4	8
18	10
7	15
22	13
11	2
17	20
29	28
45	5
# tree 448
62	35
22	45
41	12
12	62
35	22
1	41
1	16
45	29
12	78
16	67
29	14
78	32
67	3
14	25
32	9
3	37
45	11
9	34
35	4
32	18
37	7
25	17
11	27
34	6
4	8
18	10
7	15
22	13
11	2
17	20
29	28
22	5
# tree 449
62	35
22	45
41	12
12	62
35	22
1	41
1	16
45	29
12	78
16	67
29	14
78	32
67	3
14	25
32	9
3	37
25	17
45	11
35	4
32	18
37	7
9	34
17	5
11	27
4	8
18	10
7	15
22	13
11	2
17	20
29	28
9	6
# tree 450
62	35
22	45
41	12
12	62
35	22
1	41
1	16
45	29
12	78
16	67
29	14
78	32
67	3
32	9
3	37
14	25
45	11
35	4
32	18
37	7
25	17
9	34
11	27
4	8
18	10
7	15
14	28
22	13
11	2
17	20
22	5
9	6
# tree 451
62	35
41	12
12	62
35	22
1	41
1	16
22	45
12	78
16	67
45	29
78	32
67	3
32	9
3	37
29	25
45	11
35	4
32	18
37	7
22	5
29	14
9	34
25	17
11	27
4	8
18	10
7	15
5	20
14	28
22	13
11	2
9	6
# tree 452
62	35
22	45
41	12
12	62
35	22
1	41
1	16
45	29
12	78
16	67
29	14
78	32
67	3
32	9
3	37
14	25
45	11
35	4
32	18
37	7
22	5
9	34
25	17
11	27
4	8
18	10
7	15
5	20
22	13
11	2
29	28
9	6
# tree 453
62	35
41	12
12	62
35	22
1	41
1	16
22	45
12	78
16	67
45	29
78	32
67	3
45	11
32	9
3	37
29	25
11	27
35	4
32	18
37	7
29	14
25	17
9	34
27	2
4	8
18	10
7	15
14	28
22	13
17	20
22	5
9	6
# tree 454
62	35
22	45
41	12
12	62
35	22
1	41
1	16
45	29
12	78
16	67
29	14
78	32
67	3
45	11
32	9
3	37
14	25
11	27
35	4
32	18
37	7
25	17
9	34
27	2
4	8
18	10
7	15
22	13
17	20
29	28
22	5
9	6
# tree 455
62	35
41	12
12	62
35	22
1	41
1	16
12	78
22	45
16	67
78	32
45	29
67	3
32	9
45	11
29	14
3	37
9	34
35	4
32	18
11	2
29	5
45	17
11	27
14	25
37	7
34	6
4	8
18	10
2	13
5	20
3	15
29	28
# tree 456
62	35
41	12
12	62
35	22
1	41
1	16
12	78
22	45
16	67
78	32
45	29
67	3
32	9
45	11
29	14
3	37
9	34
35	4
32	18
11	2
25	5
14	25
45	17
11	27
37	7
34	6
4	8
18	10
2	13
5	20
3	15
29	28
# tree 457
62	35
41	12
12	62
35	22
1	41
1	16
12	78
22	45
16	67
78	32
45	29
67	3
32	9
45	11
29	14
3	37
9	34
35	4
32	18
11	2
14	5
45	17
11	27
14	25
37	7
34	6
4	8
18	10
2	13
5	20
3	15
29	28
# tree 458
62	35
41	12
12	62
35	22
1	41
1	16
12	78
22	45
16	67
78	32
45	29
67	3
32	9
45	11
29	14
3	37
9	34
35	4
32	18
11	2
22	5
45	17
11	27
14	25
37	7
34	6
4	8
18	10
2	13
5	20
3	15
29	28
# tree 459
62	35
41	12
12	62
35	22
1	41
1	16
12	78
22	45
16	67
78	32
45	29
67	3
32	9
45	11
45	17
29	14
3	37
35	4
32	18
11	2
17	5
9	34
11	27
14	25
37	7
4	8
18	10
2	13
5	20
3	15
29	28
9	6
# tree 460
62	35
41	12
12	62
35	22
1	41
1	16
12	78
22	45
16	67
78	32
45	29
67	3
32	9
45	11
29	14
3	37
35	4
32	18
11	2
22	5
9	34
45	17
11	27
14	25
37	7
4	8
18	10
2	13
5	20
14	28
3	15
9	6
# tree 461
62	35
41	12
12	62
35	22
1	41
22	45
1	16
12	78
45	29
16	67
78	32
45	11
29	14
67	3
32	9
11	27
3	37
9	34
35	4
32	18
27	2
29	5
14	17
37	7
34	6
4	8
18	10
2	13
5	20
3	15
45	25
29	28
# tree 462
62	35
41	12
12	62
35	22
1	41
22	45
1	16
12	78
45	29
16	67
78	32
45	11
29	14
67	3
32	9
11	27
3	37
9	34
35	4
32	18
27	2
14	5
14	17
37	7
34	6
4	8
18	10
2	13
5	20
3	15
45	25
29	28
# tree 463
62	35
41	12
12	62
35	22
1	41
22	45
1	16
12	78
45	29
16	67
78	32
45	11
29	14
67	3
32	9
11	27
14	17
3	37
35	4
32	18
27	2
17	5
9	34
37	7
4	8
18	10
2	13
5	20
3	15
45	25
29	28
9	6
# tree 464
62	35
41	12
12	62
35	22
1	41
22	45
1	16
12	78
45	29
16	67
78	32
45	11
67	3
32	9
11	27
29	14
3	37
35	4
32	18
27	2
22	5
9	34
14	17
37	7
4	8
18	10
2	13
5	20
14	28
3	15
29	25
9	6
# tree 465
62	35
41	12
12	62
35	22
1	41
1	16
12	78
22	45
16	67
78	32
45	11
45	29
67	3
32	9
11	27
29	14
3	37
35	4
32	18
27	2
22	5
9	34
45	17
14	25
37	7
4	8
18	10
2	13
5	20
3	15
29	28
9	6
# tree 466
62	35
22	45
41	12
12	62
35	22
1	41
1	16
12	78
16	67
78	32
45	25
67	3
32	9
45	11
45	29
3	37
9	34
35	4
32	18
11	2
29	14
25	17
11	27
37	7
34	6
4	8
18	10
2	13
14	28
3	15
17	20
14	5
# tree 467
62	35
22	45
41	12
12	62
35	22
1	41
1	16
12	78
16	67
78	32
45	25
67	3
32	9
45	11
45	29
3	37
9	34
35	4
32	18
11	2
29	14
25	17
11	27
37	7
34	6
4	8
18	10
2	13
14	28
3	15
17	20
22	5
# tree 468
62	35
22	45
41	12
12	62
35	22
1	41
1	16
12	78
45	29
16	67
78	32
29	25
67	3
32	9
45	11
3	37
9	34
35	4
32	18
11	2
29	14
25	17
11	27
37	7
34	6
4	8
18	10
2	13
14	28
3	15
17	20
22	5
# tree 469
62	35
22	45
41	12
12	62
35	22
1	41
1	16
12	78
16	67
78	32
45	25
67	3
32	9
45	11
45	29
25	17
3	37
35	4
32	18
11	2
29	14
9	34
17	5
11	27
37	7
4	8
18	10
2	13
14	28
3	15
17	20
9	6
# tree 470
62	35
22	45
41	12
12	62
35	22
1	41
45	29
1	16
12	78
29	14
16	67
78	32
14	25
67	3
32	9
45	11
3	37
9	34
35	4
32	18
11	2
25	17
11	27
37	7
34	6
4	8
18	10
2	13
3	15
17	20
29	28
29	5
# tree 471
62	35
22	45
41	12
12	62
35	22
1	41
45	29
1	16
12	78
29	14
16	67
78	32
14	25
67	3
32	9
45	11
3	37
9	34
35	4
32	18
11	2
25	17
11	27
37	7
34	6
4	8
18	10
2	13
3	15
17	20
29	28
25	5
# tree 472
62	35
22	45
41	12
12	62
35	22
1	41
45	29
1	16
12	78
29	14
16	67
78	32
14	25
67	3
32	9
45	11
3	37
9	34
35	4
32	18
11	2
25	17
11	27
37	7
34	6
4	8
18	10
2	13
3	15
17	20
29	28
14	5
# tree 473
62	35
22	45
41	12
12	62
35	22
1	41
45	29
1	16
12	78
29	14
16	67
78	32
14	25
67	3
32	9
45	11
3	37
9	34
35	4
32	18
11	2
25	17
11	27
37	7
34	6
4	8
18	10
2	13
3	15
17	20
29	28
45	5
# tree 474
62	35
22	45
41	12
12	62
35	22
1	41
45	29
1	16
12	78
29	14
16	67
78	32
14	25
67	3
32	9
45	11
3	37
9	34
35	4
32	18
11	2
25	17
11	27
37	7
34	6
4	8
18	10
2	13
3	15
17	20
29	28
22	5
# tree 475
62	35
22	45
41	12
12	62
35	22
1	41
45	29
1	16
12	78
29	14
16	67
78	32
14	25
67	3
32	9
45	11
25	17
3	37
35	4
32	18
11	2
9	34
17	5
11	27
37	7
4	8
18	10
2	13
3	15
17	20
29	28
9	6
# tree 476
62	35
22	45
41	12
12	62
35	22
1	41
45	29
1	16
12	78
29	14
16	67
78	32
67	3
32	9
45	11
14	25
3	37
35	4
32	18
11	2
25	17
9	34
11	27
37	7
4	8
18	10
2	13
14	28
3	15
17	20
22	5
9	6
# tree 477
62	35
41	12
12	62
35	22
1	41
22	45
1	16
12	78
45	29
16	67
78	32
67	3
32	9
45	11
29	25
3	37
35	4
32	18
11	2
22	5
29	14
9	34
25	17
11	27
37	7
4	8
18	10
2	13
5	20
14	28
3	15
9	6
# tree 478
62	35
22	45
41	12
12	62
35	22
1	41
45	29
1	16
12	78
29	14
16	67
78	32
67	3
32	9
45	11
14	25
3	37
35	4
32	18
11	2
22	5
9	34
25	17
11	27
37	7
4	8
18	10
2	13
5	20
3	15
29	28
9	6
# tree 479
62	35
41	12
12	62
35	22
1	41
22	45
1	16
12	78
45	29
16	67
78	32
45	11
67	3
32	9
11	27
29	25
3	37
35	4
32	18
27	2
29	14
25	17
9	34
37	7
4	8
18	10
2	13
14	28
3	15
17	20
22	5
9	6
# tree 480
62	35
22	45
41	12
12	62
35	22
1	41
45	29
1	16
12	78
29	14
16	67
78	32
45	11
67	3
32	9
11	27
14	25
3	37
35	4
32	18
27	2
25	17
9	34
37	7
4	8
18	10
2	13
3	15
17	20
29	28
22	5
9	6
# tree 481
62	35
12	62
41	12
1	41
1	16
35	22
12	78
16	67
22	45
78	32
67	3
45	29
32	9
45	11
3	37
29	14
35	4
32	18
11	2
37	7
22	5
9	34
45	17
11	27
14	25
4	8
18	10
2	13
7	15
5	20
29	28
9	6
# tree 482
41	12
12	62
35	22
62	35
1	41
1	16
22	45
12	78
16	67
45	29
78	32
67	3
32	9
45	11
3	37
29	25
35	4
32	18
11	2
37	7
29	14
25	17
9	34
11	27
4	8
18	10
2	13
7	15
14	28
17	20
22	5
9	6
# tree 483
22	45
41	12
12	62
35	22
62	35
1	41
1	16
45	29
12	78
16	67
29	14
78	32
67	3
32	9
45	11
3	37
14	25
35	4
32	18
11	2
37	7
25	17
9	34
11	27
4	8
18	10
2	13
7	15
17	20
29	28
22	5
9	6
