### 15 trees
# tree 1
0	1
9	2
4	3
15	4
1	5
14	6
6	7
3	9
5	11
0	14
1	15
7	8
2	10
11	12
11	13
# tree 2
15	4
1	15
0	1
0	14
14	6
4	3
1	5
6	7
3	2
5	11
3	9
7	8
2	10
11	12
11	13
# tree 3
3	9
15	4
1	15
0	1
0	14
4	3
1	5
14	7
9	2
5	11
14	6
7	8
2	10
11	12
11	13
# tree 4
3	9
15	4
1	15
0	1
0	14
14	6
4	3
1	5
9	2
5	11
6	7
2	10
11	12
11	13
6	8
# tree 5
3	9
15	4
1	15
0	1
0	14
14	6
4	3
1	5
6	7
5	11
9	2
7	8
11	12
11	13
9	10
# tree 6
3	9
15	4
1	15
0	1
0	14
14	6
4	3
1	5
6	7
5	11
9	2
7	8
11	12
11	13
4	10
# tree 7
3	9
15	4
1	15
0	1
0	14
14	6
4	3
1	5
6	7
5	11
9	2
7	8
11	12
11	13
3	10
# tree 8
3	9
15	4
1	15
0	1
0	14
14	6
4	3
1	5
6	7
5	11
9	2
7	8
11	12
11	13
1	10
# tree 9
4	3
1	15
0	1
0	14
15	4
3	9
1	5
14	6
5	11
9	2
6	7
11	12
11	13
6	8
9	10
# tree 10
4	3
1	15
0	1
0	14
15	4
3	9
1	5
14	6
5	11
9	2
6	7
11	12
11	13
6	8
4	10
# tree 11
4	3
1	15
0	1
0	14
15	4
3	9
1	5
14	6
5	11
9	2
6	7
11	12
11	13
6	8
3	10
# tree 12
4	3
1	15
0	1
0	14
15	4
3	9
1	5
14	6
5	11
9	2
6	7
11	12
11	13
6	8
1	10
# tree 13
4	3
1	15
0	1
0	14
15	4
1	5
14	6
3	2
5	11
3	9
6	7
2	10
11	12
11	13
6	8
# tree 14
4	3
1	15
0	1
0	14
15	4
14	6
1	5
6	7
5	11
3	9
7	8
11	12
11	13
1	10
3	2
# tree 15
15	4
0	1
1	15
4	3
0	14
1	5
14	6
5	11
3	9
6	7
11	12
11	13
6	8
1	10
3	2
