### 448 trees
# tree 1
0	1
22	3
9	4
12	6
15	7
9	8
13	9
4	10
6	11
13	12
0	13
1	14
14	15
13	16
8	18
16	20
20	22
3	2
7	5
11	17
18	19
10	21
# tree 2
20	22
13	9
13	12
14	15
0	13
9	4
12	6
0	1
1	14
9	8
13	16
16	20
15	7
6	11
8	18
4	10
22	3
7	5
11	17
18	19
10	21
22	2
# tree 3
20	22
13	9
13	12
14	15
0	13
9	4
12	6
0	1
1	14
9	8
13	16
16	20
15	7
6	11
8	18
4	10
22	3
7	5
11	17
18	19
10	21
12	2
# tree 4
13	9
13	12
14	15
0	13
9	4
12	6
0	1
1	14
9	8
13	16
16	20
16	3
15	7
6	11
8	18
4	10
20	22
3	2
7	5
11	17
18	19
10	21
# tree 5
13	9
13	12
14	15
0	13
9	4
12	6
0	1
1	14
9	8
13	16
16	20
20	3
15	7
6	11
8	18
4	10
20	22
3	2
7	5
11	17
18	19
10	21
# tree 6
20	22
13	12
14	15
13	9
0	13
13	4
12	6
0	1
1	14
9	8
13	16
16	20
22	3
15	7
6	11
8	18
4	10
3	2
7	5
11	17
18	19
10	21
# tree 7
20	22
13	9
13	12
14	15
0	13
9	4
12	6
0	1
1	14
9	8
13	16
16	20
22	3
6	11
8	18
4	10
15	7
3	2
11	17
18	19
10	21
15	5
# tree 8
20	22
13	9
13	12
14	15
0	13
9	4
12	6
0	1
1	14
9	8
13	16
16	20
22	3
6	11
8	18
4	10
15	7
3	2
11	17
18	19
10	21
1	5
# tree 9
20	22
13	9
13	12
14	15
0	13
9	4
12	6
0	1
1	14
9	8
13	16
16	20
22	3
6	11
8	18
4	10
15	7
3	2
11	17
18	19
10	21
14	5
# tree 10
20	22
13	9
13	12
0	13
9	4
12	6
0	1
1	14
9	8
13	16
16	20
22	3
1	7
6	11
8	18
4	10
14	15
3	2
7	5
11	17
18	19
10	21
# tree 11
20	22
13	9
13	12
0	13
9	4
12	6
0	1
1	14
9	8
13	16
16	20
22	3
14	7
6	11
8	18
4	10
14	15
3	2
7	5
11	17
18	19
10	21
# tree 12
20	22
13	9
13	12
14	15
0	13
12	6
0	1
1	14
9	8
13	16
16	20
22	3
15	7
6	11
8	18
9	10
9	4
3	2
7	5
11	17
18	19
10	21
# tree 13
20	22
13	9
13	12
14	15
0	13
9	4
12	6
0	1
1	14
13	16
16	20
22	3
15	7
6	11
9	18
4	10
9	8
3	2
7	5
11	17
18	19
10	21
# tree 14
20	22
13	9
13	12
14	15
0	13
9	4
12	6
0	1
1	14
9	8
13	16
16	20
22	3
15	7
6	11
4	10
8	18
3	2
7	5
11	17
10	21
9	19
# tree 15
20	22
13	9
13	12
14	15
0	13
9	4
12	6
0	1
1	14
9	8
13	16
16	20
22	3
15	7
6	11
4	10
8	18
3	2
7	5
11	17
10	21
13	19
# tree 16
20	22
13	9
13	12
14	15
0	13
9	4
12	6
0	1
1	14
9	8
13	16
16	20
22	3
15	7
6	11
4	10
8	18
3	2
7	5
11	17
10	21
8	19
# tree 17
20	22
13	9
13	12
14	15
0	13
9	4
12	6
0	1
1	14
9	8
13	16
16	20
22	3
15	7
6	11
8	18
4	10
3	2
7	5
11	17
18	19
9	21
# tree 18
20	22
13	9
13	12
14	15
0	13
9	4
12	6
0	1
1	14
9	8
13	16
16	20
22	3
15	7
6	11
8	18
4	10
3	2
7	5
11	17
18	19
13	21
# tree 19
20	22
13	9
13	12
14	15
0	13
9	4
12	6
0	1
1	14
9	8
13	16
16	20
22	3
15	7
6	11
8	18
4	10
3	2
7	5
11	17
18	19
4	21
# tree 20
20	22
13	9
13	12
14	15
0	13
9	4
12	6
0	1
1	14
9	8
13	16
16	20
22	3
15	7
6	11
8	18
4	10
3	2
7	5
11	17
18	19
0	21
# tree 21
16	20
0	13
1	14
13	12
0	1
13	9
13	16
20	22
14	15
12	6
22	3
15	7
6	11
9	18
9	10
9	8
9	4
3	2
7	5
11	17
18	19
10	21
# tree 22
16	20
0	13
1	14
13	12
0	1
13	9
13	16
20	22
14	15
12	6
9	8
22	3
15	7
6	11
9	10
8	18
9	4
3	2
7	5
11	17
10	21
9	19
# tree 23
16	20
0	13
1	14
13	12
0	1
13	9
13	16
20	22
14	15
12	6
9	8
22	3
15	7
6	11
9	10
8	18
9	4
3	2
7	5
11	17
10	21
13	19
# tree 24
16	20
0	13
1	14
13	12
0	1
13	9
13	16
20	22
14	15
12	6
9	8
22	3
15	7
6	11
9	10
8	18
9	4
3	2
7	5
11	17
10	21
8	19
# tree 25
16	20
0	13
1	14
13	12
0	1
13	9
13	16
20	22
14	15
12	6
9	8
22	3
15	7
6	11
8	18
9	10
9	4
3	2
7	5
11	17
18	19
9	21
# tree 26
16	20
0	13
1	14
13	12
0	1
13	9
13	16
20	22
14	15
12	6
9	8
22	3
15	7
6	11
8	18
9	10
9	4
3	2
7	5
11	17
18	19
13	21
# tree 27
16	20
0	13
1	14
13	12
0	1
13	9
13	16
20	22
14	15
12	6
9	8
22	3
15	7
6	11
8	18
9	4
9	10
3	2
7	5
11	17
18	19
4	21
# tree 28
16	20
0	13
1	14
13	12
0	1
13	9
13	16
20	22
14	15
12	6
9	8
22	3
15	7
6	11
8	18
9	10
9	4
3	2
7	5
11	17
18	19
0	21
# tree 29
16	20
0	13
1	14
13	12
0	1
13	9
13	16
20	22
14	15
12	6
9	8
15	7
6	11
8	18
9	10
22	3
9	4
7	5
11	17
18	19
10	21
22	2
# tree 30
16	20
0	13
1	14
13	12
0	1
13	9
13	16
20	22
14	15
12	6
9	8
15	7
6	11
8	18
9	10
22	3
9	4
7	5
11	17
18	19
10	21
0	2
# tree 31
16	20
0	13
1	14
13	12
0	1
13	9
13	16
20	22
14	15
12	6
9	8
15	7
6	11
8	18
9	10
22	3
9	4
7	5
11	17
18	19
10	21
16	2
# tree 32
16	20
0	13
1	14
13	12
0	1
13	9
13	16
20	22
14	15
12	6
9	8
15	7
6	11
8	18
9	10
22	3
9	4
7	5
11	17
18	19
10	21
20	2
# tree 33
16	20
0	13
1	14
13	12
0	1
13	9
13	16
14	15
12	6
9	8
16	3
15	7
6	11
8	18
9	10
20	22
9	4
3	2
7	5
11	17
18	19
10	21
# tree 34
16	20
0	13
1	14
13	12
0	1
13	9
13	16
14	15
12	6
9	8
20	3
15	7
6	11
8	18
9	10
20	22
9	4
3	2
7	5
11	17
18	19
10	21
# tree 35
16	20
0	13
1	14
13	12
0	1
13	9
13	16
20	22
14	15
12	6
9	8
22	3
15	7
6	11
8	18
9	10
3	2
7	5
11	17
18	19
10	21
13	4
# tree 36
16	20
0	13
1	14
13	12
0	1
13	9
13	16
20	22
14	15
12	6
9	8
22	3
6	11
8	18
9	10
15	7
9	4
3	2
11	17
18	19
10	21
15	5
# tree 37
16	20
0	13
1	14
13	12
0	1
13	9
13	16
20	22
14	15
12	6
9	8
22	3
6	11
8	18
9	10
15	7
9	4
3	2
11	17
18	19
10	21
1	5
# tree 38
16	20
0	13
1	14
13	12
0	1
13	9
13	16
20	22
14	15
12	6
9	8
22	3
6	11
8	18
9	10
15	7
9	4
3	2
11	17
18	19
10	21
14	5
# tree 39
16	20
0	13
1	14
13	12
0	1
13	9
13	16
20	22
12	6
9	8
22	3
1	7
6	11
8	18
9	10
14	15
9	4
3	2
7	5
11	17
18	19
10	21
# tree 40
16	20
0	13
1	14
13	12
0	1
13	9
13	16
20	22
12	6
9	8
22	3
14	7
6	11
8	18
9	10
14	15
9	4
3	2
7	5
11	17
18	19
10	21
# tree 41
16	20
0	13
1	14
13	9
13	12
0	1
13	16
20	22
14	15
12	6
9	8
9	4
15	7
6	11
8	18
4	10
22	3
7	5
11	17
18	19
10	21
0	2
# tree 42
16	20
0	13
1	14
13	9
13	12
0	1
13	16
20	22
14	15
12	6
9	8
9	4
15	7
6	11
8	18
4	10
22	3
7	5
11	17
18	19
10	21
16	2
# tree 43
16	20
0	13
1	14
13	9
13	12
0	1
13	16
20	22
14	15
12	6
9	8
9	4
15	7
6	11
8	18
4	10
22	3
7	5
11	17
18	19
10	21
20	2
# tree 44
16	20
0	13
1	14
13	9
13	12
0	1
13	16
20	22
14	15
12	6
9	4
9	8
22	3
15	7
6	11
4	10
8	18
3	2
7	5
11	17
8	19
9	21
# tree 45
16	20
0	13
1	14
13	9
13	12
0	1
13	16
20	22
14	15
12	6
9	4
9	8
22	3
15	7
6	11
4	10
8	18
3	2
7	5
11	17
8	19
13	21
# tree 46
16	20
0	13
1	14
13	9
13	12
0	1
13	16
20	22
14	15
12	6
9	4
9	8
22	3
15	7
6	11
4	10
8	18
3	2
7	5
11	17
8	19
4	21
# tree 47
16	20
0	13
1	14
13	9
13	12
0	1
13	16
20	22
14	15
12	6
9	4
9	8
22	3
15	7
6	11
4	10
8	18
3	2
7	5
11	17
8	19
0	21
# tree 48
16	20
0	13
1	14
13	9
13	12
0	1
13	16
20	22
14	15
12	6
9	4
9	8
15	7
6	11
4	10
22	3
8	18
7	5
11	17
10	21
8	19
22	2
# tree 49
16	20
0	13
1	14
13	9
13	12
0	1
13	16
20	22
14	15
12	6
9	4
9	8
15	7
6	11
4	10
22	3
8	18
7	5
11	17
10	21
8	19
0	2
# tree 50
16	20
0	13
1	14
13	9
13	12
0	1
13	16
20	22
14	15
12	6
9	4
9	8
15	7
6	11
4	10
22	3
8	18
7	5
11	17
10	21
8	19
16	2
# tree 51
16	20
0	13
1	14
13	9
13	12
0	1
13	16
20	22
14	15
12	6
9	4
9	8
15	7
6	11
4	10
22	3
8	18
7	5
11	17
10	21
8	19
20	2
# tree 52
16	20
0	13
1	14
13	9
13	12
0	1
13	16
14	15
12	6
9	4
9	8
16	3
15	7
6	11
4	10
20	22
8	18
3	2
7	5
11	17
10	21
8	19
# tree 53
16	20
0	13
1	14
13	9
13	12
0	1
13	16
14	15
12	6
9	4
9	8
20	3
15	7
6	11
4	10
20	22
8	18
3	2
7	5
11	17
10	21
8	19
# tree 54
16	20
0	13
1	14
13	12
0	1
13	9
13	16
20	22
14	15
12	6
13	4
9	8
22	3
15	7
6	11
4	10
8	18
3	2
7	5
11	17
10	21
8	19
# tree 55
16	20
0	13
1	14
13	9
13	12
0	1
13	16
20	22
14	15
12	6
9	4
9	8
22	3
6	11
4	10
15	7
8	18
3	2
11	17
10	21
8	19
15	5
# tree 56
16	20
0	13
1	14
13	9
13	12
0	1
13	16
20	22
14	15
12	6
9	4
9	8
22	3
6	11
4	10
15	7
8	18
3	2
11	17
10	21
8	19
1	5
# tree 57
16	20
0	13
1	14
13	9
13	12
0	1
13	16
20	22
14	15
12	6
9	4
9	8
22	3
6	11
4	10
15	7
8	18
3	2
11	17
10	21
8	19
14	5
# tree 58
16	20
0	13
1	14
13	9
13	12
0	1
13	16
20	22
12	6
9	4
9	8
22	3
1	7
6	11
4	10
14	15
8	18
3	2
7	5
11	17
10	21
8	19
# tree 59
16	20
0	13
1	14
13	9
13	12
0	1
13	16
20	22
12	6
9	4
9	8
22	3
14	7
6	11
4	10
14	15
8	18
3	2
7	5
11	17
10	21
8	19
# tree 60
16	20
0	13
1	14
13	9
13	12
0	1
13	16
20	22
14	15
12	6
9	8
9	4
15	7
6	11
8	18
22	3
4	10
7	5
11	17
18	19
0	21
22	2
# tree 61
16	20
0	13
1	14
13	9
13	12
0	1
13	16
20	22
14	15
12	6
9	8
9	4
15	7
6	11
8	18
22	3
4	10
7	5
11	17
18	19
0	21
0	2
# tree 62
16	20
0	13
1	14
13	9
13	12
0	1
13	16
20	22
14	15
12	6
9	8
9	4
15	7
6	11
8	18
22	3
4	10
7	5
11	17
18	19
0	21
16	2
# tree 63
16	20
0	13
1	14
13	9
13	12
0	1
13	16
20	22
14	15
12	6
9	8
9	4
15	7
6	11
8	18
22	3
4	10
7	5
11	17
18	19
0	21
20	2
# tree 64
16	20
0	13
1	14
13	9
13	12
0	1
13	16
14	15
12	6
9	8
9	4
16	3
15	7
6	11
8	18
20	22
4	10
3	2
7	5
11	17
18	19
0	21
# tree 65
16	20
0	13
1	14
13	9
13	12
0	1
13	16
14	15
12	6
9	8
9	4
20	3
15	7
6	11
8	18
20	22
4	10
3	2
7	5
11	17
18	19
0	21
# tree 66
16	20
0	13
1	14
13	12
0	1
13	9
13	16
20	22
14	15
12	6
9	8
13	4
22	3
15	7
6	11
8	18
4	10
3	2
7	5
11	17
18	19
0	21
# tree 67
16	20
0	13
1	14
13	9
13	12
0	1
13	16
20	22
14	15
12	6
9	8
9	4
22	3
6	11
8	18
15	7
4	10
3	2
11	17
18	19
0	21
15	5
# tree 68
16	20
0	13
1	14
13	9
13	12
0	1
13	16
20	22
14	15
12	6
9	8
9	4
22	3
6	11
8	18
15	7
4	10
3	2
11	17
18	19
0	21
1	5
# tree 69
16	20
0	13
1	14
13	9
13	12
0	1
13	16
20	22
14	15
12	6
9	8
9	4
22	3
6	11
8	18
15	7
4	10
3	2
11	17
18	19
0	21
14	5
# tree 70
16	20
0	13
1	14
13	9
13	12
0	1
13	16
20	22
12	6
9	8
9	4
22	3
1	7
6	11
8	18
14	15
4	10
3	2
7	5
11	17
18	19
0	21
# tree 71
16	20
0	13
1	14
13	9
13	12
0	1
13	16
20	22
12	6
9	8
9	4
22	3
14	7
6	11
8	18
14	15
4	10
3	2
7	5
11	17
18	19
0	21
# tree 72
0	13
1	14
13	12
0	1
13	9
13	16
16	20
14	15
12	6
9	8
13	4
20	3
15	7
6	11
8	18
4	10
20	22
3	2
7	5
11	17
18	19
10	21
# tree 73
0	13
1	14
13	9
13	12
0	1
13	16
16	20
14	15
12	6
9	8
9	4
20	3
6	11
8	18
4	10
15	7
20	22
3	2
11	17
18	19
10	21
15	5
# tree 74
0	13
1	14
13	9
13	12
0	1
13	16
16	20
14	15
12	6
9	8
9	4
20	3
6	11
8	18
4	10
15	7
20	22
3	2
11	17
18	19
10	21
1	5
# tree 75
0	13
1	14
13	9
13	12
0	1
13	16
16	20
14	15
12	6
9	8
9	4
20	3
6	11
8	18
4	10
15	7
20	22
3	2
11	17
18	19
10	21
14	5
# tree 76
0	13
1	14
13	9
13	12
0	1
13	16
16	20
12	6
9	8
9	4
20	3
1	7
6	11
8	18
4	10
14	15
20	22
3	2
7	5
11	17
18	19
10	21
# tree 77
0	13
1	14
13	9
13	12
0	1
13	16
16	20
12	6
9	8
9	4
20	3
14	7
6	11
8	18
4	10
14	15
20	22
3	2
7	5
11	17
18	19
10	21
# tree 78
16	20
0	13
1	14
13	12
0	1
13	9
13	16
20	22
14	15
12	6
9	8
13	4
22	3
6	11
8	18
4	10
15	7
3	2
11	17
18	19
10	21
15	5
# tree 79
16	20
0	13
1	14
13	12
0	1
13	9
13	16
20	22
14	15
12	6
9	8
13	4
22	3
6	11
8	18
4	10
15	7
3	2
11	17
18	19
10	21
1	5
# tree 80
16	20
0	13
1	14
13	12
0	1
13	9
13	16
20	22
14	15
12	6
9	8
13	4
22	3
6	11
8	18
4	10
15	7
3	2
11	17
18	19
10	21
14	5
# tree 81
16	20
0	13
1	14
13	12
0	1
13	9
13	16
20	22
12	6
9	8
13	4
22	3
1	7
6	11
8	18
4	10
14	15
3	2
7	5
11	17
18	19
10	21
# tree 82
16	20
0	13
1	14
13	12
0	1
13	9
13	16
20	22
12	6
9	8
13	4
22	3
14	7
6	11
8	18
4	10
14	15
3	2
7	5
11	17
18	19
10	21
# tree 83
16	20
0	13
1	14
13	9
13	12
0	1
13	16
20	22
12	6
9	8
9	4
22	3
6	11
8	18
4	10
14	15
3	2
11	17
18	19
10	21
14	5
1	7
# tree 84
13	16
0	1
0	13
16	20
1	14
13	12
13	9
20	22
14	15
12	6
9	8
22	3
15	7
6	11
9	10
8	18
9	4
3	2
7	5
11	17
8	19
9	21
# tree 85
13	16
0	1
0	13
16	20
1	14
13	12
13	9
20	22
14	15
12	6
9	8
22	3
15	7
6	11
9	10
8	18
9	4
3	2
7	5
11	17
8	19
13	21
# tree 86
13	16
0	1
0	13
16	20
1	14
13	12
13	9
20	22
14	15
12	6
9	8
22	3
15	7
6	11
9	4
9	10
8	18
3	2
7	5
11	17
8	19
4	21
# tree 87
13	16
0	1
0	13
16	20
1	14
13	12
13	9
20	22
14	15
12	6
9	8
22	3
15	7
6	11
9	10
8	18
9	4
3	2
7	5
11	17
8	19
0	21
# tree 88
13	16
0	1
0	13
16	20
1	14
13	12
13	9
20	22
14	15
12	6
9	8
15	7
6	11
9	10
22	3
8	18
9	4
7	5
11	17
10	21
8	19
22	2
# tree 89
13	16
0	1
0	13
16	20
1	14
13	12
13	9
20	22
14	15
12	6
9	8
15	7
6	11
9	10
22	3
8	18
9	4
7	5
11	17
10	21
8	19
0	2
# tree 90
13	16
0	1
0	13
16	20
1	14
13	12
13	9
20	22
14	15
12	6
9	8
15	7
6	11
9	10
22	3
8	18
9	4
7	5
11	17
10	21
8	19
16	2
# tree 91
13	16
0	1
0	13
16	20
1	14
13	12
13	9
20	22
14	15
12	6
9	8
15	7
6	11
9	10
22	3
8	18
9	4
7	5
11	17
10	21
8	19
20	2
# tree 92
13	16
0	1
0	13
16	20
1	14
13	12
13	9
14	15
12	6
9	8
16	3
15	7
6	11
9	10
20	22
8	18
9	4
3	2
7	5
11	17
10	21
8	19
# tree 93
13	16
0	1
0	13
16	20
1	14
13	12
13	9
14	15
12	6
9	8
20	3
15	7
6	11
9	10
20	22
8	18
9	4
3	2
7	5
11	17
10	21
8	19
# tree 94
13	16
0	1
0	13
16	20
1	14
13	12
13	9
20	22
14	15
12	6
9	8
22	3
15	7
6	11
9	10
8	18
3	2
7	5
11	17
10	21
8	19
13	4
# tree 95
13	16
0	1
0	13
16	20
1	14
13	12
13	9
20	22
14	15
12	6
9	8
22	3
6	11
9	10
15	7
8	18
9	4
3	2
11	17
10	21
8	19
15	5
# tree 96
13	16
0	1
0	13
16	20
1	14
13	12
13	9
20	22
14	15
12	6
9	8
22	3
6	11
9	10
15	7
8	18
9	4
3	2
11	17
10	21
8	19
1	5
# tree 97
13	16
0	1
0	13
16	20
1	14
13	12
13	9
20	22
14	15
12	6
9	8
22	3
6	11
9	10
15	7
8	18
9	4
3	2
11	17
10	21
8	19
14	5
# tree 98
13	16
0	1
0	13
16	20
1	14
13	12
13	9
20	22
12	6
9	8
22	3
1	7
6	11
9	10
14	15
8	18
9	4
3	2
7	5
11	17
10	21
8	19
# tree 99
13	16
0	1
0	13
16	20
1	14
13	12
13	9
20	22
12	6
9	8
22	3
14	7
6	11
9	10
14	15
8	18
9	4
3	2
7	5
11	17
10	21
8	19
# tree 100
13	16
0	1
0	13
16	20
1	14
13	12
13	9
20	22
14	15
12	6
9	8
15	7
6	11
8	18
22	3
9	10
9	4
7	5
11	17
18	19
0	21
22	2
# tree 101
13	16
0	1
0	13
16	20
1	14
13	12
13	9
20	22
14	15
12	6
9	8
15	7
6	11
8	18
22	3
9	10
9	4
7	5
11	17
18	19
0	21
0	2
# tree 102
13	16
0	1
0	13
16	20
1	14
13	12
13	9
20	22
14	15
12	6
9	8
15	7
6	11
8	18
22	3
9	10
9	4
7	5
11	17
18	19
0	21
16	2
# tree 103
13	16
0	1
0	13
16	20
1	14
13	12
13	9
20	22
14	15
12	6
9	8
15	7
6	11
8	18
22	3
9	10
9	4
7	5
11	17
18	19
0	21
20	2
# tree 104
13	16
0	1
0	13
16	20
1	14
13	12
13	9
14	15
12	6
9	8
16	3
15	7
6	11
8	18
20	22
9	10
9	4
3	2
7	5
11	17
18	19
0	21
# tree 105
13	16
0	1
0	13
16	20
1	14
13	12
13	9
14	15
12	6
9	8
20	3
15	7
6	11
8	18
20	22
9	10
9	4
3	2
7	5
11	17
18	19
0	21
# tree 106
13	16
0	1
0	13
16	20
1	14
13	12
13	9
20	22
14	15
12	6
9	8
22	3
15	7
6	11
8	18
9	10
3	2
7	5
11	17
18	19
0	21
13	4
# tree 107
13	16
0	1
0	13
16	20
1	14
13	12
13	9
20	22
14	15
12	6
9	8
22	3
6	11
8	18
15	7
9	10
9	4
3	2
11	17
18	19
0	21
15	5
# tree 108
13	16
0	1
0	13
16	20
1	14
13	12
13	9
20	22
14	15
12	6
9	8
22	3
6	11
8	18
15	7
9	10
9	4
3	2
11	17
18	19
0	21
1	5
# tree 109
13	16
0	1
0	13
16	20
1	14
13	12
13	9
20	22
14	15
12	6
9	8
22	3
6	11
8	18
15	7
9	10
9	4
3	2
11	17
18	19
0	21
14	5
# tree 110
13	16
0	1
0	13
16	20
1	14
13	12
13	9
20	22
12	6
9	8
22	3
1	7
6	11
8	18
14	15
9	10
9	4
3	2
7	5
11	17
18	19
0	21
# tree 111
13	16
0	1
0	13
16	20
1	14
13	12
13	9
20	22
12	6
9	8
22	3
14	7
6	11
8	18
14	15
9	10
9	4
3	2
7	5
11	17
18	19
0	21
# tree 112
13	16
0	1
0	13
16	20
1	14
13	12
13	9
14	15
12	6
9	8
15	7
6	11
8	18
9	10
20	22
9	4
7	5
11	17
18	19
10	21
20	2
16	3
# tree 113
13	16
0	1
0	13
16	20
1	14
13	12
13	9
14	15
12	6
9	8
15	7
6	11
8	18
9	10
20	22
9	4
7	5
11	17
18	19
10	21
20	2
20	3
# tree 114
13	16
0	1
0	13
16	20
1	14
13	12
13	9
14	15
12	6
9	8
20	22
15	7
6	11
8	18
9	10
22	3
7	5
11	17
18	19
10	21
20	2
13	4
# tree 115
13	16
0	1
0	13
16	20
1	14
13	12
13	9
14	15
12	6
9	8
20	22
6	11
8	18
9	10
15	7
22	3
9	4
11	17
18	19
10	21
20	2
15	5
# tree 116
13	16
0	1
0	13
16	20
1	14
13	12
13	9
14	15
12	6
9	8
20	22
6	11
8	18
9	10
15	7
22	3
9	4
11	17
18	19
10	21
20	2
1	5
# tree 117
13	16
0	1
0	13
16	20
1	14
13	12
13	9
14	15
12	6
9	8
20	22
6	11
8	18
9	10
15	7
22	3
9	4
11	17
18	19
10	21
20	2
14	5
# tree 118
13	16
0	1
0	13
16	20
1	14
13	12
13	9
12	6
9	8
20	22
1	7
6	11
8	18
9	10
14	15
22	3
9	4
7	5
11	17
18	19
10	21
20	2
# tree 119
13	16
0	1
0	13
16	20
1	14
13	12
13	9
12	6
9	8
20	22
14	7
6	11
8	18
9	10
14	15
22	3
9	4
7	5
11	17
18	19
10	21
20	2
# tree 120
13	16
0	1
0	13
1	14
13	12
13	9
16	20
14	15
12	6
9	8
20	3
15	7
6	11
8	18
9	10
20	22
3	2
7	5
11	17
18	19
10	21
13	4
# tree 121
13	16
0	1
0	13
1	14
13	12
13	9
16	20
14	15
12	6
9	8
20	3
6	11
8	18
9	10
15	7
20	22
9	4
3	2
11	17
18	19
10	21
15	5
# tree 122
13	16
0	1
0	13
1	14
13	12
13	9
16	20
14	15
12	6
9	8
20	3
6	11
8	18
9	10
15	7
20	22
9	4
3	2
11	17
18	19
10	21
1	5
# tree 123
13	16
0	1
0	13
1	14
13	12
13	9
16	20
14	15
12	6
9	8
20	3
6	11
8	18
9	10
15	7
20	22
9	4
3	2
11	17
18	19
10	21
14	5
# tree 124
13	16
0	1
0	13
1	14
13	12
13	9
16	20
12	6
9	8
20	3
1	7
6	11
8	18
9	10
14	15
20	22
9	4
3	2
7	5
11	17
18	19
10	21
# tree 125
13	16
0	1
0	13
1	14
13	12
13	9
16	20
12	6
9	8
20	3
14	7
6	11
8	18
9	10
14	15
20	22
9	4
3	2
7	5
11	17
18	19
10	21
# tree 126
13	16
0	1
0	13
16	20
1	14
13	12
13	9
20	22
14	15
12	6
9	8
22	3
6	11
8	18
9	10
15	7
3	2
11	17
18	19
10	21
13	4
15	5
# tree 127
13	16
0	1
0	13
16	20
1	14
13	12
13	9
20	22
14	15
12	6
9	8
22	3
6	11
8	18
9	10
15	7
3	2
11	17
18	19
10	21
13	4
1	5
# tree 128
13	16
0	1
0	13
16	20
1	14
13	12
13	9
20	22
14	15
12	6
9	8
22	3
6	11
8	18
9	10
15	7
3	2
11	17
18	19
10	21
13	4
14	5
# tree 129
13	16
0	1
0	13
16	20
1	14
13	12
13	9
20	22
12	6
9	8
22	3
1	7
6	11
8	18
9	10
14	15
3	2
7	5
11	17
18	19
10	21
13	4
# tree 130
13	16
0	1
0	13
16	20
1	14
13	12
13	9
20	22
12	6
9	8
22	3
14	7
6	11
8	18
9	10
14	15
3	2
7	5
11	17
18	19
10	21
13	4
# tree 131
13	16
0	1
0	13
16	20
1	14
13	12
13	9
20	22
12	6
9	8
22	3
6	11
8	18
9	10
14	15
9	4
3	2
11	17
18	19
10	21
14	5
1	7
# tree 132
13	16
0	1
0	13
16	20
1	14
13	12
13	9
14	15
12	6
9	8
9	4
15	7
6	11
8	18
4	10
20	22
7	5
11	17
18	19
10	21
20	2
16	3
# tree 133
13	16
0	1
0	13
16	20
1	14
13	12
13	9
14	15
12	6
9	8
9	4
15	7
6	11
8	18
4	10
20	22
7	5
11	17
18	19
10	21
20	2
20	3
# tree 134
13	16
0	1
0	13
16	20
1	14
13	12
13	9
14	15
12	6
9	8
13	4
20	22
15	7
6	11
8	18
4	10
22	3
7	5
11	17
18	19
10	21
20	2
# tree 135
13	16
0	1
0	13
16	20
1	14
13	12
13	9
14	15
12	6
9	8
9	4
20	22
6	11
8	18
4	10
15	7
22	3
11	17
18	19
10	21
20	2
15	5
# tree 136
13	16
0	1
0	13
16	20
1	14
13	12
13	9
14	15
12	6
9	8
9	4
20	22
6	11
8	18
4	10
15	7
22	3
11	17
18	19
10	21
20	2
1	5
# tree 137
13	16
0	1
0	13
16	20
1	14
13	12
13	9
14	15
12	6
9	8
9	4
20	22
6	11
8	18
4	10
15	7
22	3
11	17
18	19
10	21
20	2
14	5
# tree 138
13	16
0	1
0	13
16	20
1	14
13	12
13	9
12	6
9	8
9	4
20	22
1	7
6	11
8	18
4	10
14	15
22	3
7	5
11	17
18	19
10	21
20	2
# tree 139
13	16
0	1
0	13
16	20
1	14
13	12
13	9
12	6
9	8
9	4
20	22
14	7
6	11
8	18
4	10
14	15
22	3
7	5
11	17
18	19
10	21
20	2
# tree 140
13	16
0	1
0	13
16	20
1	14
13	12
13	9
20	22
14	15
12	6
9	4
9	8
15	7
6	11
22	3
4	10
8	18
7	5
11	17
8	19
0	21
22	2
# tree 141
13	16
0	1
0	13
16	20
1	14
13	12
13	9
20	22
14	15
12	6
9	4
9	8
15	7
6	11
22	3
4	10
8	18
7	5
11	17
8	19
0	21
0	2
# tree 142
13	16
0	1
0	13
16	20
1	14
13	12
13	9
20	22
14	15
12	6
9	4
9	8
15	7
6	11
22	3
4	10
8	18
7	5
11	17
8	19
0	21
16	2
# tree 143
13	16
0	1
0	13
16	20
1	14
13	12
13	9
20	22
14	15
12	6
9	4
9	8
15	7
6	11
22	3
4	10
8	18
7	5
11	17
8	19
0	21
20	2
# tree 144
13	16
0	1
0	13
16	20
1	14
13	12
13	9
14	15
12	6
9	4
9	8
16	3
15	7
6	11
20	22
4	10
8	18
3	2
7	5
11	17
8	19
0	21
# tree 145
13	16
0	1
0	13
16	20
1	14
13	12
13	9
14	15
12	6
9	4
9	8
20	3
15	7
6	11
20	22
4	10
8	18
3	2
7	5
11	17
8	19
0	21
# tree 146
13	16
0	1
0	13
16	20
1	14
13	12
13	9
20	22
14	15
12	6
13	4
9	8
22	3
15	7
6	11
4	10
8	18
3	2
7	5
11	17
8	19
0	21
# tree 147
13	16
0	1
0	13
16	20
1	14
13	12
13	9
20	22
14	15
12	6
9	4
9	8
22	3
6	11
15	7
4	10
8	18
3	2
11	17
8	19
0	21
15	5
# tree 148
13	16
0	1
0	13
16	20
1	14
13	12
13	9
20	22
14	15
12	6
9	4
9	8
22	3
6	11
15	7
4	10
8	18
3	2
11	17
8	19
0	21
1	5
# tree 149
13	16
0	1
0	13
16	20
1	14
13	12
13	9
20	22
14	15
12	6
9	4
9	8
22	3
6	11
15	7
4	10
8	18
3	2
11	17
8	19
0	21
14	5
# tree 150
13	16
0	1
0	13
16	20
1	14
13	12
13	9
20	22
12	6
9	4
9	8
22	3
1	7
6	11
14	15
4	10
8	18
3	2
7	5
11	17
8	19
0	21
# tree 151
13	16
0	1
0	13
16	20
1	14
13	12
13	9
20	22
12	6
9	4
9	8
22	3
14	7
6	11
14	15
4	10
8	18
3	2
7	5
11	17
8	19
0	21
# tree 152
13	16
0	1
0	13
16	20
1	14
13	12
13	9
14	15
12	6
9	4
9	8
15	7
6	11
4	10
20	22
8	18
7	5
11	17
10	21
8	19
20	2
16	3
# tree 153
13	16
0	1
0	13
16	20
1	14
13	12
13	9
14	15
12	6
9	4
9	8
15	7
6	11
4	10
20	22
8	18
7	5
11	17
10	21
8	19
20	2
20	3
# tree 154
13	16
0	1
0	13
16	20
1	14
13	12
13	9
14	15
12	6
13	4
20	22
9	8
15	7
6	11
4	10
22	3
8	18
7	5
11	17
10	21
8	19
20	2
# tree 155
13	16
0	1
0	13
16	20
1	14
13	12
13	9
14	15
12	6
9	4
20	22
9	8
6	11
4	10
15	7
22	3
8	18
11	17
10	21
8	19
20	2
15	5
# tree 156
13	16
0	1
0	13
16	20
1	14
13	12
13	9
14	15
12	6
9	4
20	22
9	8
6	11
4	10
15	7
22	3
8	18
11	17
10	21
8	19
20	2
1	5
# tree 157
13	16
0	1
0	13
16	20
1	14
13	12
13	9
14	15
12	6
9	4
20	22
9	8
6	11
4	10
15	7
22	3
8	18
11	17
10	21
8	19
20	2
14	5
# tree 158
13	16
0	1
0	13
16	20
1	14
13	12
13	9
12	6
9	4
20	22
9	8
1	7
6	11
4	10
14	15
22	3
8	18
7	5
11	17
10	21
8	19
20	2
# tree 159
13	16
0	1
0	13
16	20
1	14
13	12
13	9
12	6
9	4
20	22
9	8
14	7
6	11
4	10
14	15
22	3
8	18
7	5
11	17
10	21
8	19
20	2
# tree 160
13	16
0	1
0	13
1	14
13	12
13	9
16	20
14	15
12	6
13	4
9	8
20	3
15	7
6	11
4	10
20	22
8	18
3	2
7	5
11	17
10	21
8	19
# tree 161
13	16
0	1
0	13
1	14
13	12
13	9
16	20
14	15
12	6
9	4
9	8
20	3
6	11
4	10
15	7
20	22
8	18
3	2
11	17
10	21
8	19
15	5
# tree 162
13	16
0	1
0	13
1	14
13	12
13	9
16	20
14	15
12	6
9	4
9	8
20	3
6	11
4	10
15	7
20	22
8	18
3	2
11	17
10	21
8	19
1	5
# tree 163
13	16
0	1
0	13
1	14
13	12
13	9
16	20
14	15
12	6
9	4
9	8
20	3
6	11
4	10
15	7
20	22
8	18
3	2
11	17
10	21
8	19
14	5
# tree 164
13	16
0	1
0	13
1	14
13	12
13	9
16	20
12	6
9	4
9	8
20	3
1	7
6	11
4	10
14	15
20	22
8	18
3	2
7	5
11	17
10	21
8	19
# tree 165
13	16
0	1
0	13
1	14
13	12
13	9
16	20
12	6
9	4
9	8
20	3
14	7
6	11
4	10
14	15
20	22
8	18
3	2
7	5
11	17
10	21
8	19
# tree 166
13	16
0	1
0	13
16	20
1	14
13	12
13	9
20	22
14	15
12	6
13	4
9	8
22	3
6	11
4	10
15	7
8	18
3	2
11	17
10	21
8	19
15	5
# tree 167
13	16
0	1
0	13
16	20
1	14
13	12
13	9
20	22
14	15
12	6
13	4
9	8
22	3
6	11
4	10
15	7
8	18
3	2
11	17
10	21
8	19
1	5
# tree 168
13	16
0	1
0	13
16	20
1	14
13	12
13	9
20	22
14	15
12	6
13	4
9	8
22	3
6	11
4	10
15	7
8	18
3	2
11	17
10	21
8	19
14	5
# tree 169
13	16
0	1
0	13
16	20
1	14
13	12
13	9
20	22
12	6
13	4
9	8
22	3
1	7
6	11
4	10
14	15
8	18
3	2
7	5
11	17
10	21
8	19
# tree 170
13	16
0	1
0	13
16	20
1	14
13	12
13	9
20	22
12	6
13	4
9	8
22	3
14	7
6	11
4	10
14	15
8	18
3	2
7	5
11	17
10	21
8	19
# tree 171
13	16
0	1
0	13
16	20
1	14
13	12
13	9
20	22
12	6
9	4
9	8
22	3
6	11
4	10
14	15
8	18
3	2
11	17
10	21
8	19
14	5
1	7
# tree 172
13	16
0	1
0	13
16	20
1	14
13	12
13	9
14	15
12	6
9	8
9	4
15	7
6	11
8	18
20	22
4	10
7	5
11	17
18	19
0	21
20	2
16	3
# tree 173
13	16
0	1
0	13
16	20
1	14
13	12
13	9
14	15
12	6
9	8
9	4
15	7
6	11
8	18
20	22
4	10
7	5
11	17
18	19
0	21
20	2
20	3
# tree 174
13	16
0	1
0	13
16	20
1	14
13	12
13	9
14	15
12	6
9	8
20	22
13	4
15	7
6	11
8	18
22	3
4	10
7	5
11	17
18	19
0	21
20	2
# tree 175
13	16
0	1
0	13
16	20
1	14
13	12
13	9
14	15
12	6
9	8
20	22
9	4
6	11
8	18
15	7
22	3
4	10
11	17
18	19
0	21
20	2
15	5
# tree 176
13	16
0	1
0	13
16	20
1	14
13	12
13	9
14	15
12	6
9	8
20	22
9	4
6	11
8	18
15	7
22	3
4	10
11	17
18	19
0	21
20	2
1	5
# tree 177
13	16
0	1
0	13
16	20
1	14
13	12
13	9
14	15
12	6
9	8
20	22
9	4
6	11
8	18
15	7
22	3
4	10
11	17
18	19
0	21
20	2
14	5
# tree 178
13	16
0	1
0	13
16	20
1	14
13	12
13	9
12	6
9	8
20	22
9	4
1	7
6	11
8	18
14	15
22	3
4	10
7	5
11	17
18	19
0	21
20	2
# tree 179
13	16
0	1
0	13
16	20
1	14
13	12
13	9
12	6
9	8
20	22
9	4
14	7
6	11
8	18
14	15
22	3
4	10
7	5
11	17
18	19
0	21
20	2
# tree 180
13	16
0	1
0	13
1	14
13	12
13	9
16	20
14	15
12	6
9	8
13	4
20	3
15	7
6	11
8	18
20	22
4	10
3	2
7	5
11	17
18	19
0	21
# tree 181
13	16
0	1
0	13
1	14
13	12
13	9
16	20
14	15
12	6
9	8
9	4
20	3
6	11
8	18
15	7
20	22
4	10
3	2
11	17
18	19
0	21
15	5
# tree 182
13	16
0	1
0	13
1	14
13	12
13	9
16	20
14	15
12	6
9	8
9	4
20	3
6	11
8	18
15	7
20	22
4	10
3	2
11	17
18	19
0	21
1	5
# tree 183
13	16
0	1
0	13
1	14
13	12
13	9
16	20
14	15
12	6
9	8
9	4
20	3
6	11
8	18
15	7
20	22
4	10
3	2
11	17
18	19
0	21
14	5
# tree 184
13	16
0	1
0	13
1	14
13	12
13	9
16	20
12	6
9	8
9	4
20	3
1	7
6	11
8	18
14	15
20	22
4	10
3	2
7	5
11	17
18	19
0	21
# tree 185
13	16
0	1
0	13
1	14
13	12
13	9
16	20
12	6
9	8
9	4
20	3
14	7
6	11
8	18
14	15
20	22
4	10
3	2
7	5
11	17
18	19
0	21
# tree 186
13	16
0	1
0	13
16	20
1	14
13	12
13	9
20	22
14	15
12	6
9	8
13	4
22	3
6	11
8	18
15	7
4	10
3	2
11	17
18	19
0	21
15	5
# tree 187
13	16
0	1
0	13
16	20
1	14
13	12
13	9
20	22
14	15
12	6
9	8
13	4
22	3
6	11
8	18
15	7
4	10
3	2
11	17
18	19
0	21
1	5
# tree 188
13	16
0	1
0	13
16	20
1	14
13	12
13	9
20	22
14	15
12	6
9	8
13	4
22	3
6	11
8	18
15	7
4	10
3	2
11	17
18	19
0	21
14	5
# tree 189
13	16
0	1
0	13
16	20
1	14
13	12
13	9
20	22
12	6
9	8
13	4
22	3
1	7
6	11
8	18
14	15
4	10
3	2
7	5
11	17
18	19
0	21
# tree 190
13	16
0	1
0	13
16	20
1	14
13	12
13	9
20	22
12	6
9	8
13	4
22	3
14	7
6	11
8	18
14	15
4	10
3	2
7	5
11	17
18	19
0	21
# tree 191
13	16
0	1
0	13
16	20
1	14
13	12
13	9
20	22
12	6
9	8
9	4
22	3
6	11
8	18
14	15
4	10
3	2
11	17
18	19
0	21
14	5
1	7
# tree 192
0	1
0	13
13	16
1	14
13	12
13	9
16	20
14	15
12	6
9	8
13	4
20	3
6	11
8	18
4	10
15	7
20	22
3	2
11	17
18	19
10	21
15	5
# tree 193
0	1
0	13
13	16
1	14
13	12
13	9
16	20
14	15
12	6
9	8
13	4
20	3
6	11
8	18
4	10
15	7
20	22
3	2
11	17
18	19
10	21
1	5
# tree 194
0	1
0	13
13	16
1	14
13	12
13	9
16	20
14	15
12	6
9	8
13	4
20	3
6	11
8	18
4	10
15	7
20	22
3	2
11	17
18	19
10	21
14	5
# tree 195
0	1
0	13
13	16
1	14
13	12
13	9
16	20
12	6
9	8
13	4
20	3
1	7
6	11
8	18
4	10
14	15
20	22
3	2
7	5
11	17
18	19
10	21
# tree 196
0	1
0	13
13	16
1	14
13	12
13	9
16	20
12	6
9	8
13	4
20	3
14	7
6	11
8	18
4	10
14	15
20	22
3	2
7	5
11	17
18	19
10	21
# tree 197
0	1
0	13
13	16
1	14
13	12
13	9
16	20
12	6
9	8
9	4
20	3
6	11
8	18
4	10
14	15
20	22
3	2
11	17
18	19
10	21
14	5
1	7
# tree 198
13	16
0	1
0	13
16	20
1	14
13	12
13	9
20	22
12	6
9	8
13	4
22	3
6	11
8	18
4	10
14	15
3	2
11	17
18	19
10	21
14	5
1	7
# tree 199
0	13
13	16
0	1
16	20
1	14
13	12
13	9
20	22
14	15
12	6
9	8
15	7
6	11
22	3
9	10
8	18
9	4
7	5
11	17
8	19
0	21
22	2
# tree 200
0	13
13	16
0	1
16	20
1	14
13	12
13	9
20	22
14	15
12	6
9	8
15	7
6	11
22	3
9	10
8	18
9	4
7	5
11	17
8	19
0	21
0	2
# tree 201
0	13
13	16
0	1
16	20
1	14
13	12
13	9
20	22
14	15
12	6
9	8
15	7
6	11
22	3
9	10
8	18
9	4
7	5
11	17
8	19
0	21
16	2
# tree 202
0	13
13	16
0	1
16	20
1	14
13	12
13	9
20	22
14	15
12	6
9	8
15	7
6	11
22	3
9	10
8	18
9	4
7	5
11	17
8	19
0	21
20	2
# tree 203
0	13
13	16
0	1
16	20
1	14
13	12
13	9
14	15
12	6
9	8
16	3
15	7
6	11
20	22
9	10
8	18
9	4
3	2
7	5
11	17
8	19
0	21
# tree 204
0	13
13	16
0	1
16	20
1	14
13	12
13	9
14	15
12	6
9	8
20	3
15	7
6	11
20	22
9	10
8	18
9	4
3	2
7	5
11	17
8	19
0	21
# tree 205
0	13
13	16
0	1
16	20
1	14
13	12
13	9
20	22
14	15
12	6
9	8
22	3
15	7
6	11
9	10
8	18
3	2
7	5
11	17
8	19
0	21
13	4
# tree 206
0	13
13	16
0	1
16	20
1	14
13	12
13	9
20	22
14	15
12	6
9	8
22	3
6	11
15	7
9	10
8	18
9	4
3	2
11	17
8	19
0	21
15	5
# tree 207
0	13
13	16
0	1
16	20
1	14
13	12
13	9
20	22
14	15
12	6
9	8
22	3
6	11
15	7
9	10
8	18
9	4
3	2
11	17
8	19
0	21
1	5
# tree 208
0	13
13	16
0	1
16	20
1	14
13	12
13	9
20	22
14	15
12	6
9	8
22	3
6	11
15	7
9	10
8	18
9	4
3	2
11	17
8	19
0	21
14	5
# tree 209
0	13
13	16
0	1
16	20
1	14
13	12
13	9
20	22
12	6
9	8
22	3
1	7
6	11
14	15
9	10
8	18
9	4
3	2
7	5
11	17
8	19
0	21
# tree 210
0	13
13	16
0	1
16	20
1	14
13	12
13	9
20	22
12	6
9	8
22	3
14	7
6	11
14	15
9	10
8	18
9	4
3	2
7	5
11	17
8	19
0	21
# tree 211
0	13
13	16
0	1
16	20
1	14
13	12
13	9
14	15
12	6
9	8
15	7
6	11
9	10
20	22
8	18
9	4
7	5
11	17
10	21
8	19
20	2
16	3
# tree 212
0	13
13	16
0	1
16	20
1	14
13	12
13	9
14	15
12	6
9	8
15	7
6	11
9	10
20	22
8	18
9	4
7	5
11	17
10	21
8	19
20	2
20	3
# tree 213
0	13
13	16
0	1
16	20
1	14
13	12
13	9
14	15
12	6
20	22
9	8
15	7
6	11
9	10
22	3
8	18
7	5
11	17
10	21
8	19
20	2
13	4
# tree 214
0	13
13	16
0	1
16	20
1	14
13	12
13	9
14	15
12	6
20	22
9	8
6	11
9	10
15	7
22	3
8	18
9	4
11	17
10	21
8	19
20	2
15	5
# tree 215
0	13
13	16
0	1
16	20
1	14
13	12
13	9
14	15
12	6
20	22
9	8
6	11
9	10
15	7
22	3
8	18
9	4
11	17
10	21
8	19
20	2
1	5
# tree 216
0	13
13	16
0	1
16	20
1	14
13	12
13	9
14	15
12	6
20	22
9	8
6	11
9	10
15	7
22	3
8	18
9	4
11	17
10	21
8	19
20	2
14	5
# tree 217
0	13
13	16
0	1
16	20
1	14
13	12
13	9
12	6
20	22
9	8
1	7
6	11
9	10
14	15
22	3
8	18
9	4
7	5
11	17
10	21
8	19
20	2
# tree 218
0	13
13	16
0	1
16	20
1	14
13	12
13	9
12	6
20	22
9	8
14	7
6	11
9	10
14	15
22	3
8	18
9	4
7	5
11	17
10	21
8	19
20	2
# tree 219
0	13
13	16
0	1
1	14
13	12
13	9
16	20
14	15
12	6
9	8
20	3
15	7
6	11
9	10
20	22
8	18
3	2
7	5
11	17
10	21
8	19
13	4
# tree 220
0	13
13	16
0	1
1	14
13	12
13	9
16	20
14	15
12	6
9	8
20	3
6	11
9	10
15	7
20	22
8	18
9	4
3	2
11	17
10	21
8	19
15	5
# tree 221
0	13
13	16
0	1
1	14
13	12
13	9
16	20
14	15
12	6
9	8
20	3
6	11
9	10
15	7
20	22
8	18
9	4
3	2
11	17
10	21
8	19
1	5
# tree 222
0	13
13	16
0	1
1	14
13	12
13	9
16	20
14	15
12	6
9	8
20	3
6	11
9	10
15	7
20	22
8	18
9	4
3	2
11	17
10	21
8	19
14	5
# tree 223
0	13
13	16
0	1
1	14
13	12
13	9
16	20
12	6
9	8
20	3
1	7
6	11
9	10
14	15
20	22
8	18
9	4
3	2
7	5
11	17
10	21
8	19
# tree 224
0	13
13	16
0	1
1	14
13	12
13	9
16	20
12	6
9	8
20	3
14	7
6	11
9	10
14	15
20	22
8	18
9	4
3	2
7	5
11	17
10	21
8	19
# tree 225
0	13
13	16
0	1
16	20
1	14
13	12
13	9
20	22
14	15
12	6
9	8
22	3
6	11
9	10
15	7
8	18
3	2
11	17
10	21
8	19
13	4
15	5
# tree 226
0	13
13	16
0	1
16	20
1	14
13	12
13	9
20	22
14	15
12	6
9	8
22	3
6	11
9	10
15	7
8	18
3	2
11	17
10	21
8	19
13	4
1	5
# tree 227
0	13
13	16
0	1
16	20
1	14
13	12
13	9
20	22
14	15
12	6
9	8
22	3
6	11
9	10
15	7
8	18
3	2
11	17
10	21
8	19
13	4
14	5
# tree 228
0	13
13	16
0	1
16	20
1	14
13	12
13	9
20	22
12	6
9	8
22	3
1	7
6	11
9	10
14	15
8	18
3	2
7	5
11	17
10	21
8	19
13	4
# tree 229
0	13
13	16
0	1
16	20
1	14
13	12
13	9
20	22
12	6
9	8
22	3
14	7
6	11
9	10
14	15
8	18
3	2
7	5
11	17
10	21
8	19
13	4
# tree 230
0	13
13	16
0	1
16	20
1	14
13	12
13	9
20	22
12	6
9	8
22	3
6	11
9	10
14	15
8	18
9	4
3	2
11	17
10	21
8	19
14	5
1	7
# tree 231
0	13
13	16
0	1
16	20
1	14
13	12
13	9
14	15
12	6
9	8
15	7
6	11
8	18
20	22
9	10
9	4
7	5
11	17
18	19
0	21
20	2
16	3
# tree 232
0	13
13	16
0	1
16	20
1	14
13	12
13	9
14	15
12	6
9	8
15	7
6	11
8	18
20	22
9	10
9	4
7	5
11	17
18	19
0	21
20	2
20	3
# tree 233
0	13
13	16
0	1
16	20
1	14
13	12
13	9
14	15
12	6
9	8
20	22
15	7
6	11
8	18
22	3
9	10
7	5
11	17
18	19
0	21
20	2
13	4
# tree 234
0	13
13	16
0	1
16	20
1	14
13	12
13	9
14	15
12	6
9	8
20	22
6	11
8	18
15	7
22	3
9	10
9	4
11	17
18	19
0	21
20	2
15	5
# tree 235
0	13
13	16
0	1
16	20
1	14
13	12
13	9
14	15
12	6
9	8
20	22
6	11
8	18
15	7
22	3
9	10
9	4
11	17
18	19
0	21
20	2
1	5
# tree 236
0	13
13	16
0	1
16	20
1	14
13	12
13	9
14	15
12	6
9	8
20	22
6	11
8	18
15	7
22	3
9	10
9	4
11	17
18	19
0	21
20	2
14	5
# tree 237
0	13
13	16
0	1
16	20
1	14
13	12
13	9
12	6
9	8
20	22
1	7
6	11
8	18
14	15
22	3
9	10
9	4
7	5
11	17
18	19
0	21
20	2
# tree 238
0	13
13	16
0	1
16	20
1	14
13	12
13	9
12	6
9	8
20	22
14	7
6	11
8	18
14	15
22	3
9	10
9	4
7	5
11	17
18	19
0	21
20	2
# tree 239
0	13
13	16
0	1
1	14
13	12
13	9
16	20
14	15
12	6
9	8
20	3
15	7
6	11
8	18
20	22
9	10
3	2
7	5
11	17
18	19
0	21
13	4
# tree 240
0	13
13	16
0	1
1	14
13	12
13	9
16	20
14	15
12	6
9	8
20	3
6	11
8	18
15	7
20	22
9	10
9	4
3	2
11	17
18	19
0	21
15	5
# tree 241
0	13
13	16
0	1
1	14
13	12
13	9
16	20
14	15
12	6
9	8
20	3
6	11
8	18
15	7
20	22
9	10
9	4
3	2
11	17
18	19
0	21
1	5
# tree 242
0	13
13	16
0	1
1	14
13	12
13	9
16	20
14	15
12	6
9	8
20	3
6	11
8	18
15	7
20	22
9	10
9	4
3	2
11	17
18	19
0	21
14	5
# tree 243
0	13
13	16
0	1
1	14
13	12
13	9
16	20
12	6
9	8
20	3
1	7
6	11
8	18
14	15
20	22
9	10
9	4
3	2
7	5
11	17
18	19
0	21
# tree 244
0	13
13	16
0	1
1	14
13	12
13	9
16	20
12	6
9	8
20	3
14	7
6	11
8	18
14	15
20	22
9	10
9	4
3	2
7	5
11	17
18	19
0	21
# tree 245
0	13
13	16
0	1
16	20
1	14
13	12
13	9
20	22
14	15
12	6
9	8
22	3
6	11
8	18
15	7
9	10
3	2
11	17
18	19
0	21
13	4
15	5
# tree 246
0	13
13	16
0	1
16	20
1	14
13	12
13	9
20	22
14	15
12	6
9	8
22	3
6	11
8	18
15	7
9	10
3	2
11	17
18	19
0	21
13	4
1	5
# tree 247
0	13
13	16
0	1
16	20
1	14
13	12
13	9
20	22
14	15
12	6
9	8
22	3
6	11
8	18
15	7
9	10
3	2
11	17
18	19
0	21
13	4
14	5
# tree 248
0	13
13	16
0	1
16	20
1	14
13	12
13	9
20	22
12	6
9	8
22	3
1	7
6	11
8	18
14	15
9	10
3	2
7	5
11	17
18	19
0	21
13	4
# tree 249
0	13
13	16
0	1
16	20
1	14
13	12
13	9
20	22
12	6
9	8
22	3
14	7
6	11
8	18
14	15
9	10
3	2
7	5
11	17
18	19
0	21
13	4
# tree 250
0	13
13	16
0	1
16	20
1	14
13	12
13	9
20	22
12	6
9	8
22	3
6	11
8	18
14	15
9	10
9	4
3	2
11	17
18	19
0	21
14	5
1	7
# tree 251
0	13
13	16
0	1
1	14
13	12
13	9
14	15
12	6
9	8
16	20
15	7
6	11
8	18
9	10
20	22
7	5
11	17
18	19
10	21
20	2
20	3
13	4
# tree 252
0	13
13	16
0	1
1	14
13	12
13	9
14	15
12	6
9	8
16	20
6	11
8	18
9	10
15	7
20	22
9	4
11	17
18	19
10	21
20	2
20	3
15	5
# tree 253
0	13
13	16
0	1
1	14
13	12
13	9
14	15
12	6
9	8
16	20
6	11
8	18
9	10
15	7
20	22
9	4
11	17
18	19
10	21
20	2
20	3
1	5
# tree 254
0	13
13	16
0	1
1	14
13	12
13	9
14	15
12	6
9	8
16	20
6	11
8	18
9	10
15	7
20	22
9	4
11	17
18	19
10	21
20	2
20	3
14	5
# tree 255
0	13
13	16
0	1
1	14
13	12
13	9
12	6
9	8
16	20
1	7
6	11
8	18
9	10
14	15
20	22
9	4
7	5
11	17
18	19
10	21
20	2
20	3
# tree 256
0	13
13	16
0	1
1	14
13	12
13	9
12	6
9	8
16	20
14	7
6	11
8	18
9	10
14	15
20	22
9	4
7	5
11	17
18	19
10	21
20	2
20	3
# tree 257
0	13
13	16
0	1
1	14
13	12
13	9
16	20
14	15
12	6
9	8
20	22
6	11
8	18
9	10
15	7
22	3
11	17
18	19
10	21
20	2
13	4
15	5
# tree 258
0	13
13	16
0	1
1	14
13	12
13	9
16	20
14	15
12	6
9	8
20	22
6	11
8	18
9	10
15	7
22	3
11	17
18	19
10	21
20	2
13	4
1	5
# tree 259
0	13
13	16
0	1
1	14
13	12
13	9
16	20
14	15
12	6
9	8
20	22
6	11
8	18
9	10
15	7
22	3
11	17
18	19
10	21
20	2
13	4
14	5
# tree 260
0	13
13	16
0	1
1	14
13	12
13	9
16	20
12	6
9	8
20	22
1	7
6	11
8	18
9	10
14	15
22	3
7	5
11	17
18	19
10	21
20	2
13	4
# tree 261
0	13
13	16
0	1
1	14
13	12
13	9
16	20
12	6
9	8
20	22
14	7
6	11
8	18
9	10
14	15
22	3
7	5
11	17
18	19
10	21
20	2
13	4
# tree 262
0	13
13	16
0	1
1	14
13	12
13	9
16	20
12	6
9	8
20	22
6	11
8	18
9	10
14	15
22	3
9	4
11	17
18	19
10	21
20	2
14	5
1	7
# tree 263
0	13
0	1
13	16
1	14
13	12
13	9
16	20
14	15
12	6
9	8
20	3
6	11
8	18
9	10
15	7
20	22
3	2
11	17
18	19
10	21
13	4
15	5
# tree 264
0	13
0	1
13	16
1	14
13	12
13	9
16	20
14	15
12	6
9	8
20	3
6	11
8	18
9	10
15	7
20	22
3	2
11	17
18	19
10	21
13	4
1	5
# tree 265
0	13
0	1
13	16
1	14
13	12
13	9
16	20
14	15
12	6
9	8
20	3
6	11
8	18
9	10
15	7
20	22
3	2
11	17
18	19
10	21
13	4
14	5
# tree 266
0	13
0	1
13	16
1	14
13	12
13	9
16	20
12	6
9	8
20	3
1	7
6	11
8	18
9	10
14	15
20	22
3	2
7	5
11	17
18	19
10	21
13	4
# tree 267
0	13
0	1
13	16
1	14
13	12
13	9
16	20
12	6
9	8
20	3
14	7
6	11
8	18
9	10
14	15
20	22
3	2
7	5
11	17
18	19
10	21
13	4
# tree 268
0	13
0	1
13	16
1	14
13	12
13	9
16	20
12	6
9	8
20	3
6	11
8	18
9	10
14	15
20	22
9	4
3	2
11	17
18	19
10	21
14	5
1	7
# tree 269
0	13
13	16
0	1
16	20
1	14
13	12
13	9
20	22
12	6
9	8
22	3
6	11
8	18
9	10
14	15
3	2
11	17
18	19
10	21
13	4
14	5
1	7
# tree 270
0	13
13	16
0	1
1	14
13	12
13	9
14	15
12	6
9	8
13	4
16	20
15	7
6	11
8	18
4	10
20	22
7	5
11	17
18	19
10	21
20	2
20	3
# tree 271
0	13
13	16
0	1
1	14
13	12
13	9
14	15
12	6
9	8
9	4
16	20
6	11
8	18
4	10
15	7
20	22
11	17
18	19
10	21
20	2
20	3
15	5
# tree 272
0	13
13	16
0	1
1	14
13	12
13	9
14	15
12	6
9	8
9	4
16	20
6	11
8	18
4	10
15	7
20	22
11	17
18	19
10	21
20	2
20	3
1	5
# tree 273
0	13
13	16
0	1
1	14
13	12
13	9
14	15
12	6
9	8
9	4
16	20
6	11
8	18
4	10
15	7
20	22
11	17
18	19
10	21
20	2
20	3
14	5
# tree 274
0	13
13	16
0	1
1	14
13	12
13	9
12	6
9	8
9	4
16	20
1	7
6	11
8	18
4	10
14	15
20	22
7	5
11	17
18	19
10	21
20	2
20	3
# tree 275
0	13
13	16
0	1
1	14
13	12
13	9
12	6
9	8
9	4
16	20
14	7
6	11
8	18
4	10
14	15
20	22
7	5
11	17
18	19
10	21
20	2
20	3
# tree 276
0	13
13	16
0	1
1	14
13	12
13	9
16	20
14	15
12	6
9	8
13	4
20	22
6	11
8	18
4	10
15	7
22	3
11	17
18	19
10	21
20	2
15	5
# tree 277
0	13
13	16
0	1
1	14
13	12
13	9
16	20
14	15
12	6
9	8
13	4
20	22
6	11
8	18
4	10
15	7
22	3
11	17
18	19
10	21
20	2
1	5
# tree 278
0	13
13	16
0	1
1	14
13	12
13	9
16	20
14	15
12	6
9	8
13	4
20	22
6	11
8	18
4	10
15	7
22	3
11	17
18	19
10	21
20	2
14	5
# tree 279
0	13
13	16
0	1
1	14
13	12
13	9
16	20
12	6
9	8
13	4
20	22
1	7
6	11
8	18
4	10
14	15
22	3
7	5
11	17
18	19
10	21
20	2
# tree 280
0	13
13	16
0	1
1	14
13	12
13	9
16	20
12	6
9	8
13	4
20	22
14	7
6	11
8	18
4	10
14	15
22	3
7	5
11	17
18	19
10	21
20	2
# tree 281
0	13
13	16
0	1
1	14
13	12
13	9
16	20
12	6
9	8
9	4
20	22
6	11
8	18
4	10
14	15
22	3
11	17
18	19
10	21
20	2
14	5
1	7
# tree 282
0	13
13	16
0	1
16	20
1	14
13	12
13	9
14	15
12	6
9	4
9	8
15	7
6	11
20	22
4	10
8	18
7	5
11	17
8	19
0	21
20	2
16	3
# tree 283
0	13
13	16
0	1
16	20
1	14
13	12
13	9
14	15
12	6
9	4
9	8
15	7
6	11
20	22
4	10
8	18
7	5
11	17
8	19
0	21
20	2
20	3
# tree 284
0	13
13	16
0	1
16	20
1	14
13	12
13	9
14	15
12	6
20	22
13	4
9	8
15	7
6	11
22	3
4	10
8	18
7	5
11	17
8	19
0	21
20	2
# tree 285
0	13
13	16
0	1
16	20
1	14
13	12
13	9
14	15
12	6
20	22
9	4
9	8
6	11
15	7
22	3
4	10
8	18
11	17
8	19
0	21
20	2
15	5
# tree 286
0	13
13	16
0	1
16	20
1	14
13	12
13	9
14	15
12	6
20	22
9	4
9	8
6	11
15	7
22	3
4	10
8	18
11	17
8	19
0	21
20	2
1	5
# tree 287
0	13
13	16
0	1
16	20
1	14
13	12
13	9
14	15
12	6
20	22
9	4
9	8
6	11
15	7
22	3
4	10
8	18
11	17
8	19
0	21
20	2
14	5
# tree 288
0	13
13	16
0	1
16	20
1	14
13	12
13	9
12	6
20	22
9	4
9	8
1	7
6	11
14	15
22	3
4	10
8	18
7	5
11	17
8	19
0	21
20	2
# tree 289
0	13
13	16
0	1
16	20
1	14
13	12
13	9
12	6
20	22
9	4
9	8
14	7
6	11
14	15
22	3
4	10
8	18
7	5
11	17
8	19
0	21
20	2
# tree 290
0	13
13	16
0	1
1	14
13	12
13	9
16	20
14	15
12	6
13	4
9	8
20	3
15	7
6	11
20	22
4	10
8	18
3	2
7	5
11	17
8	19
0	21
# tree 291
0	13
13	16
0	1
1	14
13	12
13	9
16	20
14	15
12	6
9	4
9	8
20	3
6	11
15	7
20	22
4	10
8	18
3	2
11	17
8	19
0	21
15	5
# tree 292
0	13
13	16
0	1
1	14
13	12
13	9
16	20
14	15
12	6
9	4
9	8
20	3
6	11
15	7
20	22
4	10
8	18
3	2
11	17
8	19
0	21
1	5
# tree 293
0	13
13	16
0	1
1	14
13	12
13	9
16	20
14	15
12	6
9	4
9	8
20	3
6	11
15	7
20	22
4	10
8	18
3	2
11	17
8	19
0	21
14	5
# tree 294
0	13
13	16
0	1
1	14
13	12
13	9
16	20
12	6
9	4
9	8
20	3
1	7
6	11
14	15
20	22
4	10
8	18
3	2
7	5
11	17
8	19
0	21
# tree 295
0	13
13	16
0	1
1	14
13	12
13	9
16	20
12	6
9	4
9	8
20	3
14	7
6	11
14	15
20	22
4	10
8	18
3	2
7	5
11	17
8	19
0	21
# tree 296
0	13
13	16
0	1
16	20
1	14
13	12
13	9
20	22
14	15
12	6
13	4
9	8
22	3
6	11
15	7
4	10
8	18
3	2
11	17
8	19
0	21
15	5
# tree 297
0	13
13	16
0	1
16	20
1	14
13	12
13	9
20	22
14	15
12	6
13	4
9	8
22	3
6	11
15	7
4	10
8	18
3	2
11	17
8	19
0	21
1	5
# tree 298
0	13
13	16
0	1
16	20
1	14
13	12
13	9
20	22
14	15
12	6
13	4
9	8
22	3
6	11
15	7
4	10
8	18
3	2
11	17
8	19
0	21
14	5
# tree 299
0	13
13	16
0	1
16	20
1	14
13	12
13	9
20	22
12	6
13	4
9	8
22	3
1	7
6	11
14	15
4	10
8	18
3	2
7	5
11	17
8	19
0	21
# tree 300
0	13
13	16
0	1
16	20
1	14
13	12
13	9
20	22
12	6
13	4
9	8
22	3
14	7
6	11
14	15
4	10
8	18
3	2
7	5
11	17
8	19
0	21
# tree 301
0	13
13	16
0	1
16	20
1	14
13	12
13	9
20	22
12	6
9	4
9	8
22	3
6	11
14	15
4	10
8	18
3	2
11	17
8	19
0	21
14	5
1	7
# tree 302
0	13
13	16
0	1
1	14
13	12
13	9
14	15
12	6
13	4
16	20
9	8
15	7
6	11
4	10
20	22
8	18
7	5
11	17
10	21
8	19
20	2
20	3
# tree 303
0	13
13	16
0	1
1	14
13	12
13	9
14	15
12	6
9	4
16	20
9	8
6	11
4	10
15	7
20	22
8	18
11	17
10	21
8	19
20	2
20	3
15	5
# tree 304
0	13
13	16
0	1
1	14
13	12
13	9
14	15
12	6
9	4
16	20
9	8
6	11
4	10
15	7
20	22
8	18
11	17
10	21
8	19
20	2
20	3
1	5
# tree 305
0	13
13	16
0	1
1	14
13	12
13	9
14	15
12	6
9	4
16	20
9	8
6	11
4	10
15	7
20	22
8	18
11	17
10	21
8	19
20	2
20	3
14	5
# tree 306
0	13
13	16
0	1
1	14
13	12
13	9
12	6
9	4
16	20
9	8
1	7
6	11
4	10
14	15
20	22
8	18
7	5
11	17
10	21
8	19
20	2
20	3
# tree 307
0	13
13	16
0	1
1	14
13	12
13	9
12	6
9	4
16	20
9	8
14	7
6	11
4	10
14	15
20	22
8	18
7	5
11	17
10	21
8	19
20	2
20	3
# tree 308
0	13
13	16
0	1
1	14
13	12
16	20
13	9
14	15
12	6
13	4
20	22
9	8
6	11
4	10
15	7
22	3
8	18
11	17
10	21
8	19
20	2
15	5
# tree 309
0	13
13	16
0	1
1	14
13	12
16	20
13	9
14	15
12	6
13	4
20	22
9	8
6	11
4	10
15	7
22	3
8	18
11	17
10	21
8	19
20	2
1	5
# tree 310
0	13
13	16
0	1
1	14
13	12
16	20
13	9
14	15
12	6
13	4
20	22
9	8
6	11
4	10
15	7
22	3
8	18
11	17
10	21
8	19
20	2
14	5
# tree 311
0	13
13	16
0	1
1	14
13	12
16	20
13	9
12	6
13	4
20	22
9	8
1	7
6	11
4	10
14	15
22	3
8	18
7	5
11	17
10	21
8	19
20	2
# tree 312
0	13
13	16
0	1
1	14
13	12
16	20
13	9
12	6
13	4
20	22
9	8
14	7
6	11
4	10
14	15
22	3
8	18
7	5
11	17
10	21
8	19
20	2
# tree 313
0	13
13	16
0	1
1	14
13	12
13	9
16	20
12	6
9	4
20	22
9	8
6	11
4	10
14	15
22	3
8	18
11	17
10	21
8	19
20	2
14	5
1	7
# tree 314
0	13
0	1
13	16
1	14
13	12
13	9
16	20
14	15
12	6
13	4
9	8
20	3
6	11
4	10
15	7
20	22
8	18
3	2
11	17
10	21
8	19
15	5
# tree 315
0	13
0	1
13	16
1	14
13	12
13	9
16	20
14	15
12	6
13	4
9	8
20	3
6	11
4	10
15	7
20	22
8	18
3	2
11	17
10	21
8	19
1	5
# tree 316
0	13
0	1
13	16
1	14
13	12
13	9
16	20
14	15
12	6
13	4
9	8
20	3
6	11
4	10
15	7
20	22
8	18
3	2
11	17
10	21
8	19
14	5
# tree 317
0	13
0	1
13	16
1	14
13	12
13	9
16	20
12	6
13	4
9	8
20	3
1	7
6	11
4	10
14	15
20	22
8	18
3	2
7	5
11	17
10	21
8	19
# tree 318
0	13
0	1
13	16
1	14
13	12
13	9
16	20
12	6
13	4
9	8
20	3
14	7
6	11
4	10
14	15
20	22
8	18
3	2
7	5
11	17
10	21
8	19
# tree 319
0	13
0	1
13	16
1	14
13	12
13	9
16	20
12	6
9	4
9	8
20	3
6	11
4	10
14	15
20	22
8	18
3	2
11	17
10	21
8	19
14	5
1	7
# tree 320
0	13
13	16
0	1
16	20
1	14
13	12
13	9
20	22
12	6
13	4
9	8
22	3
6	11
4	10
14	15
8	18
3	2
11	17
10	21
8	19
14	5
1	7
# tree 321
0	13
13	16
0	1
1	14
13	12
13	9
14	15
12	6
9	8
16	20
13	4
15	7
6	11
8	18
20	22
4	10
7	5
11	17
18	19
0	21
20	2
20	3
# tree 322
0	13
13	16
0	1
1	14
13	12
13	9
14	15
12	6
9	8
16	20
9	4
6	11
8	18
15	7
20	22
4	10
11	17
18	19
0	21
20	2
20	3
15	5
# tree 323
0	13
13	16
0	1
1	14
13	12
13	9
14	15
12	6
9	8
16	20
9	4
6	11
8	18
15	7
20	22
4	10
11	17
18	19
0	21
20	2
20	3
1	5
# tree 324
0	13
13	16
0	1
1	14
13	12
13	9
14	15
12	6
9	8
16	20
9	4
6	11
8	18
15	7
20	22
4	10
11	17
18	19
0	21
20	2
20	3
14	5
# tree 325
0	13
13	16
0	1
1	14
13	12
13	9
12	6
9	8
16	20
9	4
1	7
6	11
8	18
14	15
20	22
4	10
7	5
11	17
18	19
0	21
20	2
20	3
# tree 326
0	13
13	16
0	1
1	14
13	12
13	9
12	6
9	8
16	20
9	4
14	7
6	11
8	18
14	15
20	22
4	10
7	5
11	17
18	19
0	21
20	2
20	3
# tree 327
0	13
13	16
0	1
1	14
13	12
13	9
16	20
14	15
12	6
9	8
20	22
13	4
6	11
8	18
15	7
22	3
4	10
11	17
18	19
0	21
20	2
15	5
# tree 328
0	13
13	16
0	1
1	14
13	12
13	9
16	20
14	15
12	6
9	8
20	22
13	4
6	11
8	18
15	7
22	3
4	10
11	17
18	19
0	21
20	2
1	5
# tree 329
0	13
13	16
0	1
1	14
13	12
13	9
16	20
14	15
12	6
9	8
20	22
13	4
6	11
8	18
15	7
22	3
4	10
11	17
18	19
0	21
20	2
14	5
# tree 330
0	13
13	16
0	1
1	14
13	12
13	9
16	20
12	6
9	8
20	22
13	4
1	7
6	11
8	18
14	15
22	3
4	10
7	5
11	17
18	19
0	21
20	2
# tree 331
0	13
13	16
0	1
1	14
13	12
13	9
16	20
12	6
9	8
20	22
13	4
14	7
6	11
8	18
14	15
22	3
4	10
7	5
11	17
18	19
0	21
20	2
# tree 332
0	13
13	16
0	1
1	14
13	12
13	9
16	20
12	6
9	8
20	22
9	4
6	11
8	18
14	15
22	3
4	10
11	17
18	19
0	21
20	2
14	5
1	7
# tree 333
0	13
0	1
13	16
1	14
13	12
13	9
16	20
14	15
12	6
9	8
13	4
20	3
6	11
8	18
15	7
20	22
4	10
3	2
11	17
18	19
0	21
15	5
# tree 334
0	13
0	1
13	16
1	14
13	12
13	9
16	20
14	15
12	6
9	8
13	4
20	3
6	11
8	18
15	7
20	22
4	10
3	2
11	17
18	19
0	21
1	5
# tree 335
0	13
0	1
13	16
1	14
13	12
13	9
16	20
14	15
12	6
9	8
13	4
20	3
6	11
8	18
15	7
20	22
4	10
3	2
11	17
18	19
0	21
14	5
# tree 336
0	13
0	1
13	16
1	14
13	12
13	9
16	20
12	6
9	8
13	4
20	3
1	7
6	11
8	18
14	15
20	22
4	10
3	2
7	5
11	17
18	19
0	21
# tree 337
0	13
0	1
13	16
1	14
13	12
13	9
16	20
12	6
9	8
13	4
20	3
14	7
6	11
8	18
14	15
20	22
4	10
3	2
7	5
11	17
18	19
0	21
# tree 338
0	13
0	1
13	16
1	14
13	12
13	9
16	20
12	6
9	8
9	4
20	3
6	11
8	18
14	15
20	22
4	10
3	2
11	17
18	19
0	21
14	5
1	7
# tree 339
0	13
13	16
0	1
16	20
1	14
13	12
13	9
20	22
12	6
9	8
13	4
22	3
6	11
8	18
14	15
4	10
3	2
11	17
18	19
0	21
14	5
1	7
# tree 340
0	13
0	1
13	16
1	14
13	12
13	9
16	20
12	6
9	8
13	4
20	3
6	11
8	18
4	10
14	15
20	22
3	2
11	17
18	19
10	21
14	5
1	7
# tree 341
0	13
13	16
0	1
16	20
1	14
13	12
13	9
14	15
12	6
9	8
15	7
6	11
20	22
9	10
8	18
9	4
7	5
11	17
8	19
0	21
20	2
16	3
# tree 342
0	13
13	16
0	1
16	20
1	14
13	12
13	9
14	15
12	6
9	8
15	7
6	11
20	22
9	10
8	18
9	4
7	5
11	17
8	19
0	21
20	2
20	3
# tree 343
0	13
13	16
0	1
16	20
1	14
13	12
13	9
14	15
12	6
20	22
9	8
15	7
6	11
22	3
9	10
8	18
7	5
11	17
8	19
0	21
20	2
13	4
# tree 344
0	13
13	16
0	1
16	20
1	14
13	12
13	9
14	15
12	6
20	22
9	8
6	11
15	7
22	3
9	10
8	18
9	4
11	17
8	19
0	21
20	2
15	5
# tree 345
0	13
13	16
0	1
16	20
1	14
13	12
13	9
14	15
12	6
20	22
9	8
6	11
15	7
22	3
9	10
8	18
9	4
11	17
8	19
0	21
20	2
1	5
# tree 346
0	13
13	16
0	1
16	20
1	14
13	12
13	9
14	15
12	6
20	22
9	8
6	11
15	7
22	3
9	10
8	18
9	4
11	17
8	19
0	21
20	2
14	5
# tree 347
0	13
13	16
0	1
16	20
1	14
13	12
13	9
12	6
20	22
9	8
1	7
6	11
14	15
22	3
9	10
8	18
9	4
7	5
11	17
8	19
0	21
20	2
# tree 348
0	13
13	16
0	1
16	20
1	14
13	12
13	9
12	6
20	22
9	8
14	7
6	11
14	15
22	3
9	10
8	18
9	4
7	5
11	17
8	19
0	21
20	2
# tree 349
0	13
13	16
0	1
1	14
13	12
13	9
16	20
14	15
12	6
9	8
20	3
15	7
6	11
20	22
9	10
8	18
3	2
7	5
11	17
8	19
0	21
13	4
# tree 350
0	13
13	16
0	1
1	14
13	12
13	9
16	20
14	15
12	6
9	8
20	3
6	11
15	7
20	22
9	10
8	18
9	4
3	2
11	17
8	19
0	21
15	5
# tree 351
0	13
13	16
0	1
1	14
13	12
13	9
16	20
14	15
12	6
9	8
20	3
6	11
15	7
20	22
9	10
8	18
9	4
3	2
11	17
8	19
0	21
1	5
# tree 352
0	13
13	16
0	1
1	14
13	12
13	9
16	20
14	15
12	6
9	8
20	3
6	11
15	7
20	22
9	10
8	18
9	4
3	2
11	17
8	19
0	21
14	5
# tree 353
0	13
13	16
0	1
1	14
13	12
13	9
16	20
12	6
9	8
20	3
1	7
6	11
14	15
20	22
9	10
8	18
9	4
3	2
7	5
11	17
8	19
0	21
# tree 354
0	13
13	16
0	1
1	14
13	12
13	9
16	20
12	6
9	8
20	3
14	7
6	11
14	15
20	22
9	10
8	18
9	4
3	2
7	5
11	17
8	19
0	21
# tree 355
0	13
13	16
0	1
16	20
1	14
13	12
13	9
20	22
14	15
12	6
9	8
22	3
6	11
15	7
9	10
8	18
3	2
11	17
8	19
0	21
13	4
15	5
# tree 356
0	13
13	16
0	1
16	20
1	14
13	12
13	9
20	22
14	15
12	6
9	8
22	3
6	11
15	7
9	10
8	18
3	2
11	17
8	19
0	21
13	4
1	5
# tree 357
0	13
13	16
0	1
16	20
1	14
13	12
13	9
20	22
14	15
12	6
9	8
22	3
6	11
15	7
9	10
8	18
3	2
11	17
8	19
0	21
13	4
14	5
# tree 358
0	13
13	16
0	1
16	20
1	14
13	12
13	9
20	22
12	6
9	8
22	3
1	7
6	11
14	15
9	10
8	18
3	2
7	5
11	17
8	19
0	21
13	4
# tree 359
0	13
13	16
0	1
16	20
1	14
13	12
13	9
20	22
12	6
9	8
22	3
14	7
6	11
14	15
9	10
8	18
3	2
7	5
11	17
8	19
0	21
13	4
# tree 360
0	13
13	16
0	1
16	20
1	14
13	12
13	9
20	22
12	6
9	8
22	3
6	11
14	15
9	10
8	18
9	4
3	2
11	17
8	19
0	21
14	5
1	7
# tree 361
0	13
13	16
0	1
1	14
13	12
13	9
14	15
12	6
16	20
9	8
15	7
6	11
9	10
20	22
8	18
7	5
11	17
10	21
8	19
20	2
20	3
13	4
# tree 362
0	13
13	16
0	1
1	14
13	12
13	9
14	15
12	6
16	20
9	8
6	11
9	10
15	7
20	22
8	18
9	4
11	17
10	21
8	19
20	2
20	3
15	5
# tree 363
0	13
13	16
0	1
1	14
13	12
13	9
14	15
12	6
16	20
9	8
6	11
9	10
15	7
20	22
8	18
9	4
11	17
10	21
8	19
20	2
20	3
1	5
# tree 364
0	13
13	16
0	1
1	14
13	12
13	9
14	15
12	6
16	20
9	8
6	11
9	10
15	7
20	22
8	18
9	4
11	17
10	21
8	19
20	2
20	3
14	5
# tree 365
0	13
13	16
0	1
1	14
13	12
13	9
12	6
16	20
9	8
1	7
6	11
9	10
14	15
20	22
8	18
9	4
7	5
11	17
10	21
8	19
20	2
20	3
# tree 366
0	13
13	16
0	1
1	14
13	12
13	9
12	6
16	20
9	8
14	7
6	11
9	10
14	15
20	22
8	18
9	4
7	5
11	17
10	21
8	19
20	2
20	3
# tree 367
0	13
13	16
0	1
1	14
13	12
16	20
13	9
14	15
12	6
20	22
9	8
6	11
9	10
15	7
22	3
8	18
11	17
10	21
8	19
20	2
13	4
15	5
# tree 368
0	13
13	16
0	1
1	14
13	12
16	20
13	9
14	15
12	6
20	22
9	8
6	11
9	10
15	7
22	3
8	18
11	17
10	21
8	19
20	2
13	4
1	5
# tree 369
0	13
13	16
0	1
1	14
13	12
16	20
13	9
14	15
12	6
20	22
9	8
6	11
9	10
15	7
22	3
8	18
11	17
10	21
8	19
20	2
13	4
14	5
# tree 370
0	13
13	16
0	1
1	14
13	12
16	20
13	9
12	6
20	22
9	8
1	7
6	11
9	10
14	15
22	3
8	18
7	5
11	17
10	21
8	19
20	2
13	4
# tree 371
0	13
13	16
0	1
1	14
13	12
16	20
13	9
12	6
20	22
9	8
14	7
6	11
9	10
14	15
22	3
8	18
7	5
11	17
10	21
8	19
20	2
13	4
# tree 372
0	13
13	16
0	1
1	14
13	12
16	20
13	9
12	6
20	22
9	8
6	11
9	10
14	15
22	3
8	18
9	4
11	17
10	21
8	19
20	2
14	5
1	7
# tree 373
0	13
0	1
13	16
1	14
13	12
13	9
16	20
14	15
12	6
9	8
20	3
6	11
9	10
15	7
20	22
8	18
3	2
11	17
10	21
8	19
13	4
15	5
# tree 374
0	13
0	1
13	16
1	14
13	12
13	9
16	20
14	15
12	6
9	8
20	3
6	11
9	10
15	7
20	22
8	18
3	2
11	17
10	21
8	19
13	4
1	5
# tree 375
0	13
0	1
13	16
1	14
13	12
13	9
16	20
14	15
12	6
9	8
20	3
6	11
9	10
15	7
20	22
8	18
3	2
11	17
10	21
8	19
13	4
14	5
# tree 376
0	13
0	1
13	16
1	14
13	12
13	9
16	20
12	6
9	8
20	3
1	7
6	11
9	10
14	15
20	22
8	18
3	2
7	5
11	17
10	21
8	19
13	4
# tree 377
0	13
0	1
13	16
1	14
13	12
13	9
16	20
12	6
9	8
20	3
14	7
6	11
9	10
14	15
20	22
8	18
3	2
7	5
11	17
10	21
8	19
13	4
# tree 378
0	13
0	1
13	16
1	14
13	12
13	9
16	20
12	6
9	8
20	3
6	11
9	10
14	15
20	22
8	18
9	4
3	2
11	17
10	21
8	19
14	5
1	7
# tree 379
0	13
13	16
0	1
16	20
1	14
13	12
13	9
20	22
12	6
9	8
22	3
6	11
9	10
14	15
8	18
3	2
11	17
10	21
8	19
13	4
14	5
1	7
# tree 380
0	13
13	16
0	1
1	14
13	12
13	9
14	15
12	6
9	8
16	20
15	7
6	11
8	18
20	22
9	10
7	5
11	17
18	19
0	21
20	2
20	3
13	4
# tree 381
0	13
13	16
0	1
1	14
13	12
13	9
14	15
12	6
9	8
16	20
6	11
8	18
15	7
20	22
9	10
9	4
11	17
18	19
0	21
20	2
20	3
15	5
# tree 382
0	13
13	16
0	1
1	14
13	12
13	9
14	15
12	6
9	8
16	20
6	11
8	18
15	7
20	22
9	10
9	4
11	17
18	19
0	21
20	2
20	3
1	5
# tree 383
0	13
13	16
0	1
1	14
13	12
13	9
14	15
12	6
9	8
16	20
6	11
8	18
15	7
20	22
9	10
9	4
11	17
18	19
0	21
20	2
20	3
14	5
# tree 384
0	13
13	16
0	1
1	14
13	12
13	9
12	6
9	8
16	20
1	7
6	11
8	18
14	15
20	22
9	10
9	4
7	5
11	17
18	19
0	21
20	2
20	3
# tree 385
0	13
13	16
0	1
1	14
13	12
13	9
12	6
9	8
16	20
14	7
6	11
8	18
14	15
20	22
9	10
9	4
7	5
11	17
18	19
0	21
20	2
20	3
# tree 386
0	13
13	16
0	1
1	14
13	12
13	9
16	20
14	15
12	6
9	8
20	22
6	11
8	18
15	7
22	3
9	10
11	17
18	19
0	21
20	2
13	4
15	5
# tree 387
0	13
13	16
0	1
1	14
13	12
13	9
16	20
14	15
12	6
9	8
20	22
6	11
8	18
15	7
22	3
9	10
11	17
18	19
0	21
20	2
13	4
1	5
# tree 388
0	13
13	16
0	1
1	14
13	12
13	9
16	20
14	15
12	6
9	8
20	22
6	11
8	18
15	7
22	3
9	10
11	17
18	19
0	21
20	2
13	4
14	5
# tree 389
0	13
13	16
0	1
1	14
13	12
13	9
16	20
12	6
9	8
20	22
1	7
6	11
8	18
14	15
22	3
9	10
7	5
11	17
18	19
0	21
20	2
13	4
# tree 390
0	13
13	16
0	1
1	14
13	12
13	9
16	20
12	6
9	8
20	22
14	7
6	11
8	18
14	15
22	3
9	10
7	5
11	17
18	19
0	21
20	2
13	4
# tree 391
0	13
13	16
0	1
1	14
13	12
13	9
16	20
12	6
9	8
20	22
6	11
8	18
14	15
22	3
9	10
9	4
11	17
18	19
0	21
20	2
14	5
1	7
# tree 392
0	13
0	1
13	16
1	14
13	12
13	9
16	20
14	15
12	6
9	8
20	3
6	11
8	18
15	7
20	22
9	10
3	2
11	17
18	19
0	21
13	4
15	5
# tree 393
0	13
0	1
13	16
1	14
13	12
13	9
16	20
14	15
12	6
9	8
20	3
6	11
8	18
15	7
20	22
9	10
3	2
11	17
18	19
0	21
13	4
1	5
# tree 394
0	13
0	1
13	16
1	14
13	12
13	9
16	20
14	15
12	6
9	8
20	3
6	11
8	18
15	7
20	22
9	10
3	2
11	17
18	19
0	21
13	4
14	5
# tree 395
0	13
0	1
13	16
1	14
13	12
13	9
16	20
12	6
9	8
20	3
1	7
6	11
8	18
14	15
20	22
9	10
3	2
7	5
11	17
18	19
0	21
13	4
# tree 396
0	13
0	1
13	16
1	14
13	12
13	9
16	20
12	6
9	8
20	3
14	7
6	11
8	18
14	15
20	22
9	10
3	2
7	5
11	17
18	19
0	21
13	4
# tree 397
0	13
0	1
13	16
1	14
13	12
13	9
16	20
12	6
9	8
20	3
6	11
8	18
14	15
20	22
9	10
9	4
3	2
11	17
18	19
0	21
14	5
1	7
# tree 398
0	13
13	16
0	1
16	20
1	14
13	12
13	9
20	22
12	6
9	8
22	3
6	11
8	18
14	15
9	10
3	2
11	17
18	19
0	21
13	4
14	5
1	7
# tree 399
0	13
0	1
1	14
13	12
13	9
13	16
14	15
12	6
9	8
16	20
6	11
8	18
9	10
15	7
20	22
11	17
18	19
10	21
20	2
20	3
13	4
15	5
# tree 400
0	13
0	1
1	14
13	12
13	9
13	16
14	15
12	6
9	8
16	20
6	11
8	18
9	10
15	7
20	22
11	17
18	19
10	21
20	2
20	3
13	4
1	5
# tree 401
0	13
0	1
1	14
13	12
13	9
13	16
14	15
12	6
9	8
16	20
6	11
8	18
9	10
15	7
20	22
11	17
18	19
10	21
20	2
20	3
13	4
14	5
# tree 402
0	13
0	1
1	14
13	12
13	9
13	16
12	6
9	8
16	20
1	7
6	11
8	18
9	10
14	15
20	22
7	5
11	17
18	19
10	21
20	2
20	3
13	4
# tree 403
0	13
0	1
1	14
13	12
13	9
13	16
12	6
9	8
16	20
14	7
6	11
8	18
9	10
14	15
20	22
7	5
11	17
18	19
10	21
20	2
20	3
13	4
# tree 404
0	13
0	1
1	14
13	12
13	9
13	16
12	6
9	8
16	20
6	11
8	18
9	10
14	15
20	22
9	4
11	17
18	19
10	21
20	2
20	3
14	5
1	7
# tree 405
0	13
0	1
13	16
1	14
13	12
13	9
16	20
12	6
9	8
20	22
6	11
8	18
9	10
14	15
22	3
11	17
18	19
10	21
20	2
13	4
14	5
1	7
# tree 406
0	13
0	1
13	16
1	14
13	12
13	9
16	20
12	6
9	8
20	3
6	11
8	18
9	10
14	15
20	22
3	2
11	17
18	19
10	21
13	4
14	5
1	7
# tree 407
0	13
0	1
1	14
13	12
13	9
13	16
14	15
12	6
9	8
13	4
16	20
6	11
8	18
4	10
15	7
20	22
11	17
18	19
10	21
20	2
20	3
15	5
# tree 408
0	13
0	1
1	14
13	12
13	9
13	16
14	15
12	6
9	8
13	4
16	20
6	11
8	18
4	10
15	7
20	22
11	17
18	19
10	21
20	2
20	3
1	5
# tree 409
0	13
0	1
1	14
13	12
13	9
13	16
14	15
12	6
9	8
13	4
16	20
6	11
8	18
4	10
15	7
20	22
11	17
18	19
10	21
20	2
20	3
14	5
# tree 410
0	13
0	1
1	14
13	12
13	9
13	16
12	6
9	8
13	4
16	20
1	7
6	11
8	18
4	10
14	15
20	22
7	5
11	17
18	19
10	21
20	2
20	3
# tree 411
0	13
0	1
1	14
13	12
13	9
13	16
12	6
9	8
13	4
16	20
14	7
6	11
8	18
4	10
14	15
20	22
7	5
11	17
18	19
10	21
20	2
20	3
# tree 412
0	13
0	1
1	14
13	12
13	9
13	16
12	6
9	8
9	4
16	20
6	11
8	18
4	10
14	15
20	22
11	17
18	19
10	21
20	2
20	3
14	5
1	7
# tree 413
0	13
0	1
13	16
1	14
13	12
13	9
16	20
12	6
9	8
13	4
20	22
6	11
8	18
4	10
14	15
22	3
11	17
18	19
10	21
20	2
14	5
1	7
# tree 414
0	13
13	16
0	1
1	14
13	12
13	9
14	15
12	6
16	20
13	4
9	8
15	7
6	11
20	22
4	10
8	18
7	5
11	17
8	19
0	21
20	2
20	3
# tree 415
0	13
13	16
0	1
1	14
13	12
13	9
14	15
12	6
16	20
9	4
9	8
6	11
15	7
20	22
4	10
8	18
11	17
8	19
0	21
20	2
20	3
15	5
# tree 416
0	13
13	16
0	1
1	14
13	12
13	9
14	15
12	6
16	20
9	4
9	8
6	11
15	7
20	22
4	10
8	18
11	17
8	19
0	21
20	2
20	3
1	5
# tree 417
0	13
13	16
0	1
1	14
13	12
13	9
14	15
12	6
16	20
9	4
9	8
6	11
15	7
20	22
4	10
8	18
11	17
8	19
0	21
20	2
20	3
14	5
# tree 418
0	13
13	16
0	1
1	14
13	12
13	9
12	6
16	20
9	4
9	8
1	7
6	11
14	15
20	22
4	10
8	18
7	5
11	17
8	19
0	21
20	2
20	3
# tree 419
0	13
13	16
0	1
1	14
13	12
13	9
12	6
16	20
9	4
9	8
14	7
6	11
14	15
20	22
4	10
8	18
7	5
11	17
8	19
0	21
20	2
20	3
# tree 420
0	13
13	16
0	1
1	14
13	12
16	20
13	9
14	15
12	6
20	22
13	4
9	8
6	11
15	7
22	3
4	10
8	18
11	17
8	19
0	21
20	2
15	5
# tree 421
0	13
13	16
0	1
1	14
13	12
16	20
13	9
14	15
12	6
20	22
13	4
9	8
6	11
15	7
22	3
4	10
8	18
11	17
8	19
0	21
20	2
1	5
# tree 422
0	13
13	16
0	1
1	14
13	12
16	20
13	9
14	15
12	6
20	22
13	4
9	8
6	11
15	7
22	3
4	10
8	18
11	17
8	19
0	21
20	2
14	5
# tree 423
0	13
13	16
0	1
1	14
13	12
16	20
13	9
12	6
20	22
13	4
9	8
1	7
6	11
14	15
22	3
4	10
8	18
7	5
11	17
8	19
0	21
20	2
# tree 424
0	13
13	16
0	1
1	14
13	12
16	20
13	9
12	6
20	22
13	4
9	8
14	7
6	11
14	15
22	3
4	10
8	18
7	5
11	17
8	19
0	21
20	2
# tree 425
0	13
13	16
0	1
1	14
13	12
16	20
13	9
12	6
20	22
9	4
9	8
6	11
14	15
22	3
4	10
8	18
11	17
8	19
0	21
20	2
14	5
1	7
# tree 426
0	13
0	1
13	16
1	14
13	12
13	9
16	20
14	15
12	6
13	4
9	8
20	3
6	11
15	7
20	22
4	10
8	18
3	2
11	17
8	19
0	21
15	5
# tree 427
0	13
0	1
13	16
1	14
13	12
13	9
16	20
14	15
12	6
13	4
9	8
20	3
6	11
15	7
20	22
4	10
8	18
3	2
11	17
8	19
0	21
1	5
# tree 428
0	13
0	1
13	16
1	14
13	12
13	9
16	20
14	15
12	6
13	4
9	8
20	3
6	11
15	7
20	22
4	10
8	18
3	2
11	17
8	19
0	21
14	5
# tree 429
0	13
0	1
13	16
1	14
13	12
13	9
16	20
12	6
13	4
9	8
20	3
1	7
6	11
14	15
20	22
4	10
8	18
3	2
7	5
11	17
8	19
0	21
# tree 430
0	13
0	1
13	16
1	14
13	12
13	9
16	20
12	6
13	4
9	8
20	3
14	7
6	11
14	15
20	22
4	10
8	18
3	2
7	5
11	17
8	19
0	21
# tree 431
0	13
0	1
13	16
1	14
13	12
13	9
16	20
12	6
9	4
9	8
20	3
6	11
14	15
20	22
4	10
8	18
3	2
11	17
8	19
0	21
14	5
1	7
# tree 432
0	13
13	16
0	1
16	20
1	14
13	12
13	9
20	22
12	6
13	4
9	8
22	3
6	11
14	15
4	10
8	18
3	2
11	17
8	19
0	21
14	5
1	7
# tree 433
0	13
0	1
1	14
13	12
13	16
13	9
14	15
12	6
13	4
16	20
9	8
6	11
4	10
15	7
20	22
8	18
11	17
10	21
8	19
20	2
20	3
15	5
# tree 434
0	13
0	1
1	14
13	12
13	16
13	9
14	15
12	6
13	4
16	20
9	8
6	11
4	10
15	7
20	22
8	18
11	17
10	21
8	19
20	2
20	3
1	5
# tree 435
0	13
0	1
1	14
13	12
13	16
13	9
14	15
12	6
13	4
16	20
9	8
6	11
4	10
15	7
20	22
8	18
11	17
10	21
8	19
20	2
20	3
14	5
# tree 436
0	13
0	1
1	14
13	12
13	16
13	9
12	6
13	4
16	20
9	8
1	7
6	11
4	10
14	15
20	22
8	18
7	5
11	17
10	21
8	19
20	2
20	3
# tree 437
0	13
0	1
1	14
13	12
13	16
13	9
12	6
13	4
16	20
9	8
14	7
6	11
4	10
14	15
20	22
8	18
7	5
11	17
10	21
8	19
20	2
20	3
# tree 438
0	13
0	1
1	14
13	12
13	9
13	16
12	6
9	4
16	20
9	8
6	11
4	10
14	15
20	22
8	18
11	17
10	21
8	19
20	2
20	3
14	5
1	7
# tree 439
0	13
0	1
13	16
1	14
13	12
16	20
13	9
12	6
13	4
20	22
9	8
6	11
4	10
14	15
22	3
8	18
11	17
10	21
8	19
20	2
14	5
1	7
# tree 440
0	13
0	1
13	16
1	14
13	12
13	9
16	20
12	6
13	4
9	8
20	3
6	11
4	10
14	15
20	22
8	18
3	2
11	17
10	21
8	19
14	5
1	7
# tree 441
0	13
0	1
1	14
13	12
13	9
13	16
14	15
12	6
9	8
16	20
13	4
6	11
8	18
15	7
20	22
4	10
11	17
18	19
0	21
20	2
20	3
15	5
# tree 442
0	13
0	1
1	14
13	12
13	9
13	16
14	15
12	6
9	8
16	20
13	4
6	11
8	18
15	7
20	22
4	10
11	17
18	19
0	21
20	2
20	3
1	5
# tree 443
0	13
0	1
1	14
13	12
13	9
13	16
14	15
12	6
9	8
16	20
13	4
6	11
8	18
15	7
20	22
4	10
11	17
18	19
0	21
20	2
20	3
14	5
# tree 444
0	13
0	1
1	14
13	12
13	9
13	16
12	6
9	8
16	20
13	4
1	7
6	11
8	18
14	15
20	22
4	10
7	5
11	17
18	19
0	21
20	2
20	3
# tree 445
0	13
0	1
1	14
13	12
13	9
13	16
12	6
9	8
16	20
13	4
14	7
6	11
8	18
14	15
20	22
4	10
7	5
11	17
18	19
0	21
20	2
20	3
# tree 446
0	13
0	1
1	14
13	12
13	9
13	16
12	6
9	8
16	20
9	4
6	11
8	18
14	15
20	22
4	10
11	17
18	19
0	21
20	2
20	3
14	5
1	7
# tree 447
0	13
0	1
13	16
1	14
13	12
13	9
16	20
12	6
9	8
20	22
13	4
6	11
8	18
14	15
22	3
4	10
11	17
18	19
0	21
20	2
14	5
1	7
# tree 448
0	13
0	1
13	16
1	14
13	12
13	9
16	20
12	6
9	8
13	4
20	3
6	11
8	18
14	15
20	22
4	10
3	2
11	17
18	19
0	21
14	5
1	7
