### 679 trees
# tree 1
1	2
2	5
18	9
9	10
2	11
17	13
1	14
23	15
23	17
23	18
2	23
14	4
15	6
10	7
5	12
15	16
11	19
5	20
9	21
13	22
# tree 2
1	2
23	18
18	9
23	17
2	23
1	14
9	10
2	5
23	15
2	11
17	13
14	4
10	7
5	12
15	16
11	19
5	20
9	21
13	22
23	6
# tree 3
1	2
23	18
18	9
23	17
2	23
1	14
9	10
2	5
23	15
2	11
17	13
14	4
10	7
5	12
15	16
11	19
5	20
9	21
13	22
2	6
# tree 4
1	2
23	18
18	9
23	17
2	23
1	14
23	15
2	5
2	11
17	13
9	10
14	4
15	6
5	12
15	16
11	19
5	20
9	21
13	22
18	7
# tree 5
1	2
23	18
18	9
23	17
2	23
1	14
23	15
2	5
2	11
17	13
9	10
14	4
15	6
5	12
15	16
11	19
5	20
9	21
13	22
9	7
# tree 6
1	2
23	18
18	9
23	17
2	23
1	14
23	15
2	5
2	11
17	13
9	10
14	4
15	6
5	12
15	16
11	19
5	20
9	21
13	22
23	7
# tree 7
1	2
23	18
18	9
23	17
2	23
1	14
23	15
2	5
2	11
17	13
9	10
14	4
15	6
5	12
15	16
11	19
5	20
9	21
13	22
2	7
# tree 8
1	2
23	18
23	17
2	23
1	14
23	15
18	10
2	5
2	11
18	9
17	13
14	4
15	6
10	7
5	12
15	16
11	19
5	20
9	21
13	22
# tree 9
1	2
23	18
18	9
23	17
2	23
1	14
23	15
9	10
2	11
2	5
17	13
14	4
15	6
10	7
15	16
11	19
5	20
9	21
13	22
2	12
# tree 10
1	2
23	18
18	9
2	23
1	14
23	15
9	10
2	5
2	11
23	13
23	17
14	4
15	6
10	7
5	12
15	16
11	19
5	20
9	21
13	22
# tree 11
1	2
23	18
18	9
2	23
1	14
23	15
9	10
2	5
2	11
2	13
23	17
14	4
15	6
10	7
5	12
15	16
11	19
5	20
9	21
13	22
# tree 12
1	2
23	18
18	9
23	17
2	23
1	14
23	15
9	10
2	5
2	11
17	13
14	4
15	6
10	7
5	12
11	19
5	20
9	21
13	22
23	16
# tree 13
1	2
23	18
18	9
23	17
2	23
1	14
23	15
9	10
2	5
2	11
17	13
14	4
15	6
10	7
5	12
11	19
5	20
9	21
13	22
2	16
# tree 14
1	2
23	18
18	9
23	17
2	23
1	14
23	15
9	10
2	5
2	11
17	13
14	4
15	6
10	7
5	12
15	16
11	19
5	20
13	22
18	21
# tree 15
1	2
23	18
18	9
23	17
2	23
1	14
23	15
9	10
2	5
2	11
17	13
14	4
15	6
10	7
5	12
15	16
11	19
5	20
13	22
23	21
# tree 16
1	2
23	18
18	9
23	17
2	23
1	14
23	15
9	10
2	5
2	11
17	13
14	4
15	6
10	7
5	12
15	16
11	19
5	20
13	22
2	21
# tree 17
1	2
23	18
18	9
23	17
2	23
1	14
23	15
9	10
2	5
2	11
17	13
14	4
15	6
10	7
5	12
15	16
11	19
5	20
9	21
17	22
# tree 18
1	2
23	18
18	9
23	17
2	23
1	14
23	15
9	10
2	5
2	11
17	13
14	4
15	6
10	7
5	12
15	16
11	19
5	20
9	21
23	22
# tree 19
1	2
23	18
18	9
23	17
2	23
1	14
23	15
9	10
2	5
2	11
17	13
14	4
15	6
10	7
5	12
15	16
11	19
5	20
9	21
2	22
# tree 20
2	23
1	2
23	18
23	17
1	14
23	15
18	10
2	11
2	5
18	9
17	13
14	4
15	6
10	7
15	16
11	19
5	20
9	21
13	22
2	12
# tree 21
2	23
1	2
23	18
1	14
23	15
18	10
2	5
2	11
18	9
23	13
23	17
14	4
15	6
10	7
5	12
15	16
11	19
5	20
9	21
13	22
# tree 22
2	23
1	2
23	18
1	14
23	15
18	10
2	5
2	11
18	9
2	13
23	17
14	4
15	6
10	7
5	12
15	16
11	19
5	20
9	21
13	22
# tree 23
2	23
1	2
23	18
23	17
1	14
23	15
18	10
2	5
2	11
18	9
17	13
14	4
15	6
10	7
5	12
11	19
5	20
9	21
13	22
23	16
# tree 24
2	23
1	2
23	18
23	17
1	14
23	15
18	10
2	5
2	11
18	9
17	13
14	4
15	6
10	7
5	12
11	19
5	20
9	21
13	22
2	16
# tree 25
2	23
1	2
23	18
23	17
1	14
23	15
18	10
2	5
2	11
17	13
18	9
14	4
15	6
10	7
5	12
15	16
11	19
5	20
13	22
18	21
# tree 26
2	23
1	2
23	18
23	17
1	14
23	15
18	10
2	5
2	11
17	13
18	9
14	4
15	6
10	7
5	12
15	16
11	19
5	20
13	22
23	21
# tree 27
2	23
1	2
23	18
23	17
1	14
23	15
18	10
2	5
2	11
17	13
18	9
14	4
15	6
10	7
5	12
15	16
11	19
5	20
13	22
2	21
# tree 28
2	23
1	2
23	18
23	17
1	14
23	15
18	10
2	5
2	11
18	9
17	13
14	4
15	6
10	7
5	12
15	16
11	19
5	20
9	21
17	22
# tree 29
2	23
1	2
23	18
23	17
1	14
23	15
18	10
2	5
2	11
18	9
17	13
14	4
15	6
10	7
5	12
15	16
11	19
5	20
9	21
23	22
# tree 30
2	23
1	2
23	18
23	17
1	14
23	15
18	10
2	5
2	11
18	9
17	13
14	4
15	6
10	7
5	12
15	16
11	19
5	20
9	21
2	22
# tree 31
2	23
1	2
23	18
23	17
1	14
18	10
2	5
23	15
2	11
18	9
17	13
14	4
10	7
5	12
15	16
11	19
5	20
9	21
13	22
23	6
# tree 32
2	23
1	2
23	18
23	17
1	14
18	10
2	5
23	15
2	11
18	9
17	13
14	4
10	7
5	12
15	16
11	19
5	20
9	21
13	22
2	6
# tree 33
2	23
1	2
23	18
23	17
1	14
23	15
2	5
2	11
18	9
17	13
18	10
14	4
15	6
5	12
15	16
11	19
5	20
9	21
13	22
18	7
# tree 34
2	23
1	2
23	18
23	17
1	14
23	15
2	5
2	11
18	9
17	13
18	10
14	4
15	6
5	12
15	16
11	19
5	20
9	21
13	22
9	7
# tree 35
2	23
1	2
23	18
23	17
1	14
23	15
2	5
2	11
18	9
17	13
18	10
14	4
15	6
5	12
15	16
11	19
5	20
9	21
13	22
23	7
# tree 36
2	23
1	2
23	18
23	17
1	14
23	15
2	5
2	11
18	9
17	13
18	10
14	4
15	6
5	12
15	16
11	19
5	20
9	21
13	22
2	7
# tree 37
2	23
23	18
1	2
18	9
1	14
23	15
9	10
2	11
2	5
23	13
23	17
14	4
15	6
10	7
15	16
11	19
5	20
9	21
13	22
2	12
# tree 38
2	23
23	18
1	2
18	9
1	14
23	15
9	10
2	11
2	5
2	13
23	17
14	4
15	6
10	7
15	16
11	19
5	20
9	21
13	22
2	12
# tree 39
2	23
23	18
1	2
18	9
23	17
1	14
23	15
9	10
2	11
2	5
17	13
14	4
15	6
10	7
11	19
5	20
9	21
13	22
2	12
23	16
# tree 40
2	23
23	18
1	2
18	9
23	17
1	14
23	15
9	10
2	11
2	5
17	13
14	4
15	6
10	7
11	19
5	20
9	21
13	22
2	12
2	16
# tree 41
2	23
23	18
1	2
18	9
23	17
1	14
23	15
9	10
2	11
2	5
17	13
14	4
15	6
10	7
15	16
11	19
5	20
13	22
2	12
18	21
# tree 42
2	23
23	18
1	2
18	9
23	17
1	14
23	15
9	10
2	11
2	5
17	13
14	4
15	6
10	7
15	16
11	19
5	20
13	22
2	12
23	21
# tree 43
2	23
23	18
1	2
18	9
23	17
1	14
23	15
9	10
2	11
2	5
17	13
14	4
15	6
10	7
15	16
11	19
5	20
13	22
2	12
2	21
# tree 44
2	23
23	18
1	2
18	9
23	17
1	14
23	15
9	10
2	11
2	5
17	13
14	4
15	6
10	7
15	16
11	19
5	20
9	21
2	12
17	22
# tree 45
2	23
23	18
1	2
18	9
23	17
1	14
23	15
9	10
2	11
2	5
17	13
14	4
15	6
10	7
15	16
11	19
5	20
9	21
2	12
23	22
# tree 46
2	23
23	18
1	2
18	9
23	17
1	14
23	15
9	10
2	11
2	5
17	13
14	4
15	6
10	7
15	16
11	19
5	20
9	21
2	12
2	22
# tree 47
2	23
23	18
1	2
18	9
23	17
1	14
9	10
23	15
2	11
2	5
17	13
14	4
10	7
15	16
11	19
5	20
9	21
13	22
2	12
23	6
# tree 48
2	23
23	18
1	2
18	9
23	17
1	14
9	10
23	15
2	11
2	5
17	13
14	4
10	7
15	16
11	19
5	20
9	21
13	22
2	12
2	6
# tree 49
2	23
23	18
1	2
18	9
23	17
1	14
23	15
2	11
2	5
17	13
9	10
14	4
15	6
15	16
11	19
5	20
9	21
13	22
2	12
18	7
# tree 50
2	23
23	18
1	2
18	9
23	17
1	14
23	15
2	11
2	5
17	13
9	10
14	4
15	6
15	16
11	19
5	20
9	21
13	22
2	12
9	7
# tree 51
2	23
23	18
1	2
18	9
23	17
1	14
23	15
2	11
2	5
17	13
9	10
14	4
15	6
15	16
11	19
5	20
9	21
13	22
2	12
23	7
# tree 52
2	23
23	18
1	2
18	9
23	17
1	14
23	15
2	11
2	5
17	13
9	10
14	4
15	6
15	16
11	19
5	20
9	21
13	22
2	12
2	7
# tree 53
2	23
23	18
1	2
18	9
1	14
23	15
9	10
2	5
2	11
2	13
23	17
14	4
15	6
10	7
5	12
11	19
5	20
9	21
13	22
23	16
# tree 54
2	23
23	18
1	2
18	9
1	14
23	15
9	10
2	5
2	11
2	13
23	17
14	4
15	6
10	7
5	12
11	19
5	20
9	21
13	22
2	16
# tree 55
2	23
23	18
1	2
18	9
1	14
23	15
9	10
2	5
2	11
2	13
23	17
14	4
15	6
10	7
5	12
15	16
11	19
5	20
13	22
18	21
# tree 56
2	23
23	18
1	2
18	9
1	14
23	15
9	10
2	5
2	11
2	13
23	17
14	4
15	6
10	7
5	12
15	16
11	19
5	20
13	22
23	21
# tree 57
2	23
23	18
1	2
18	9
1	14
23	15
9	10
2	5
2	11
2	13
23	17
14	4
15	6
10	7
5	12
15	16
11	19
5	20
13	22
2	21
# tree 58
2	23
23	18
1	2
18	9
1	14
23	15
9	10
2	5
2	11
23	17
2	13
14	4
15	6
10	7
5	12
15	16
11	19
5	20
9	21
17	22
# tree 59
2	23
23	18
1	2
18	9
1	14
23	15
9	10
2	5
2	11
2	13
23	17
14	4
15	6
10	7
5	12
15	16
11	19
5	20
9	21
23	22
# tree 60
2	23
23	18
1	2
18	9
1	14
23	15
9	10
2	5
2	11
2	13
23	17
14	4
15	6
10	7
5	12
15	16
11	19
5	20
9	21
2	22
# tree 61
2	23
23	18
1	2
18	9
1	14
9	10
2	5
23	15
2	11
2	13
23	17
14	4
10	7
5	12
15	16
11	19
5	20
9	21
13	22
23	6
# tree 62
2	23
23	18
1	2
18	9
1	14
9	10
2	5
23	15
2	11
2	13
23	17
14	4
10	7
5	12
15	16
11	19
5	20
9	21
13	22
2	6
# tree 63
2	23
23	18
1	2
18	9
1	14
23	15
2	5
2	11
2	13
9	10
23	17
14	4
15	6
5	12
15	16
11	19
5	20
9	21
13	22
18	7
# tree 64
2	23
23	18
1	2
18	9
1	14
23	15
2	5
2	11
2	13
9	10
23	17
14	4
15	6
5	12
15	16
11	19
5	20
9	21
13	22
9	7
# tree 65
2	23
23	18
1	2
18	9
1	14
23	15
2	5
2	11
2	13
9	10
23	17
14	4
15	6
5	12
15	16
11	19
5	20
9	21
13	22
23	7
# tree 66
2	23
23	18
1	2
18	9
1	14
23	15
2	5
2	11
2	13
9	10
23	17
14	4
15	6
5	12
15	16
11	19
5	20
9	21
13	22
2	7
# tree 67
2	23
23	18
1	2
18	9
23	17
1	14
23	15
9	10
2	5
2	11
17	13
14	4
15	6
10	7
5	12
11	19
5	20
13	22
2	16
18	21
# tree 68
2	23
23	18
1	2
18	9
23	17
1	14
23	15
9	10
2	5
2	11
17	13
14	4
15	6
10	7
5	12
11	19
5	20
13	22
2	16
23	21
# tree 69
2	23
23	18
1	2
18	9
23	17
1	14
23	15
9	10
2	5
2	11
17	13
14	4
15	6
10	7
5	12
11	19
5	20
13	22
2	16
2	21
# tree 70
2	23
23	18
1	2
18	9
23	17
1	14
23	15
9	10
2	5
2	11
17	13
14	4
15	6
10	7
5	12
11	19
5	20
9	21
2	16
17	22
# tree 71
2	23
23	18
1	2
18	9
23	17
1	14
23	15
9	10
2	5
2	11
17	13
14	4
15	6
10	7
5	12
11	19
5	20
9	21
2	16
23	22
# tree 72
2	23
23	18
1	2
18	9
23	17
1	14
23	15
9	10
2	5
2	11
17	13
14	4
15	6
10	7
5	12
11	19
5	20
9	21
2	16
2	22
# tree 73
2	23
23	18
1	2
18	9
23	17
1	14
9	10
2	5
2	11
17	13
23	15
14	4
10	7
5	12
11	19
5	20
9	21
13	22
2	16
23	6
# tree 74
2	23
23	18
1	2
18	9
23	17
1	14
9	10
2	5
2	11
17	13
23	15
14	4
10	7
5	12
11	19
5	20
9	21
13	22
2	16
2	6
# tree 75
2	23
23	18
1	2
18	9
23	17
1	14
23	15
2	5
2	11
17	13
9	10
14	4
15	6
5	12
11	19
5	20
9	21
13	22
2	16
18	7
# tree 76
2	23
23	18
1	2
18	9
23	17
1	14
23	15
2	5
2	11
17	13
9	10
14	4
15	6
5	12
11	19
5	20
9	21
13	22
2	16
9	7
# tree 77
2	23
23	18
1	2
18	9
23	17
1	14
23	15
2	5
2	11
17	13
9	10
14	4
15	6
5	12
11	19
5	20
9	21
13	22
2	16
23	7
# tree 78
2	23
23	18
1	2
18	9
23	17
1	14
23	15
2	5
2	11
17	13
9	10
14	4
15	6
5	12
11	19
5	20
9	21
13	22
2	16
2	7
# tree 79
2	23
23	18
1	2
18	9
23	17
1	14
23	15
9	10
2	5
2	11
17	13
14	4
15	6
10	7
5	12
15	16
11	19
5	20
2	21
17	22
# tree 80
2	23
23	18
1	2
18	9
23	17
1	14
23	15
9	10
2	5
2	11
17	13
14	4
15	6
10	7
5	12
15	16
11	19
5	20
2	21
23	22
# tree 81
2	23
23	18
1	2
18	9
23	17
1	14
23	15
9	10
2	5
2	11
17	13
14	4
15	6
10	7
5	12
15	16
11	19
5	20
2	21
2	22
# tree 82
2	23
23	18
1	2
18	9
23	17
1	14
9	10
2	5
23	15
2	11
17	13
14	4
10	7
5	12
15	16
11	19
5	20
13	22
2	21
23	6
# tree 83
2	23
23	18
1	2
18	9
23	17
1	14
9	10
2	5
23	15
2	11
17	13
14	4
10	7
5	12
15	16
11	19
5	20
13	22
2	21
2	6
# tree 84
2	23
23	18
1	2
18	9
23	17
1	14
23	15
2	5
2	11
17	13
9	10
14	4
15	6
5	12
15	16
11	19
5	20
13	22
2	21
18	7
# tree 85
2	23
23	18
1	2
18	9
23	17
1	14
23	15
2	5
2	11
17	13
9	10
14	4
15	6
5	12
15	16
11	19
5	20
13	22
2	21
9	7
# tree 86
2	23
23	18
1	2
18	9
23	17
1	14
23	15
2	5
2	11
17	13
9	10
14	4
15	6
5	12
15	16
11	19
5	20
13	22
2	21
23	7
# tree 87
2	23
23	18
1	2
18	9
23	17
1	14
23	15
2	5
2	11
17	13
9	10
14	4
15	6
5	12
15	16
11	19
5	20
13	22
2	21
2	7
# tree 88
2	23
23	18
1	2
18	9
23	17
1	14
9	10
2	5
23	15
2	11
17	13
14	4
10	7
5	12
15	16
11	19
5	20
9	21
2	22
23	6
# tree 89
2	23
23	18
1	2
18	9
23	17
1	14
9	10
2	5
23	15
2	11
17	13
14	4
10	7
5	12
15	16
11	19
5	20
9	21
2	22
2	6
# tree 90
2	23
23	18
1	2
18	9
23	17
1	14
23	15
2	5
2	11
9	10
17	13
14	4
15	6
5	12
15	16
11	19
5	20
9	21
2	22
18	7
# tree 91
2	23
23	18
1	2
18	9
23	17
1	14
23	15
2	5
2	11
9	10
17	13
14	4
15	6
5	12
15	16
11	19
5	20
9	21
2	22
9	7
# tree 92
2	23
23	18
1	2
18	9
23	17
1	14
23	15
2	5
2	11
9	10
17	13
14	4
15	6
5	12
15	16
11	19
5	20
9	21
2	22
23	7
# tree 93
2	23
23	18
1	2
18	9
23	17
1	14
23	15
2	5
2	11
9	10
17	13
14	4
15	6
5	12
15	16
11	19
5	20
9	21
2	22
2	7
# tree 94
2	23
23	18
1	2
18	9
23	17
1	14
2	5
23	15
2	11
17	13
9	10
14	4
5	12
15	16
11	19
5	20
9	21
13	22
2	6
18	7
# tree 95
2	23
23	18
1	2
18	9
23	17
1	14
2	5
23	15
2	11
17	13
9	10
14	4
5	12
15	16
11	19
5	20
9	21
13	22
2	6
9	7
# tree 96
2	23
23	18
1	2
18	9
23	17
1	14
2	5
23	15
2	11
17	13
9	10
14	4
5	12
15	16
11	19
5	20
9	21
13	22
2	6
23	7
# tree 97
2	23
23	18
1	2
18	9
23	17
1	14
2	5
23	15
2	11
17	13
9	10
14	4
5	12
15	16
11	19
5	20
9	21
13	22
2	6
2	7
# tree 98
1	2
2	23
23	18
1	14
23	15
18	10
2	11
2	5
18	9
23	13
23	17
14	4
15	6
10	7
15	16
11	19
5	20
9	21
13	22
2	12
# tree 99
1	2
2	23
23	18
1	14
23	15
18	10
2	11
2	5
18	9
2	13
23	17
14	4
15	6
10	7
15	16
11	19
5	20
9	21
13	22
2	12
# tree 100
1	2
2	23
23	18
23	17
1	14
23	15
18	10
2	11
2	5
18	9
17	13
14	4
15	6
10	7
11	19
5	20
9	21
13	22
2	12
23	16
# tree 101
1	2
2	23
23	18
23	17
1	14
23	15
18	10
2	11
2	5
18	9
17	13
14	4
15	6
10	7
11	19
5	20
9	21
13	22
2	12
2	16
# tree 102
1	2
2	23
23	18
23	17
1	14
23	15
18	10
2	11
2	5
17	13
18	9
14	4
15	6
10	7
15	16
11	19
5	20
13	22
2	12
18	21
# tree 103
1	2
2	23
23	18
23	17
1	14
23	15
18	10
2	11
2	5
17	13
18	9
14	4
15	6
10	7
15	16
11	19
5	20
13	22
2	12
23	21
# tree 104
1	2
2	23
23	18
23	17
1	14
23	15
18	10
2	11
2	5
17	13
18	9
14	4
15	6
10	7
15	16
11	19
5	20
13	22
2	12
2	21
# tree 105
1	2
2	23
23	18
23	17
1	14
23	15
18	10
2	11
2	5
18	9
17	13
14	4
15	6
10	7
15	16
11	19
5	20
9	21
2	12
17	22
# tree 106
1	2
2	23
23	18
23	17
1	14
23	15
18	10
2	11
2	5
18	9
17	13
14	4
15	6
10	7
15	16
11	19
5	20
9	21
2	12
23	22
# tree 107
1	2
2	23
23	18
23	17
1	14
23	15
18	10
2	11
2	5
18	9
17	13
14	4
15	6
10	7
15	16
11	19
5	20
9	21
2	12
2	22
# tree 108
1	2
2	23
23	18
23	17
1	14
18	10
23	15
2	11
2	5
18	9
17	13
14	4
10	7
15	16
11	19
5	20
9	21
13	22
2	12
23	6
# tree 109
1	2
2	23
23	18
23	17
1	14
18	10
23	15
2	11
2	5
18	9
17	13
14	4
10	7
15	16
11	19
5	20
9	21
13	22
2	12
2	6
# tree 110
1	2
2	23
23	18
23	17
1	14
23	15
2	11
2	5
18	9
17	13
18	10
14	4
15	6
15	16
11	19
5	20
9	21
13	22
2	12
18	7
# tree 111
1	2
2	23
23	18
23	17
1	14
23	15
2	11
2	5
18	9
17	13
18	10
14	4
15	6
15	16
11	19
5	20
9	21
13	22
2	12
9	7
# tree 112
1	2
2	23
23	18
23	17
1	14
23	15
2	11
2	5
18	9
17	13
18	10
14	4
15	6
15	16
11	19
5	20
9	21
13	22
2	12
23	7
# tree 113
1	2
2	23
23	18
23	17
1	14
23	15
2	11
2	5
18	9
17	13
18	10
14	4
15	6
15	16
11	19
5	20
9	21
13	22
2	12
2	7
# tree 114
1	2
2	23
23	18
1	14
23	15
18	10
2	5
2	11
18	9
2	13
23	17
14	4
15	6
10	7
5	12
11	19
5	20
9	21
13	22
23	16
# tree 115
1	2
2	23
23	18
1	14
23	15
18	10
2	5
2	11
18	9
2	13
23	17
14	4
15	6
10	7
5	12
11	19
5	20
9	21
13	22
2	16
# tree 116
1	2
2	23
23	18
1	14
23	15
18	10
2	5
2	11
2	13
18	9
23	17
14	4
15	6
10	7
5	12
15	16
11	19
5	20
13	22
18	21
# tree 117
1	2
2	23
23	18
1	14
23	15
18	10
2	5
2	11
2	13
18	9
23	17
14	4
15	6
10	7
5	12
15	16
11	19
5	20
13	22
23	21
# tree 118
1	2
2	23
23	18
1	14
23	15
18	10
2	5
2	11
2	13
18	9
23	17
14	4
15	6
10	7
5	12
15	16
11	19
5	20
13	22
2	21
# tree 119
1	2
2	23
23	18
1	14
23	15
18	10
2	5
2	11
18	9
23	17
2	13
14	4
15	6
10	7
5	12
15	16
11	19
5	20
9	21
17	22
# tree 120
1	2
2	23
23	18
1	14
23	15
18	10
2	5
2	11
18	9
2	13
23	17
14	4
15	6
10	7
5	12
15	16
11	19
5	20
9	21
23	22
# tree 121
1	2
2	23
23	18
1	14
23	15
18	10
2	5
2	11
18	9
2	13
23	17
14	4
15	6
10	7
5	12
15	16
11	19
5	20
9	21
2	22
# tree 122
1	2
2	23
23	18
1	14
18	10
2	5
23	15
2	11
18	9
2	13
23	17
14	4
10	7
5	12
15	16
11	19
5	20
9	21
13	22
23	6
# tree 123
1	2
2	23
23	18
1	14
18	10
2	5
23	15
2	11
18	9
2	13
23	17
14	4
10	7
5	12
15	16
11	19
5	20
9	21
13	22
2	6
# tree 124
1	2
2	23
23	18
1	14
23	15
2	5
2	11
18	9
2	13
18	10
23	17
14	4
15	6
5	12
15	16
11	19
5	20
9	21
13	22
18	7
# tree 125
1	2
2	23
23	18
1	14
23	15
2	5
2	11
18	9
2	13
18	10
23	17
14	4
15	6
5	12
15	16
11	19
5	20
9	21
13	22
9	7
# tree 126
1	2
2	23
23	18
1	14
23	15
2	5
2	11
18	9
2	13
18	10
23	17
14	4
15	6
5	12
15	16
11	19
5	20
9	21
13	22
23	7
# tree 127
1	2
2	23
23	18
1	14
23	15
2	5
2	11
18	9
2	13
18	10
23	17
14	4
15	6
5	12
15	16
11	19
5	20
9	21
13	22
2	7
# tree 128
1	2
2	23
23	18
23	17
1	14
23	15
18	10
2	5
2	11
17	13
18	9
14	4
15	6
10	7
5	12
11	19
5	20
13	22
2	16
18	21
# tree 129
1	2
2	23
23	18
23	17
1	14
23	15
18	10
2	5
2	11
17	13
18	9
14	4
15	6
10	7
5	12
11	19
5	20
13	22
2	16
23	21
# tree 130
1	2
2	23
23	18
23	17
1	14
23	15
18	10
2	5
2	11
17	13
18	9
14	4
15	6
10	7
5	12
11	19
5	20
13	22
2	16
2	21
# tree 131
1	2
2	23
23	18
23	17
1	14
23	15
18	10
2	5
2	11
18	9
17	13
14	4
15	6
10	7
5	12
11	19
5	20
9	21
2	16
17	22
# tree 132
1	2
2	23
23	18
23	17
1	14
23	15
18	10
2	5
2	11
18	9
17	13
14	4
15	6
10	7
5	12
11	19
5	20
9	21
2	16
23	22
# tree 133
1	2
2	23
23	18
23	17
1	14
23	15
18	10
2	5
2	11
18	9
17	13
14	4
15	6
10	7
5	12
11	19
5	20
9	21
2	16
2	22
# tree 134
1	2
2	23
23	18
23	17
1	14
18	10
2	5
2	11
18	9
17	13
23	15
14	4
10	7
5	12
11	19
5	20
9	21
13	22
2	16
23	6
# tree 135
1	2
2	23
23	18
23	17
1	14
18	10
2	5
2	11
18	9
17	13
23	15
14	4
10	7
5	12
11	19
5	20
9	21
13	22
2	16
2	6
# tree 136
1	2
2	23
23	18
23	17
1	14
23	15
2	5
2	11
18	9
17	13
18	10
14	4
15	6
5	12
11	19
5	20
9	21
13	22
2	16
18	7
# tree 137
1	2
2	23
23	18
23	17
1	14
23	15
2	5
2	11
18	9
17	13
18	10
14	4
15	6
5	12
11	19
5	20
9	21
13	22
2	16
9	7
# tree 138
1	2
2	23
23	18
23	17
1	14
23	15
2	5
2	11
18	9
17	13
18	10
14	4
15	6
5	12
11	19
5	20
9	21
13	22
2	16
23	7
# tree 139
1	2
2	23
23	18
23	17
1	14
23	15
2	5
2	11
18	9
17	13
18	10
14	4
15	6
5	12
11	19
5	20
9	21
13	22
2	16
2	7
# tree 140
1	2
2	23
23	18
23	17
1	14
23	15
18	10
2	5
2	11
17	13
18	9
14	4
15	6
10	7
5	12
15	16
11	19
5	20
2	21
17	22
# tree 141
1	2
2	23
23	18
23	17
1	14
23	15
18	10
2	5
2	11
17	13
18	9
14	4
15	6
10	7
5	12
15	16
11	19
5	20
2	21
23	22
# tree 142
1	2
2	23
23	18
23	17
1	14
23	15
18	10
2	5
2	11
17	13
18	9
14	4
15	6
10	7
5	12
15	16
11	19
5	20
2	21
2	22
# tree 143
1	2
2	23
23	18
23	17
1	14
18	10
2	5
23	15
2	11
17	13
18	9
14	4
10	7
5	12
15	16
11	19
5	20
13	22
2	21
23	6
# tree 144
1	2
2	23
23	18
23	17
1	14
18	10
2	5
23	15
2	11
17	13
18	9
14	4
10	7
5	12
15	16
11	19
5	20
13	22
2	21
2	6
# tree 145
1	2
2	23
23	18
23	17
1	14
23	15
2	5
2	11
17	13
18	10
18	9
14	4
15	6
5	12
15	16
11	19
5	20
13	22
2	21
18	7
# tree 146
1	2
2	23
23	18
23	17
1	14
23	15
2	5
2	11
17	13
18	9
18	10
14	4
15	6
5	12
15	16
11	19
5	20
13	22
2	21
9	7
# tree 147
1	2
2	23
23	18
23	17
1	14
23	15
2	5
2	11
17	13
18	10
18	9
14	4
15	6
5	12
15	16
11	19
5	20
13	22
2	21
23	7
# tree 148
1	2
2	23
23	18
23	17
1	14
23	15
2	5
2	11
17	13
18	10
18	9
14	4
15	6
5	12
15	16
11	19
5	20
13	22
2	21
2	7
# tree 149
1	2
2	23
23	18
23	17
1	14
18	10
2	5
23	15
2	11
18	9
17	13
14	4
10	7
5	12
15	16
11	19
5	20
9	21
2	22
23	6
# tree 150
1	2
2	23
23	18
23	17
1	14
18	10
2	5
23	15
2	11
18	9
17	13
14	4
10	7
5	12
15	16
11	19
5	20
9	21
2	22
2	6
# tree 151
1	2
2	23
23	18
23	17
1	14
23	15
2	5
2	11
18	9
18	10
17	13
14	4
15	6
5	12
15	16
11	19
5	20
9	21
2	22
18	7
# tree 152
1	2
2	23
23	18
23	17
1	14
23	15
2	5
2	11
18	9
18	10
17	13
14	4
15	6
5	12
15	16
11	19
5	20
9	21
2	22
9	7
# tree 153
1	2
2	23
23	18
23	17
1	14
23	15
2	5
2	11
18	9
18	10
17	13
14	4
15	6
5	12
15	16
11	19
5	20
9	21
2	22
23	7
# tree 154
1	2
2	23
23	18
23	17
1	14
23	15
2	5
2	11
18	9
18	10
17	13
14	4
15	6
5	12
15	16
11	19
5	20
9	21
2	22
2	7
# tree 155
1	2
2	23
23	18
23	17
1	14
2	5
23	15
2	11
18	9
17	13
18	10
14	4
5	12
15	16
11	19
5	20
9	21
13	22
2	6
18	7
# tree 156
1	2
2	23
23	18
23	17
1	14
2	5
23	15
2	11
18	9
17	13
18	10
14	4
5	12
15	16
11	19
5	20
9	21
13	22
2	6
9	7
# tree 157
1	2
2	23
23	18
23	17
1	14
2	5
23	15
2	11
18	9
17	13
18	10
14	4
5	12
15	16
11	19
5	20
9	21
13	22
2	6
23	7
# tree 158
1	2
2	23
23	18
23	17
1	14
2	5
23	15
2	11
18	9
17	13
18	10
14	4
5	12
15	16
11	19
5	20
9	21
13	22
2	6
2	7
# tree 159
1	2
2	23
23	18
18	9
1	14
23	15
9	10
2	11
2	5
2	13
23	17
14	4
15	6
10	7
11	19
5	20
9	21
13	22
2	12
23	16
# tree 160
1	2
2	23
23	18
18	9
1	14
23	15
9	10
2	11
2	5
2	13
23	17
14	4
15	6
10	7
11	19
5	20
9	21
13	22
2	12
2	16
# tree 161
1	2
2	23
23	18
18	9
1	14
23	15
9	10
2	11
2	5
2	13
23	17
14	4
15	6
10	7
15	16
11	19
5	20
13	22
2	12
18	21
# tree 162
1	2
2	23
23	18
18	9
1	14
23	15
9	10
2	11
2	5
2	13
23	17
14	4
15	6
10	7
15	16
11	19
5	20
13	22
2	12
23	21
# tree 163
1	2
2	23
23	18
18	9
1	14
23	15
9	10
2	11
2	5
2	13
23	17
14	4
15	6
10	7
15	16
11	19
5	20
13	22
2	12
2	21
# tree 164
1	2
2	23
23	18
18	9
1	14
23	15
9	10
2	11
2	5
23	17
2	13
14	4
15	6
10	7
15	16
11	19
5	20
9	21
2	12
17	22
# tree 165
1	2
2	23
23	18
18	9
1	14
23	15
9	10
2	11
2	5
2	13
23	17
14	4
15	6
10	7
15	16
11	19
5	20
9	21
2	12
23	22
# tree 166
1	2
2	23
23	18
18	9
1	14
23	15
9	10
2	11
2	5
2	13
23	17
14	4
15	6
10	7
15	16
11	19
5	20
9	21
2	12
2	22
# tree 167
1	2
2	23
23	18
18	9
1	14
9	10
23	15
2	11
2	5
2	13
23	17
14	4
10	7
15	16
11	19
5	20
9	21
13	22
2	12
23	6
# tree 168
1	2
2	23
23	18
18	9
1	14
9	10
23	15
2	11
2	5
2	13
23	17
14	4
10	7
15	16
11	19
5	20
9	21
13	22
2	12
2	6
# tree 169
1	2
2	23
23	18
18	9
1	14
23	15
2	11
2	5
2	13
9	10
23	17
14	4
15	6
15	16
11	19
5	20
9	21
13	22
2	12
18	7
# tree 170
1	2
2	23
23	18
18	9
1	14
23	15
2	11
2	5
2	13
9	10
23	17
14	4
15	6
15	16
11	19
5	20
9	21
13	22
2	12
9	7
# tree 171
1	2
2	23
23	18
18	9
1	14
23	15
2	11
2	5
2	13
9	10
23	17
14	4
15	6
15	16
11	19
5	20
9	21
13	22
2	12
23	7
# tree 172
1	2
2	23
23	18
18	9
1	14
23	15
2	11
2	5
2	13
9	10
23	17
14	4
15	6
15	16
11	19
5	20
9	21
13	22
2	12
2	7
# tree 173
1	2
2	23
23	18
18	9
23	17
1	14
23	15
9	10
2	11
2	5
17	13
14	4
15	6
10	7
11	19
5	20
13	22
2	12
2	16
18	21
# tree 174
1	2
2	23
23	18
18	9
23	17
1	14
23	15
9	10
2	11
2	5
17	13
14	4
15	6
10	7
11	19
5	20
13	22
2	12
2	16
23	21
# tree 175
1	2
2	23
23	18
18	9
23	17
1	14
23	15
9	10
2	11
2	5
17	13
14	4
15	6
10	7
11	19
5	20
13	22
2	12
2	16
2	21
# tree 176
1	2
2	23
23	18
18	9
23	17
1	14
23	15
9	10
2	11
2	5
17	13
14	4
15	6
10	7
11	19
5	20
9	21
2	12
2	16
17	22
# tree 177
1	2
2	23
23	18
18	9
23	17
1	14
23	15
9	10
2	11
2	5
17	13
14	4
15	6
10	7
11	19
5	20
9	21
2	12
2	16
23	22
# tree 178
1	2
2	23
23	18
18	9
23	17
1	14
23	15
9	10
2	11
2	5
17	13
14	4
15	6
10	7
11	19
5	20
9	21
2	12
2	16
2	22
# tree 179
1	2
2	23
23	18
18	9
23	17
1	14
9	10
2	11
2	5
17	13
23	15
14	4
10	7
11	19
5	20
9	21
13	22
2	12
2	16
23	6
# tree 180
1	2
2	23
23	18
18	9
23	17
1	14
9	10
2	11
2	5
17	13
23	15
14	4
10	7
11	19
5	20
9	21
13	22
2	12
2	16
2	6
# tree 181
1	2
2	23
23	18
18	9
23	17
1	14
23	15
2	11
2	5
17	13
9	10
14	4
15	6
11	19
5	20
9	21
13	22
2	12
2	16
18	7
# tree 182
1	2
2	23
23	18
18	9
23	17
1	14
23	15
2	11
2	5
17	13
9	10
14	4
15	6
11	19
5	20
9	21
13	22
2	12
2	16
9	7
# tree 183
1	2
2	23
23	18
18	9
23	17
1	14
23	15
2	11
2	5
17	13
9	10
14	4
15	6
11	19
5	20
9	21
13	22
2	12
2	16
23	7
# tree 184
1	2
2	23
23	18
18	9
23	17
1	14
23	15
2	11
2	5
17	13
9	10
14	4
15	6
11	19
5	20
9	21
13	22
2	12
2	16
2	7
# tree 185
1	2
2	23
23	18
18	9
23	17
1	14
23	15
9	10
2	11
2	5
17	13
14	4
15	6
10	7
15	16
11	19
5	20
2	12
2	21
17	22
# tree 186
1	2
2	23
23	18
18	9
23	17
1	14
23	15
9	10
2	11
2	5
17	13
14	4
15	6
10	7
15	16
11	19
5	20
2	12
2	21
23	22
# tree 187
1	2
2	23
23	18
18	9
23	17
1	14
23	15
9	10
2	11
2	5
17	13
14	4
15	6
10	7
15	16
11	19
5	20
2	12
2	21
2	22
# tree 188
1	2
2	23
23	18
18	9
23	17
1	14
9	10
23	15
2	11
2	5
17	13
14	4
10	7
15	16
11	19
5	20
13	22
2	12
2	21
23	6
# tree 189
1	2
2	23
23	18
18	9
23	17
1	14
9	10
23	15
2	11
2	5
17	13
14	4
10	7
15	16
11	19
5	20
13	22
2	12
2	21
2	6
# tree 190
1	2
2	23
23	18
18	9
23	17
1	14
23	15
2	11
2	5
17	13
9	10
14	4
15	6
15	16
11	19
5	20
13	22
2	12
2	21
18	7
# tree 191
1	2
2	23
23	18
18	9
23	17
1	14
23	15
2	11
2	5
17	13
9	10
14	4
15	6
15	16
11	19
5	20
13	22
2	12
2	21
9	7
# tree 192
1	2
2	23
23	18
18	9
23	17
1	14
23	15
2	11
2	5
17	13
9	10
14	4
15	6
15	16
11	19
5	20
13	22
2	12
2	21
23	7
# tree 193
1	2
2	23
23	18
18	9
23	17
1	14
23	15
2	11
2	5
17	13
9	10
14	4
15	6
15	16
11	19
5	20
13	22
2	12
2	21
2	7
# tree 194
1	2
2	23
23	18
18	9
23	17
1	14
9	10
23	15
2	11
2	5
17	13
14	4
10	7
15	16
11	19
5	20
9	21
2	12
2	22
23	6
# tree 195
1	2
2	23
23	18
18	9
23	17
1	14
9	10
23	15
2	11
2	5
17	13
14	4
10	7
15	16
11	19
5	20
9	21
2	12
2	22
2	6
# tree 196
1	2
2	23
23	18
18	9
23	17
1	14
23	15
2	11
2	5
9	10
17	13
14	4
15	6
15	16
11	19
5	20
9	21
2	12
2	22
18	7
# tree 197
1	2
2	23
23	18
18	9
23	17
1	14
23	15
2	11
2	5
9	10
17	13
14	4
15	6
15	16
11	19
5	20
9	21
2	12
2	22
9	7
# tree 198
1	2
2	23
23	18
18	9
23	17
1	14
23	15
2	11
2	5
9	10
17	13
14	4
15	6
15	16
11	19
5	20
9	21
2	12
2	22
23	7
# tree 199
1	2
2	23
23	18
18	9
23	17
1	14
23	15
2	11
2	5
9	10
17	13
14	4
15	6
15	16
11	19
5	20
9	21
2	12
2	22
2	7
# tree 200
1	2
2	23
23	18
18	9
23	17
1	14
23	15
2	11
2	5
17	13
9	10
14	4
15	16
11	19
5	20
9	21
13	22
2	12
2	6
18	7
# tree 201
1	2
2	23
23	18
18	9
23	17
1	14
23	15
2	11
2	5
17	13
9	10
14	4
15	16
11	19
5	20
9	21
13	22
2	12
2	6
9	7
# tree 202
1	2
2	23
23	18
18	9
23	17
1	14
23	15
2	11
2	5
17	13
9	10
14	4
15	16
11	19
5	20
9	21
13	22
2	12
2	6
23	7
# tree 203
1	2
2	23
23	18
18	9
23	17
1	14
23	15
2	11
2	5
17	13
9	10
14	4
15	16
11	19
5	20
9	21
13	22
2	12
2	6
2	7
# tree 204
1	2
2	23
23	18
18	9
1	14
23	15
9	10
2	5
2	11
2	13
23	17
14	4
15	6
10	7
5	12
11	19
5	20
13	22
2	16
18	21
# tree 205
1	2
2	23
23	18
18	9
1	14
23	15
9	10
2	5
2	11
2	13
23	17
14	4
15	6
10	7
5	12
11	19
5	20
13	22
2	16
23	21
# tree 206
1	2
2	23
23	18
18	9
1	14
23	15
9	10
2	5
2	11
2	13
23	17
14	4
15	6
10	7
5	12
11	19
5	20
13	22
2	16
2	21
# tree 207
1	2
2	23
23	18
18	9
1	14
23	15
9	10
2	5
2	11
23	17
2	13
14	4
15	6
10	7
5	12
11	19
5	20
9	21
2	16
17	22
# tree 208
1	2
2	23
23	18
18	9
1	14
23	15
9	10
2	5
2	11
2	13
23	17
14	4
15	6
10	7
5	12
11	19
5	20
9	21
2	16
23	22
# tree 209
1	2
2	23
23	18
18	9
1	14
23	15
9	10
2	5
2	11
2	13
23	17
14	4
15	6
10	7
5	12
11	19
5	20
9	21
2	16
2	22
# tree 210
1	2
2	23
23	18
18	9
1	14
9	10
2	5
2	11
2	13
23	15
23	17
14	4
10	7
5	12
11	19
5	20
9	21
13	22
2	16
23	6
# tree 211
1	2
2	23
23	18
18	9
1	14
9	10
2	5
2	11
2	13
23	15
23	17
14	4
10	7
5	12
11	19
5	20
9	21
13	22
2	16
2	6
# tree 212
1	2
2	23
23	18
18	9
1	14
23	15
2	5
2	11
2	13
9	10
23	17
14	4
15	6
5	12
11	19
5	20
9	21
13	22
2	16
18	7
# tree 213
1	2
2	23
23	18
18	9
1	14
23	15
2	5
2	11
2	13
9	10
23	17
14	4
15	6
5	12
11	19
5	20
9	21
13	22
2	16
9	7
# tree 214
1	2
2	23
23	18
18	9
1	14
23	15
2	5
2	11
2	13
9	10
23	17
14	4
15	6
5	12
11	19
5	20
9	21
13	22
2	16
23	7
# tree 215
1	2
2	23
23	18
18	9
1	14
23	15
2	5
2	11
2	13
9	10
23	17
14	4
15	6
5	12
11	19
5	20
9	21
13	22
2	16
2	7
# tree 216
1	2
2	23
23	18
18	9
1	14
23	15
9	10
2	5
2	11
23	17
2	13
14	4
15	6
10	7
5	12
15	16
11	19
5	20
2	21
17	22
# tree 217
1	2
2	23
23	18
18	9
1	14
23	15
9	10
2	5
2	11
2	13
23	17
14	4
15	6
10	7
5	12
15	16
11	19
5	20
2	21
23	22
# tree 218
1	2
2	23
23	18
18	9
1	14
23	15
9	10
2	5
2	11
2	13
23	17
14	4
15	6
10	7
5	12
15	16
11	19
5	20
2	21
2	22
# tree 219
1	2
2	23
23	18
18	9
1	14
9	10
2	5
23	15
2	11
2	13
23	17
14	4
10	7
5	12
15	16
11	19
5	20
13	22
2	21
23	6
# tree 220
1	2
2	23
23	18
18	9
1	14
9	10
2	5
23	15
2	11
2	13
23	17
14	4
10	7
5	12
15	16
11	19
5	20
13	22
2	21
2	6
# tree 221
1	2
2	23
23	18
18	9
1	14
23	15
2	5
2	11
2	13
9	10
23	17
14	4
15	6
5	12
15	16
11	19
5	20
13	22
2	21
18	7
# tree 222
1	2
2	23
23	18
18	9
1	14
23	15
2	5
2	11
2	13
9	10
23	17
14	4
15	6
5	12
15	16
11	19
5	20
13	22
2	21
9	7
# tree 223
1	2
2	23
23	18
18	9
1	14
23	15
2	5
2	11
2	13
9	10
23	17
14	4
15	6
5	12
15	16
11	19
5	20
13	22
2	21
23	7
# tree 224
1	2
2	23
23	18
18	9
1	14
23	15
2	5
2	11
2	13
9	10
23	17
14	4
15	6
5	12
15	16
11	19
5	20
13	22
2	21
2	7
# tree 225
1	2
2	23
23	18
18	9
1	14
9	10
2	5
23	15
2	11
2	13
23	17
14	4
10	7
5	12
15	16
11	19
5	20
9	21
2	22
23	6
# tree 226
1	2
2	23
23	18
18	9
1	14
9	10
2	5
23	15
2	11
2	13
23	17
14	4
10	7
5	12
15	16
11	19
5	20
9	21
2	22
2	6
# tree 227
1	2
2	23
23	18
18	9
1	14
23	15
2	5
2	11
9	10
2	13
23	17
14	4
15	6
5	12
15	16
11	19
5	20
9	21
2	22
18	7
# tree 228
1	2
2	23
23	18
18	9
1	14
23	15
2	5
2	11
9	10
2	13
23	17
14	4
15	6
5	12
15	16
11	19
5	20
9	21
2	22
9	7
# tree 229
1	2
2	23
23	18
18	9
1	14
23	15
2	5
2	11
9	10
2	13
23	17
14	4
15	6
5	12
15	16
11	19
5	20
9	21
2	22
23	7
# tree 230
1	2
2	23
23	18
18	9
1	14
23	15
2	5
2	11
9	10
2	13
23	17
14	4
15	6
5	12
15	16
11	19
5	20
9	21
2	22
2	7
# tree 231
1	2
2	23
23	18
18	9
1	14
2	5
23	15
2	11
2	13
9	10
23	17
14	4
5	12
15	16
11	19
5	20
9	21
13	22
2	6
18	7
# tree 232
1	2
2	23
23	18
18	9
1	14
2	5
23	15
2	11
2	13
9	10
23	17
14	4
5	12
15	16
11	19
5	20
9	21
13	22
2	6
9	7
# tree 233
1	2
2	23
23	18
18	9
1	14
2	5
23	15
2	11
2	13
9	10
23	17
14	4
5	12
15	16
11	19
5	20
9	21
13	22
2	6
23	7
# tree 234
1	2
2	23
23	18
18	9
1	14
2	5
23	15
2	11
2	13
9	10
23	17
14	4
5	12
15	16
11	19
5	20
9	21
13	22
2	6
2	7
# tree 235
1	2
2	23
23	18
18	9
23	17
1	14
23	15
9	10
2	5
2	11
17	13
14	4
15	6
10	7
5	12
11	19
5	20
2	16
2	21
17	22
# tree 236
1	2
2	23
23	18
18	9
23	17
1	14
23	15
9	10
2	5
2	11
17	13
14	4
15	6
10	7
5	12
11	19
5	20
2	16
2	21
23	22
# tree 237
1	2
2	23
23	18
18	9
23	17
1	14
23	15
9	10
2	5
2	11
17	13
14	4
15	6
10	7
5	12
11	19
5	20
2	16
2	21
2	22
# tree 238
1	2
2	23
23	18
18	9
23	17
1	14
9	10
2	5
2	11
17	13
23	15
14	4
10	7
5	12
11	19
5	20
13	22
2	16
2	21
23	6
# tree 239
1	2
2	23
23	18
18	9
23	17
1	14
9	10
2	5
2	11
17	13
23	15
14	4
10	7
5	12
11	19
5	20
13	22
2	16
2	21
2	6
# tree 240
1	2
2	23
23	18
18	9
23	17
1	14
23	15
2	5
2	11
17	13
9	10
14	4
15	6
5	12
11	19
5	20
13	22
2	16
2	21
18	7
# tree 241
1	2
2	23
23	18
18	9
23	17
1	14
23	15
2	5
2	11
17	13
9	10
14	4
15	6
5	12
11	19
5	20
13	22
2	16
2	21
9	7
# tree 242
1	2
2	23
23	18
18	9
23	17
1	14
23	15
2	5
2	11
17	13
9	10
14	4
15	6
5	12
11	19
5	20
13	22
2	16
2	21
23	7
# tree 243
1	2
2	23
23	18
18	9
23	17
1	14
23	15
2	5
2	11
17	13
9	10
14	4
15	6
5	12
11	19
5	20
13	22
2	16
2	21
2	7
# tree 244
1	2
2	23
23	18
18	9
23	17
1	14
9	10
2	5
2	11
23	15
17	13
14	4
10	7
5	12
11	19
5	20
9	21
2	16
2	22
23	6
# tree 245
1	2
2	23
23	18
18	9
23	17
1	14
9	10
2	5
2	11
23	15
17	13
14	4
10	7
5	12
11	19
5	20
9	21
2	16
2	22
2	6
# tree 246
1	2
2	23
23	18
18	9
23	17
1	14
23	15
2	5
2	11
9	10
17	13
14	4
15	6
5	12
11	19
5	20
9	21
2	16
2	22
18	7
# tree 247
1	2
2	23
23	18
18	9
23	17
1	14
23	15
2	5
2	11
9	10
17	13
14	4
15	6
5	12
11	19
5	20
9	21
2	16
2	22
9	7
# tree 248
1	2
2	23
23	18
18	9
23	17
1	14
23	15
2	5
2	11
9	10
17	13
14	4
15	6
5	12
11	19
5	20
9	21
2	16
2	22
23	7
# tree 249
1	2
2	23
23	18
18	9
23	17
1	14
23	15
2	5
2	11
9	10
17	13
14	4
15	6
5	12
11	19
5	20
9	21
2	16
2	22
2	7
# tree 250
1	2
2	23
23	18
18	9
23	17
1	14
2	5
2	11
17	13
9	10
23	15
14	4
5	12
11	19
5	20
9	21
13	22
2	16
2	6
18	7
# tree 251
1	2
2	23
23	18
18	9
23	17
1	14
2	5
2	11
17	13
9	10
23	15
14	4
5	12
11	19
5	20
9	21
13	22
2	16
2	6
9	7
# tree 252
1	2
2	23
23	18
18	9
23	17
1	14
2	5
2	11
17	13
9	10
23	15
14	4
5	12
11	19
5	20
9	21
13	22
2	16
2	6
23	7
# tree 253
1	2
2	23
23	18
18	9
23	17
1	14
2	5
2	11
17	13
9	10
23	15
14	4
5	12
11	19
5	20
9	21
13	22
2	16
2	6
2	7
# tree 254
1	2
2	23
23	18
18	9
23	17
1	14
9	10
2	5
23	15
2	11
17	13
14	4
10	7
5	12
15	16
11	19
5	20
2	21
2	22
23	6
# tree 255
1	2
2	23
23	18
18	9
23	17
1	14
9	10
2	5
23	15
2	11
17	13
14	4
10	7
5	12
15	16
11	19
5	20
2	21
2	22
2	6
# tree 256
1	2
2	23
23	18
18	9
23	17
1	14
23	15
2	5
2	11
9	10
17	13
14	4
15	6
5	12
15	16
11	19
5	20
2	21
2	22
18	7
# tree 257
1	2
2	23
23	18
18	9
23	17
1	14
23	15
2	5
2	11
9	10
17	13
14	4
15	6
5	12
15	16
11	19
5	20
2	21
2	22
9	7
# tree 258
1	2
2	23
23	18
18	9
23	17
1	14
23	15
2	5
2	11
9	10
17	13
14	4
15	6
5	12
15	16
11	19
5	20
2	21
2	22
23	7
# tree 259
1	2
2	23
23	18
18	9
23	17
1	14
23	15
2	5
2	11
9	10
17	13
14	4
15	6
5	12
15	16
11	19
5	20
2	21
2	22
2	7
# tree 260
1	2
2	23
23	18
18	9
23	17
1	14
2	5
23	15
2	11
17	13
9	10
14	4
5	12
15	16
11	19
5	20
13	22
2	21
2	6
18	7
# tree 261
1	2
2	23
23	18
18	9
23	17
1	14
2	5
23	15
2	11
17	13
9	10
14	4
5	12
15	16
11	19
5	20
13	22
2	21
2	6
9	7
# tree 262
1	2
2	23
23	18
18	9
23	17
1	14
2	5
23	15
2	11
17	13
9	10
14	4
5	12
15	16
11	19
5	20
13	22
2	21
2	6
23	7
# tree 263
1	2
2	23
23	18
18	9
23	17
1	14
2	5
23	15
2	11
17	13
9	10
14	4
5	12
15	16
11	19
5	20
13	22
2	21
2	6
2	7
# tree 264
1	2
2	23
23	18
18	9
23	17
1	14
2	5
23	15
2	11
9	10
17	13
14	4
5	12
15	16
11	19
5	20
9	21
2	22
2	6
18	7
# tree 265
1	2
2	23
23	18
18	9
23	17
1	14
2	5
23	15
2	11
9	10
17	13
14	4
5	12
15	16
11	19
5	20
9	21
2	22
2	6
9	7
# tree 266
1	2
2	23
23	18
18	9
23	17
1	14
2	5
23	15
2	11
9	10
17	13
14	4
5	12
15	16
11	19
5	20
9	21
2	22
2	6
23	7
# tree 267
1	2
2	23
23	18
18	9
23	17
1	14
2	5
23	15
2	11
9	10
17	13
14	4
5	12
15	16
11	19
5	20
9	21
2	22
2	6
2	7
# tree 268
1	2
2	23
23	18
1	14
23	15
18	10
2	11
2	5
18	9
2	13
23	17
14	4
15	6
10	7
11	19
5	20
9	21
13	22
2	12
23	16
# tree 269
1	2
2	23
23	18
1	14
23	15
18	10
2	11
2	5
18	9
2	13
23	17
14	4
15	6
10	7
11	19
5	20
9	21
13	22
2	12
2	16
# tree 270
1	2
2	23
23	18
1	14
23	15
18	10
2	11
2	5
2	13
18	9
23	17
14	4
15	6
10	7
15	16
11	19
5	20
13	22
2	12
18	21
# tree 271
1	2
2	23
23	18
1	14
23	15
18	10
2	11
2	5
2	13
18	9
23	17
14	4
15	6
10	7
15	16
11	19
5	20
13	22
2	12
23	21
# tree 272
1	2
2	23
23	18
1	14
23	15
18	10
2	11
2	5
2	13
18	9
23	17
14	4
15	6
10	7
15	16
11	19
5	20
13	22
2	12
2	21
# tree 273
1	2
2	23
23	18
1	14
23	15
18	10
2	11
2	5
18	9
23	17
2	13
14	4
15	6
10	7
15	16
11	19
5	20
9	21
2	12
17	22
# tree 274
1	2
2	23
23	18
1	14
23	15
18	10
2	11
2	5
18	9
2	13
23	17
14	4
15	6
10	7
15	16
11	19
5	20
9	21
2	12
23	22
# tree 275
1	2
2	23
23	18
1	14
23	15
18	10
2	11
2	5
18	9
2	13
23	17
14	4
15	6
10	7
15	16
11	19
5	20
9	21
2	12
2	22
# tree 276
1	2
2	23
23	18
1	14
18	10
23	15
2	11
2	5
18	9
2	13
23	17
14	4
10	7
15	16
11	19
5	20
9	21
13	22
2	12
23	6
# tree 277
1	2
2	23
23	18
1	14
18	10
23	15
2	11
2	5
18	9
2	13
23	17
14	4
10	7
15	16
11	19
5	20
9	21
13	22
2	12
2	6
# tree 278
1	2
2	23
23	18
1	14
23	15
2	11
2	5
18	9
2	13
18	10
23	17
14	4
15	6
15	16
11	19
5	20
9	21
13	22
2	12
18	7
# tree 279
1	2
2	23
23	18
1	14
23	15
2	11
2	5
18	9
2	13
18	10
23	17
14	4
15	6
15	16
11	19
5	20
9	21
13	22
2	12
9	7
# tree 280
1	2
2	23
23	18
1	14
23	15
2	11
2	5
18	9
2	13
18	10
23	17
14	4
15	6
15	16
11	19
5	20
9	21
13	22
2	12
23	7
# tree 281
1	2
2	23
23	18
1	14
23	15
2	11
2	5
18	9
2	13
18	10
23	17
14	4
15	6
15	16
11	19
5	20
9	21
13	22
2	12
2	7
# tree 282
1	2
2	23
23	18
23	17
1	14
23	15
18	10
2	11
2	5
17	13
18	9
14	4
15	6
10	7
11	19
5	20
13	22
2	12
2	16
18	21
# tree 283
1	2
2	23
23	18
23	17
1	14
23	15
18	10
2	11
2	5
17	13
18	9
14	4
15	6
10	7
11	19
5	20
13	22
2	12
2	16
23	21
# tree 284
1	2
2	23
23	18
23	17
1	14
23	15
18	10
2	11
2	5
17	13
18	9
14	4
15	6
10	7
11	19
5	20
13	22
2	12
2	16
2	21
# tree 285
1	2
2	23
23	18
23	17
1	14
23	15
18	10
2	11
2	5
18	9
17	13
14	4
15	6
10	7
11	19
5	20
9	21
2	12
2	16
17	22
# tree 286
1	2
2	23
23	18
23	17
1	14
23	15
18	10
2	11
2	5
18	9
17	13
14	4
15	6
10	7
11	19
5	20
9	21
2	12
2	16
23	22
# tree 287
1	2
2	23
23	18
23	17
1	14
23	15
18	10
2	11
2	5
18	9
17	13
14	4
15	6
10	7
11	19
5	20
9	21
2	12
2	16
2	22
# tree 288
1	2
2	23
23	18
23	17
1	14
18	10
2	11
2	5
18	9
17	13
23	15
14	4
10	7
11	19
5	20
9	21
13	22
2	12
2	16
23	6
# tree 289
1	2
2	23
23	18
23	17
1	14
18	10
2	11
2	5
18	9
17	13
23	15
14	4
10	7
11	19
5	20
9	21
13	22
2	12
2	16
2	6
# tree 290
1	2
2	23
23	18
23	17
1	14
23	15
2	11
2	5
18	9
17	13
18	10
14	4
15	6
11	19
5	20
9	21
13	22
2	12
2	16
18	7
# tree 291
1	2
2	23
23	18
23	17
1	14
23	15
2	11
2	5
18	9
17	13
18	10
14	4
15	6
11	19
5	20
9	21
13	22
2	12
2	16
9	7
# tree 292
1	2
2	23
23	18
23	17
1	14
23	15
2	11
2	5
18	9
17	13
18	10
14	4
15	6
11	19
5	20
9	21
13	22
2	12
2	16
23	7
# tree 293
1	2
2	23
23	18
23	17
1	14
23	15
2	11
2	5
18	9
17	13
18	10
14	4
15	6
11	19
5	20
9	21
13	22
2	12
2	16
2	7
# tree 294
1	2
2	23
23	18
23	17
1	14
23	15
18	10
2	11
2	5
17	13
18	9
14	4
15	6
10	7
15	16
11	19
5	20
2	12
2	21
17	22
# tree 295
1	2
2	23
23	18
23	17
1	14
23	15
18	10
2	11
2	5
17	13
18	9
14	4
15	6
10	7
15	16
11	19
5	20
2	12
2	21
23	22
# tree 296
1	2
2	23
23	18
23	17
1	14
23	15
18	10
2	11
2	5
17	13
18	9
14	4
15	6
10	7
15	16
11	19
5	20
2	12
2	21
2	22
# tree 297
1	2
2	23
23	18
23	17
1	14
18	10
23	15
2	11
2	5
17	13
18	9
14	4
10	7
15	16
11	19
5	20
13	22
2	12
2	21
23	6
# tree 298
1	2
2	23
23	18
23	17
1	14
18	10
23	15
2	11
2	5
17	13
18	9
14	4
10	7
15	16
11	19
5	20
13	22
2	12
2	21
2	6
# tree 299
1	2
2	23
23	18
23	17
1	14
23	15
2	11
2	5
17	13
18	10
18	9
14	4
15	6
15	16
11	19
5	20
13	22
2	12
2	21
18	7
# tree 300
1	2
2	23
23	18
23	17
1	14
23	15
2	11
2	5
17	13
18	9
18	10
14	4
15	6
15	16
11	19
5	20
13	22
2	12
2	21
9	7
# tree 301
1	2
2	23
23	18
23	17
1	14
23	15
2	11
2	5
17	13
18	10
18	9
14	4
15	6
15	16
11	19
5	20
13	22
2	12
2	21
23	7
# tree 302
1	2
2	23
23	18
23	17
1	14
23	15
2	11
2	5
17	13
18	10
18	9
14	4
15	6
15	16
11	19
5	20
13	22
2	12
2	21
2	7
# tree 303
1	2
2	23
23	18
23	17
1	14
18	10
23	15
2	11
2	5
18	9
17	13
14	4
10	7
15	16
11	19
5	20
9	21
2	12
2	22
23	6
# tree 304
1	2
2	23
23	18
23	17
1	14
18	10
23	15
2	11
2	5
18	9
17	13
14	4
10	7
15	16
11	19
5	20
9	21
2	12
2	22
2	6
# tree 305
1	2
2	23
23	18
23	17
1	14
23	15
2	11
2	5
18	9
18	10
17	13
14	4
15	6
15	16
11	19
5	20
9	21
2	12
2	22
18	7
# tree 306
1	2
2	23
23	18
23	17
1	14
23	15
2	11
2	5
18	9
18	10
17	13
14	4
15	6
15	16
11	19
5	20
9	21
2	12
2	22
9	7
# tree 307
1	2
2	23
23	18
23	17
1	14
23	15
2	11
2	5
18	9
18	10
17	13
14	4
15	6
15	16
11	19
5	20
9	21
2	12
2	22
23	7
# tree 308
1	2
2	23
23	18
23	17
1	14
23	15
2	11
2	5
18	9
18	10
17	13
14	4
15	6
15	16
11	19
5	20
9	21
2	12
2	22
2	7
# tree 309
1	2
2	23
23	18
23	17
1	14
23	15
2	11
2	5
18	9
17	13
18	10
14	4
15	16
11	19
5	20
9	21
13	22
2	12
2	6
18	7
# tree 310
1	2
2	23
23	18
23	17
1	14
23	15
2	11
2	5
18	9
17	13
18	10
14	4
15	16
11	19
5	20
9	21
13	22
2	12
2	6
9	7
# tree 311
1	2
2	23
23	18
23	17
1	14
23	15
2	11
2	5
18	9
17	13
18	10
14	4
15	16
11	19
5	20
9	21
13	22
2	12
2	6
23	7
# tree 312
1	2
2	23
23	18
23	17
1	14
23	15
2	11
2	5
18	9
17	13
18	10
14	4
15	16
11	19
5	20
9	21
13	22
2	12
2	6
2	7
# tree 313
1	2
2	23
23	18
1	14
23	15
18	10
2	5
2	11
2	13
18	9
23	17
14	4
15	6
10	7
5	12
11	19
5	20
13	22
2	16
18	21
# tree 314
1	2
2	23
23	18
1	14
23	15
18	10
2	5
2	11
2	13
18	9
23	17
14	4
15	6
10	7
5	12
11	19
5	20
13	22
2	16
23	21
# tree 315
1	2
2	23
23	18
1	14
23	15
18	10
2	5
2	11
2	13
18	9
23	17
14	4
15	6
10	7
5	12
11	19
5	20
13	22
2	16
2	21
# tree 316
1	2
2	23
23	18
1	14
23	15
18	10
2	5
2	11
18	9
23	17
2	13
14	4
15	6
10	7
5	12
11	19
5	20
9	21
2	16
17	22
# tree 317
1	2
2	23
23	18
1	14
23	15
18	10
2	5
2	11
18	9
2	13
23	17
14	4
15	6
10	7
5	12
11	19
5	20
9	21
2	16
23	22
# tree 318
1	2
2	23
23	18
1	14
23	15
18	10
2	5
2	11
18	9
2	13
23	17
14	4
15	6
10	7
5	12
11	19
5	20
9	21
2	16
2	22
# tree 319
1	2
2	23
23	18
1	14
18	10
2	5
2	11
18	9
2	13
23	15
23	17
14	4
10	7
5	12
11	19
5	20
9	21
13	22
2	16
23	6
# tree 320
1	2
2	23
23	18
1	14
18	10
2	5
2	11
18	9
2	13
23	15
23	17
14	4
10	7
5	12
11	19
5	20
9	21
13	22
2	16
2	6
# tree 321
1	2
2	23
23	18
1	14
23	15
2	5
2	11
18	9
2	13
18	10
23	17
14	4
15	6
5	12
11	19
5	20
9	21
13	22
2	16
18	7
# tree 322
1	2
2	23
23	18
1	14
23	15
2	5
2	11
18	9
2	13
18	10
23	17
14	4
15	6
5	12
11	19
5	20
9	21
13	22
2	16
9	7
# tree 323
1	2
2	23
23	18
1	14
23	15
2	5
2	11
18	9
2	13
18	10
23	17
14	4
15	6
5	12
11	19
5	20
9	21
13	22
2	16
23	7
# tree 324
1	2
2	23
23	18
1	14
23	15
2	5
2	11
18	9
2	13
18	10
23	17
14	4
15	6
5	12
11	19
5	20
9	21
13	22
2	16
2	7
# tree 325
1	2
2	23
23	18
1	14
23	15
18	10
2	5
2	11
23	17
2	13
18	9
14	4
15	6
10	7
5	12
15	16
11	19
5	20
2	21
17	22
# tree 326
1	2
2	23
23	18
1	14
23	15
18	10
2	5
2	11
2	13
18	9
23	17
14	4
15	6
10	7
5	12
15	16
11	19
5	20
2	21
23	22
# tree 327
1	2
2	23
23	18
1	14
23	15
18	10
2	5
2	11
2	13
18	9
23	17
14	4
15	6
10	7
5	12
15	16
11	19
5	20
2	21
2	22
# tree 328
1	2
2	23
23	18
1	14
18	10
2	5
23	15
2	11
2	13
18	9
23	17
14	4
10	7
5	12
15	16
11	19
5	20
13	22
2	21
23	6
# tree 329
1	2
2	23
23	18
1	14
18	10
2	5
23	15
2	11
2	13
18	9
23	17
14	4
10	7
5	12
15	16
11	19
5	20
13	22
2	21
2	6
# tree 330
1	2
2	23
23	18
1	14
23	15
2	5
2	11
2	13
18	10
18	9
23	17
14	4
15	6
5	12
15	16
11	19
5	20
13	22
2	21
18	7
# tree 331
1	2
2	23
23	18
1	14
23	15
2	5
2	11
2	13
18	9
18	10
23	17
14	4
15	6
5	12
15	16
11	19
5	20
13	22
2	21
9	7
# tree 332
1	2
2	23
23	18
1	14
23	15
2	5
2	11
2	13
18	10
18	9
23	17
14	4
15	6
5	12
15	16
11	19
5	20
13	22
2	21
23	7
# tree 333
1	2
2	23
23	18
1	14
23	15
2	5
2	11
2	13
18	10
18	9
23	17
14	4
15	6
5	12
15	16
11	19
5	20
13	22
2	21
2	7
# tree 334
1	2
2	23
23	18
1	14
18	10
2	5
23	15
2	11
18	9
2	13
23	17
14	4
10	7
5	12
15	16
11	19
5	20
9	21
2	22
23	6
# tree 335
1	2
2	23
23	18
1	14
18	10
2	5
23	15
2	11
18	9
2	13
23	17
14	4
10	7
5	12
15	16
11	19
5	20
9	21
2	22
2	6
# tree 336
1	2
2	23
23	18
1	14
23	15
2	5
2	11
18	9
18	10
2	13
23	17
14	4
15	6
5	12
15	16
11	19
5	20
9	21
2	22
18	7
# tree 337
1	2
2	23
23	18
1	14
23	15
2	5
2	11
18	9
18	10
2	13
23	17
14	4
15	6
5	12
15	16
11	19
5	20
9	21
2	22
9	7
# tree 338
1	2
2	23
23	18
1	14
23	15
2	5
2	11
18	9
18	10
2	13
23	17
14	4
15	6
5	12
15	16
11	19
5	20
9	21
2	22
23	7
# tree 339
1	2
2	23
23	18
1	14
23	15
2	5
2	11
18	9
18	10
2	13
23	17
14	4
15	6
5	12
15	16
11	19
5	20
9	21
2	22
2	7
# tree 340
1	2
2	23
23	18
1	14
2	5
23	15
2	11
18	9
2	13
18	10
23	17
14	4
5	12
15	16
11	19
5	20
9	21
13	22
2	6
18	7
# tree 341
1	2
2	23
23	18
1	14
2	5
23	15
2	11
18	9
2	13
18	10
23	17
14	4
5	12
15	16
11	19
5	20
9	21
13	22
2	6
9	7
# tree 342
1	2
2	23
23	18
1	14
2	5
23	15
2	11
18	9
2	13
18	10
23	17
14	4
5	12
15	16
11	19
5	20
9	21
13	22
2	6
23	7
# tree 343
1	2
2	23
23	18
1	14
2	5
23	15
2	11
18	9
2	13
18	10
23	17
14	4
5	12
15	16
11	19
5	20
9	21
13	22
2	6
2	7
# tree 344
1	2
2	23
23	18
23	17
1	14
23	15
18	10
2	5
2	11
17	13
18	9
14	4
15	6
10	7
5	12
11	19
5	20
2	16
2	21
17	22
# tree 345
1	2
2	23
23	18
23	17
1	14
23	15
18	10
2	5
2	11
17	13
18	9
14	4
15	6
10	7
5	12
11	19
5	20
2	16
2	21
23	22
# tree 346
1	2
2	23
23	18
23	17
1	14
23	15
18	10
2	5
2	11
17	13
18	9
14	4
15	6
10	7
5	12
11	19
5	20
2	16
2	21
2	22
# tree 347
1	2
2	23
23	18
23	17
1	14
18	10
2	5
2	11
17	13
23	15
18	9
14	4
10	7
5	12
11	19
5	20
13	22
2	16
2	21
23	6
# tree 348
1	2
2	23
23	18
23	17
1	14
18	10
2	5
2	11
17	13
23	15
18	9
14	4
10	7
5	12
11	19
5	20
13	22
2	16
2	21
2	6
# tree 349
1	2
2	23
23	18
23	17
1	14
23	15
2	5
2	11
17	13
18	10
18	9
14	4
15	6
5	12
11	19
5	20
13	22
2	16
2	21
18	7
# tree 350
1	2
2	23
23	18
23	17
1	14
23	15
2	5
2	11
17	13
18	9
18	10
14	4
15	6
5	12
11	19
5	20
13	22
2	16
2	21
9	7
# tree 351
1	2
2	23
23	18
23	17
1	14
23	15
2	5
2	11
17	13
18	10
18	9
14	4
15	6
5	12
11	19
5	20
13	22
2	16
2	21
23	7
# tree 352
1	2
2	23
23	18
23	17
1	14
23	15
2	5
2	11
17	13
18	10
18	9
14	4
15	6
5	12
11	19
5	20
13	22
2	16
2	21
2	7
# tree 353
1	2
2	23
23	18
23	17
1	14
18	10
2	5
2	11
18	9
23	15
17	13
14	4
10	7
5	12
11	19
5	20
9	21
2	16
2	22
23	6
# tree 354
1	2
2	23
23	18
23	17
1	14
18	10
2	5
2	11
18	9
23	15
17	13
14	4
10	7
5	12
11	19
5	20
9	21
2	16
2	22
2	6
# tree 355
1	2
2	23
23	18
23	17
1	14
23	15
2	5
2	11
18	9
18	10
17	13
14	4
15	6
5	12
11	19
5	20
9	21
2	16
2	22
18	7
# tree 356
1	2
2	23
23	18
23	17
1	14
23	15
2	5
2	11
18	9
18	10
17	13
14	4
15	6
5	12
11	19
5	20
9	21
2	16
2	22
9	7
# tree 357
1	2
2	23
23	18
23	17
1	14
23	15
2	5
2	11
18	9
18	10
17	13
14	4
15	6
5	12
11	19
5	20
9	21
2	16
2	22
23	7
# tree 358
1	2
2	23
23	18
23	17
1	14
23	15
2	5
2	11
18	9
18	10
17	13
14	4
15	6
5	12
11	19
5	20
9	21
2	16
2	22
2	7
# tree 359
1	2
2	23
23	18
23	17
1	14
2	5
2	11
18	9
17	13
18	10
23	15
14	4
5	12
11	19
5	20
9	21
13	22
2	16
2	6
18	7
# tree 360
1	2
2	23
23	18
23	17
1	14
2	5
2	11
18	9
17	13
18	10
23	15
14	4
5	12
11	19
5	20
9	21
13	22
2	16
2	6
9	7
# tree 361
1	2
2	23
23	18
23	17
1	14
2	5
2	11
18	9
17	13
18	10
23	15
14	4
5	12
11	19
5	20
9	21
13	22
2	16
2	6
23	7
# tree 362
1	2
2	23
23	18
23	17
1	14
2	5
2	11
18	9
17	13
18	10
23	15
14	4
5	12
11	19
5	20
9	21
13	22
2	16
2	6
2	7
# tree 363
1	2
2	23
23	18
23	17
1	14
18	10
2	5
23	15
2	11
17	13
18	9
14	4
10	7
5	12
15	16
11	19
5	20
2	21
2	22
23	6
# tree 364
1	2
2	23
23	18
23	17
1	14
18	10
2	5
23	15
2	11
17	13
18	9
14	4
10	7
5	12
15	16
11	19
5	20
2	21
2	22
2	6
# tree 365
1	2
2	23
23	18
23	17
1	14
23	15
2	5
2	11
18	10
17	13
18	9
14	4
15	6
5	12
15	16
11	19
5	20
2	21
2	22
18	7
# tree 366
1	2
2	23
23	18
23	17
1	14
23	15
2	5
2	11
18	9
18	10
17	13
14	4
15	6
5	12
15	16
11	19
5	20
2	21
2	22
9	7
# tree 367
1	2
2	23
23	18
23	17
1	14
23	15
2	5
2	11
18	10
17	13
18	9
14	4
15	6
5	12
15	16
11	19
5	20
2	21
2	22
23	7
# tree 368
1	2
2	23
23	18
23	17
1	14
23	15
2	5
2	11
18	10
17	13
18	9
14	4
15	6
5	12
15	16
11	19
5	20
2	21
2	22
2	7
# tree 369
1	2
2	23
23	18
23	17
1	14
2	5
23	15
2	11
17	13
18	10
18	9
14	4
5	12
15	16
11	19
5	20
13	22
2	21
2	6
18	7
# tree 370
1	2
2	23
23	18
23	17
1	14
2	5
23	15
2	11
17	13
18	9
18	10
14	4
5	12
15	16
11	19
5	20
13	22
2	21
2	6
9	7
# tree 371
1	2
2	23
23	18
23	17
1	14
2	5
23	15
2	11
17	13
18	10
18	9
14	4
5	12
15	16
11	19
5	20
13	22
2	21
2	6
23	7
# tree 372
1	2
2	23
23	18
23	17
1	14
2	5
23	15
2	11
17	13
18	10
18	9
14	4
5	12
15	16
11	19
5	20
13	22
2	21
2	6
2	7
# tree 373
1	2
2	23
23	18
23	17
1	14
2	5
23	15
2	11
18	9
18	10
17	13
14	4
5	12
15	16
11	19
5	20
9	21
2	22
2	6
18	7
# tree 374
1	2
2	23
23	18
23	17
1	14
2	5
23	15
2	11
18	9
18	10
17	13
14	4
5	12
15	16
11	19
5	20
9	21
2	22
2	6
9	7
# tree 375
1	2
2	23
23	18
23	17
1	14
2	5
23	15
2	11
18	9
18	10
17	13
14	4
5	12
15	16
11	19
5	20
9	21
2	22
2	6
23	7
# tree 376
1	2
2	23
23	18
23	17
1	14
2	5
23	15
2	11
18	9
18	10
17	13
14	4
5	12
15	16
11	19
5	20
9	21
2	22
2	6
2	7
# tree 377
1	2
2	23
23	18
18	9
1	14
23	15
9	10
2	11
2	5
2	13
23	17
14	4
15	6
10	7
11	19
5	20
13	22
2	12
2	16
18	21
# tree 378
1	2
2	23
23	18
18	9
1	14
23	15
9	10
2	11
2	5
2	13
23	17
14	4
15	6
10	7
11	19
5	20
13	22
2	12
2	16
23	21
# tree 379
1	2
2	23
23	18
18	9
1	14
23	15
9	10
2	11
2	5
2	13
23	17
14	4
15	6
10	7
11	19
5	20
13	22
2	12
2	16
2	21
# tree 380
1	2
2	23
23	18
18	9
1	14
23	15
9	10
2	11
2	5
23	17
2	13
14	4
15	6
10	7
11	19
5	20
9	21
2	12
2	16
17	22
# tree 381
1	2
2	23
23	18
18	9
1	14
23	15
9	10
2	11
2	5
2	13
23	17
14	4
15	6
10	7
11	19
5	20
9	21
2	12
2	16
23	22
# tree 382
1	2
2	23
23	18
18	9
1	14
23	15
9	10
2	11
2	5
2	13
23	17
14	4
15	6
10	7
11	19
5	20
9	21
2	12
2	16
2	22
# tree 383
1	2
2	23
23	18
18	9
1	14
9	10
2	11
2	5
2	13
23	15
23	17
14	4
10	7
11	19
5	20
9	21
13	22
2	12
2	16
23	6
# tree 384
1	2
2	23
23	18
18	9
1	14
9	10
2	11
2	5
2	13
23	15
23	17
14	4
10	7
11	19
5	20
9	21
13	22
2	12
2	16
2	6
# tree 385
1	2
2	23
23	18
18	9
1	14
23	15
2	11
2	5
2	13
9	10
23	17
14	4
15	6
11	19
5	20
9	21
13	22
2	12
2	16
18	7
# tree 386
1	2
2	23
23	18
18	9
1	14
23	15
2	11
2	5
2	13
9	10
23	17
14	4
15	6
11	19
5	20
9	21
13	22
2	12
2	16
9	7
# tree 387
1	2
2	23
23	18
18	9
1	14
23	15
2	11
2	5
2	13
9	10
23	17
14	4
15	6
11	19
5	20
9	21
13	22
2	12
2	16
23	7
# tree 388
1	2
2	23
23	18
18	9
1	14
23	15
2	11
2	5
2	13
9	10
23	17
14	4
15	6
11	19
5	20
9	21
13	22
2	12
2	16
2	7
# tree 389
1	2
2	23
23	18
18	9
1	14
23	15
9	10
2	11
2	5
23	17
2	13
14	4
15	6
10	7
15	16
11	19
5	20
2	12
2	21
17	22
# tree 390
1	2
2	23
23	18
18	9
1	14
23	15
9	10
2	11
2	5
2	13
23	17
14	4
15	6
10	7
15	16
11	19
5	20
2	12
2	21
23	22
# tree 391
1	2
2	23
23	18
18	9
1	14
23	15
9	10
2	11
2	5
2	13
23	17
14	4
15	6
10	7
15	16
11	19
5	20
2	12
2	21
2	22
# tree 392
1	2
2	23
23	18
18	9
1	14
9	10
23	15
2	11
2	5
2	13
23	17
14	4
10	7
15	16
11	19
5	20
13	22
2	12
2	21
23	6
# tree 393
1	2
2	23
23	18
18	9
1	14
9	10
23	15
2	11
2	5
2	13
23	17
14	4
10	7
15	16
11	19
5	20
13	22
2	12
2	21
2	6
# tree 394
1	2
2	23
23	18
18	9
1	14
23	15
2	11
2	5
2	13
9	10
23	17
14	4
15	6
15	16
11	19
5	20
13	22
2	12
2	21
18	7
# tree 395
1	2
2	23
23	18
18	9
1	14
23	15
2	11
2	5
2	13
9	10
23	17
14	4
15	6
15	16
11	19
5	20
13	22
2	12
2	21
9	7
# tree 396
1	2
2	23
23	18
18	9
1	14
23	15
2	11
2	5
2	13
9	10
23	17
14	4
15	6
15	16
11	19
5	20
13	22
2	12
2	21
23	7
# tree 397
1	2
2	23
23	18
18	9
1	14
23	15
2	11
2	5
2	13
9	10
23	17
14	4
15	6
15	16
11	19
5	20
13	22
2	12
2	21
2	7
# tree 398
1	2
2	23
23	18
18	9
1	14
9	10
23	15
2	11
2	5
2	13
23	17
14	4
10	7
15	16
11	19
5	20
9	21
2	12
2	22
23	6
# tree 399
1	2
2	23
23	18
18	9
1	14
9	10
23	15
2	11
2	5
2	13
23	17
14	4
10	7
15	16
11	19
5	20
9	21
2	12
2	22
2	6
# tree 400
1	2
2	23
23	18
18	9
1	14
23	15
2	11
2	5
9	10
2	13
23	17
14	4
15	6
15	16
11	19
5	20
9	21
2	12
2	22
18	7
# tree 401
1	2
2	23
23	18
18	9
1	14
23	15
2	11
2	5
9	10
2	13
23	17
14	4
15	6
15	16
11	19
5	20
9	21
2	12
2	22
9	7
# tree 402
1	2
2	23
23	18
18	9
1	14
23	15
2	11
2	5
9	10
2	13
23	17
14	4
15	6
15	16
11	19
5	20
9	21
2	12
2	22
23	7
# tree 403
1	2
2	23
23	18
18	9
1	14
23	15
2	11
2	5
9	10
2	13
23	17
14	4
15	6
15	16
11	19
5	20
9	21
2	12
2	22
2	7
# tree 404
1	2
2	23
23	18
18	9
1	14
23	15
2	11
2	5
2	13
9	10
23	17
14	4
15	16
11	19
5	20
9	21
13	22
2	12
2	6
18	7
# tree 405
1	2
2	23
23	18
18	9
1	14
23	15
2	11
2	5
2	13
9	10
23	17
14	4
15	16
11	19
5	20
9	21
13	22
2	12
2	6
9	7
# tree 406
1	2
2	23
23	18
18	9
1	14
23	15
2	11
2	5
2	13
9	10
23	17
14	4
15	16
11	19
5	20
9	21
13	22
2	12
2	6
23	7
# tree 407
1	2
2	23
23	18
18	9
1	14
23	15
2	11
2	5
2	13
9	10
23	17
14	4
15	16
11	19
5	20
9	21
13	22
2	12
2	6
2	7
# tree 408
1	2
2	23
23	18
18	9
23	17
1	14
23	15
9	10
2	11
2	5
17	13
14	4
15	6
10	7
11	19
5	20
2	12
2	16
2	21
17	22
# tree 409
1	2
2	23
23	18
18	9
23	17
1	14
23	15
9	10
2	11
2	5
17	13
14	4
15	6
10	7
11	19
5	20
2	12
2	16
2	21
23	22
# tree 410
1	2
2	23
23	18
18	9
23	17
1	14
23	15
9	10
2	11
2	5
17	13
14	4
15	6
10	7
11	19
5	20
2	12
2	16
2	21
2	22
# tree 411
1	2
2	23
23	18
18	9
23	17
1	14
9	10
2	11
2	5
17	13
23	15
14	4
10	7
11	19
5	20
13	22
2	12
2	16
2	21
23	6
# tree 412
1	2
2	23
23	18
18	9
23	17
1	14
9	10
2	11
2	5
17	13
23	15
14	4
10	7
11	19
5	20
13	22
2	12
2	16
2	21
2	6
# tree 413
1	2
2	23
23	18
18	9
23	17
1	14
23	15
2	11
2	5
17	13
9	10
14	4
15	6
11	19
5	20
13	22
2	12
2	16
2	21
18	7
# tree 414
1	2
2	23
23	18
18	9
23	17
1	14
23	15
2	11
2	5
17	13
9	10
14	4
15	6
11	19
5	20
13	22
2	12
2	16
2	21
9	7
# tree 415
1	2
2	23
23	18
18	9
23	17
1	14
23	15
2	11
2	5
17	13
9	10
14	4
15	6
11	19
5	20
13	22
2	12
2	16
2	21
23	7
# tree 416
1	2
2	23
23	18
18	9
23	17
1	14
23	15
2	11
2	5
17	13
9	10
14	4
15	6
11	19
5	20
13	22
2	12
2	16
2	21
2	7
# tree 417
1	2
2	23
23	18
18	9
23	17
1	14
9	10
2	11
2	5
23	15
17	13
14	4
10	7
11	19
5	20
9	21
2	12
2	16
2	22
23	6
# tree 418
1	2
2	23
23	18
18	9
23	17
1	14
9	10
2	11
2	5
23	15
17	13
14	4
10	7
11	19
5	20
9	21
2	12
2	16
2	22
2	6
# tree 419
1	2
2	23
23	18
18	9
23	17
1	14
23	15
2	11
2	5
9	10
17	13
14	4
15	6
11	19
5	20
9	21
2	12
2	16
2	22
18	7
# tree 420
1	2
2	23
23	18
18	9
23	17
1	14
23	15
2	11
2	5
9	10
17	13
14	4
15	6
11	19
5	20
9	21
2	12
2	16
2	22
9	7
# tree 421
1	2
2	23
23	18
18	9
23	17
1	14
23	15
2	11
2	5
9	10
17	13
14	4
15	6
11	19
5	20
9	21
2	12
2	16
2	22
23	7
# tree 422
1	2
2	23
23	18
18	9
23	17
1	14
23	15
2	11
2	5
9	10
17	13
14	4
15	6
11	19
5	20
9	21
2	12
2	16
2	22
2	7
# tree 423
1	2
2	23
23	18
18	9
23	17
1	14
2	11
2	5
17	13
9	10
23	15
14	4
11	19
5	20
9	21
13	22
2	12
2	16
2	6
18	7
# tree 424
1	2
2	23
23	18
18	9
23	17
1	14
2	11
2	5
17	13
9	10
23	15
14	4
11	19
5	20
9	21
13	22
2	12
2	16
2	6
9	7
# tree 425
1	2
2	23
23	18
18	9
23	17
1	14
2	11
2	5
17	13
9	10
23	15
14	4
11	19
5	20
9	21
13	22
2	12
2	16
2	6
23	7
# tree 426
1	2
2	23
23	18
18	9
23	17
1	14
2	11
2	5
17	13
9	10
23	15
14	4
11	19
5	20
9	21
13	22
2	12
2	16
2	6
2	7
# tree 427
1	2
2	23
23	18
18	9
23	17
1	14
9	10
23	15
2	11
2	5
17	13
14	4
10	7
15	16
11	19
5	20
2	12
2	21
2	22
23	6
# tree 428
1	2
2	23
23	18
18	9
23	17
1	14
9	10
23	15
2	11
2	5
17	13
14	4
10	7
15	16
11	19
5	20
2	12
2	21
2	22
2	6
# tree 429
1	2
2	23
23	18
18	9
23	17
1	14
23	15
2	11
2	5
9	10
17	13
14	4
15	6
15	16
11	19
5	20
2	12
2	21
2	22
18	7
# tree 430
1	2
2	23
23	18
18	9
23	17
1	14
23	15
2	11
2	5
9	10
17	13
14	4
15	6
15	16
11	19
5	20
2	12
2	21
2	22
9	7
# tree 431
1	2
2	23
23	18
18	9
23	17
1	14
23	15
2	11
2	5
9	10
17	13
14	4
15	6
15	16
11	19
5	20
2	12
2	21
2	22
23	7
# tree 432
1	2
2	23
23	18
18	9
23	17
1	14
23	15
2	11
2	5
9	10
17	13
14	4
15	6
15	16
11	19
5	20
2	12
2	21
2	22
2	7
# tree 433
1	2
2	23
23	18
18	9
23	17
1	14
23	15
2	11
2	5
17	13
9	10
14	4
15	16
11	19
5	20
13	22
2	12
2	21
2	6
18	7
# tree 434
1	2
2	23
23	18
18	9
23	17
1	14
23	15
2	11
2	5
17	13
9	10
14	4
15	16
11	19
5	20
13	22
2	12
2	21
2	6
9	7
# tree 435
1	2
2	23
23	18
18	9
23	17
1	14
23	15
2	11
2	5
17	13
9	10
14	4
15	16
11	19
5	20
13	22
2	12
2	21
2	6
23	7
# tree 436
1	2
2	23
23	18
18	9
23	17
1	14
23	15
2	11
2	5
17	13
9	10
14	4
15	16
11	19
5	20
13	22
2	12
2	21
2	6
2	7
# tree 437
1	2
2	23
23	18
18	9
23	17
1	14
23	15
2	11
2	5
9	10
17	13
14	4
15	16
11	19
5	20
9	21
2	12
2	22
2	6
18	7
# tree 438
1	2
2	23
23	18
18	9
23	17
1	14
23	15
2	11
2	5
9	10
17	13
14	4
15	16
11	19
5	20
9	21
2	12
2	22
2	6
9	7
# tree 439
1	2
2	23
23	18
18	9
23	17
1	14
23	15
2	11
2	5
9	10
17	13
14	4
15	16
11	19
5	20
9	21
2	12
2	22
2	6
23	7
# tree 440
1	2
2	23
23	18
18	9
23	17
1	14
23	15
2	11
2	5
9	10
17	13
14	4
15	16
11	19
5	20
9	21
2	12
2	22
2	6
2	7
# tree 441
1	2
2	23
23	18
18	9
1	14
23	15
9	10
2	5
2	11
23	17
2	13
14	4
15	6
10	7
5	12
11	19
5	20
2	16
2	21
17	22
# tree 442
1	2
2	23
23	18
18	9
1	14
23	15
9	10
2	5
2	11
2	13
23	17
14	4
15	6
10	7
5	12
11	19
5	20
2	16
2	21
23	22
# tree 443
1	2
2	23
23	18
18	9
1	14
23	15
9	10
2	5
2	11
2	13
23	17
14	4
15	6
10	7
5	12
11	19
5	20
2	16
2	21
2	22
# tree 444
1	2
2	23
23	18
18	9
1	14
9	10
2	5
2	11
2	13
23	15
23	17
14	4
10	7
5	12
11	19
5	20
13	22
2	16
2	21
23	6
# tree 445
1	2
2	23
23	18
18	9
1	14
9	10
2	5
2	11
2	13
23	15
23	17
14	4
10	7
5	12
11	19
5	20
13	22
2	16
2	21
2	6
# tree 446
1	2
2	23
23	18
18	9
1	14
23	15
2	5
2	11
2	13
9	10
23	17
14	4
15	6
5	12
11	19
5	20
13	22
2	16
2	21
18	7
# tree 447
1	2
2	23
23	18
18	9
1	14
23	15
2	5
2	11
2	13
9	10
23	17
14	4
15	6
5	12
11	19
5	20
13	22
2	16
2	21
9	7
# tree 448
1	2
2	23
23	18
18	9
1	14
23	15
2	5
2	11
2	13
9	10
23	17
14	4
15	6
5	12
11	19
5	20
13	22
2	16
2	21
23	7
# tree 449
1	2
2	23
23	18
18	9
1	14
23	15
2	5
2	11
2	13
9	10
23	17
14	4
15	6
5	12
11	19
5	20
13	22
2	16
2	21
2	7
# tree 450
1	2
2	23
23	18
18	9
1	14
9	10
2	5
2	11
23	15
2	13
23	17
14	4
10	7
5	12
11	19
5	20
9	21
2	16
2	22
23	6
# tree 451
1	2
2	23
23	18
18	9
1	14
9	10
2	5
2	11
23	15
2	13
23	17
14	4
10	7
5	12
11	19
5	20
9	21
2	16
2	22
2	6
# tree 452
1	2
2	23
23	18
18	9
1	14
23	15
2	5
2	11
9	10
2	13
23	17
14	4
15	6
5	12
11	19
5	20
9	21
2	16
2	22
18	7
# tree 453
1	2
2	23
23	18
18	9
1	14
23	15
2	5
2	11
9	10
2	13
23	17
14	4
15	6
5	12
11	19
5	20
9	21
2	16
2	22
9	7
# tree 454
1	2
2	23
23	18
18	9
1	14
23	15
2	5
2	11
9	10
2	13
23	17
14	4
15	6
5	12
11	19
5	20
9	21
2	16
2	22
23	7
# tree 455
1	2
2	23
23	18
18	9
1	14
23	15
2	5
2	11
9	10
2	13
23	17
14	4
15	6
5	12
11	19
5	20
9	21
2	16
2	22
2	7
# tree 456
1	2
2	23
23	18
18	9
1	14
2	5
2	11
2	13
9	10
23	15
23	17
14	4
5	12
11	19
5	20
9	21
13	22
2	16
2	6
18	7
# tree 457
1	2
2	23
23	18
18	9
1	14
2	5
2	11
2	13
9	10
23	15
23	17
14	4
5	12
11	19
5	20
9	21
13	22
2	16
2	6
9	7
# tree 458
1	2
2	23
23	18
18	9
1	14
2	5
2	11
2	13
9	10
23	15
23	17
14	4
5	12
11	19
5	20
9	21
13	22
2	16
2	6
23	7
# tree 459
1	2
2	23
23	18
18	9
1	14
2	5
2	11
2	13
9	10
23	15
23	17
14	4
5	12
11	19
5	20
9	21
13	22
2	16
2	6
2	7
# tree 460
1	2
2	23
23	18
18	9
1	14
9	10
2	5
23	15
2	11
2	13
23	17
14	4
10	7
5	12
15	16
11	19
5	20
2	21
2	22
23	6
# tree 461
1	2
2	23
23	18
18	9
1	14
9	10
2	5
23	15
2	11
2	13
23	17
14	4
10	7
5	12
15	16
11	19
5	20
2	21
2	22
2	6
# tree 462
1	2
2	23
23	18
18	9
1	14
23	15
2	5
2	11
9	10
2	13
23	17
14	4
15	6
5	12
15	16
11	19
5	20
2	21
2	22
18	7
# tree 463
1	2
2	23
23	18
18	9
1	14
23	15
2	5
2	11
9	10
2	13
23	17
14	4
15	6
5	12
15	16
11	19
5	20
2	21
2	22
9	7
# tree 464
1	2
2	23
23	18
18	9
1	14
23	15
2	5
2	11
9	10
2	13
23	17
14	4
15	6
5	12
15	16
11	19
5	20
2	21
2	22
23	7
# tree 465
1	2
2	23
23	18
18	9
1	14
23	15
2	5
2	11
9	10
2	13
23	17
14	4
15	6
5	12
15	16
11	19
5	20
2	21
2	22
2	7
# tree 466
1	2
2	23
23	18
18	9
1	14
2	5
23	15
2	11
2	13
9	10
23	17
14	4
5	12
15	16
11	19
5	20
13	22
2	21
2	6
18	7
# tree 467
1	2
2	23
23	18
18	9
1	14
2	5
23	15
2	11
2	13
9	10
23	17
14	4
5	12
15	16
11	19
5	20
13	22
2	21
2	6
9	7
# tree 468
1	2
2	23
23	18
18	9
1	14
2	5
23	15
2	11
2	13
9	10
23	17
14	4
5	12
15	16
11	19
5	20
13	22
2	21
2	6
23	7
# tree 469
1	2
2	23
23	18
18	9
1	14
2	5
23	15
2	11
2	13
9	10
23	17
14	4
5	12
15	16
11	19
5	20
13	22
2	21
2	6
2	7
# tree 470
1	2
2	23
23	18
18	9
1	14
2	5
23	15
2	11
9	10
2	13
23	17
14	4
5	12
15	16
11	19
5	20
9	21
2	22
2	6
18	7
# tree 471
1	2
2	23
23	18
18	9
1	14
2	5
23	15
2	11
9	10
2	13
23	17
14	4
5	12
15	16
11	19
5	20
9	21
2	22
2	6
9	7
# tree 472
1	2
2	23
23	18
18	9
1	14
2	5
23	15
2	11
9	10
2	13
23	17
14	4
5	12
15	16
11	19
5	20
9	21
2	22
2	6
23	7
# tree 473
1	2
2	23
23	18
18	9
1	14
2	5
23	15
2	11
9	10
2	13
23	17
14	4
5	12
15	16
11	19
5	20
9	21
2	22
2	6
2	7
# tree 474
1	2
2	23
23	18
18	9
23	17
1	14
9	10
2	5
2	11
23	15
17	13
14	4
10	7
5	12
11	19
5	20
2	16
2	21
2	22
23	6
# tree 475
1	2
2	23
23	18
18	9
23	17
1	14
9	10
2	5
2	11
23	15
17	13
14	4
10	7
5	12
11	19
5	20
2	16
2	21
2	22
2	6
# tree 476
1	2
2	23
23	18
18	9
23	17
1	14
23	15
2	5
2	11
9	10
17	13
14	4
15	6
5	12
11	19
5	20
2	16
2	21
2	22
18	7
# tree 477
1	2
2	23
23	18
18	9
23	17
1	14
23	15
2	5
2	11
9	10
17	13
14	4
15	6
5	12
11	19
5	20
2	16
2	21
2	22
9	7
# tree 478
1	2
2	23
23	18
18	9
23	17
1	14
23	15
2	5
2	11
9	10
17	13
14	4
15	6
5	12
11	19
5	20
2	16
2	21
2	22
23	7
# tree 479
1	2
2	23
23	18
18	9
23	17
1	14
23	15
2	5
2	11
9	10
17	13
14	4
15	6
5	12
11	19
5	20
2	16
2	21
2	22
2	7
# tree 480
1	2
2	23
23	18
18	9
23	17
1	14
2	5
2	11
17	13
9	10
23	15
14	4
5	12
11	19
5	20
13	22
2	16
2	21
2	6
18	7
# tree 481
1	2
2	23
23	18
18	9
23	17
1	14
2	5
2	11
17	13
9	10
23	15
14	4
5	12
11	19
5	20
13	22
2	16
2	21
2	6
9	7
# tree 482
1	2
2	23
23	18
18	9
23	17
1	14
2	5
2	11
17	13
9	10
23	15
14	4
5	12
11	19
5	20
13	22
2	16
2	21
2	6
23	7
# tree 483
1	2
2	23
23	18
18	9
23	17
1	14
2	5
2	11
17	13
9	10
23	15
14	4
5	12
11	19
5	20
13	22
2	16
2	21
2	6
2	7
# tree 484
1	2
2	23
23	18
18	9
23	17
1	14
2	5
2	11
9	10
23	15
17	13
14	4
5	12
11	19
5	20
9	21
2	16
2	22
2	6
18	7
# tree 485
1	2
2	23
23	18
18	9
23	17
1	14
2	5
2	11
9	10
23	15
17	13
14	4
5	12
11	19
5	20
9	21
2	16
2	22
2	6
9	7
# tree 486
1	2
2	23
23	18
18	9
23	17
1	14
2	5
2	11
9	10
23	15
17	13
14	4
5	12
11	19
5	20
9	21
2	16
2	22
2	6
23	7
# tree 487
1	2
2	23
23	18
18	9
23	17
1	14
2	5
2	11
9	10
23	15
17	13
14	4
5	12
11	19
5	20
9	21
2	16
2	22
2	6
2	7
# tree 488
1	2
2	23
23	18
18	9
23	17
1	14
2	5
23	15
2	11
9	10
17	13
14	4
5	12
15	16
11	19
5	20
2	21
2	22
2	6
18	7
# tree 489
1	2
2	23
23	18
18	9
23	17
1	14
2	5
23	15
2	11
9	10
17	13
14	4
5	12
15	16
11	19
5	20
2	21
2	22
2	6
9	7
# tree 490
1	2
2	23
23	18
18	9
23	17
1	14
2	5
23	15
2	11
9	10
17	13
14	4
5	12
15	16
11	19
5	20
2	21
2	22
2	6
23	7
# tree 491
1	2
2	23
23	18
18	9
23	17
1	14
2	5
23	15
2	11
9	10
17	13
14	4
5	12
15	16
11	19
5	20
2	21
2	22
2	6
2	7
# tree 492
1	2
2	23
23	18
1	14
23	15
18	10
2	11
2	5
2	13
18	9
23	17
14	4
15	6
10	7
11	19
5	20
13	22
2	12
2	16
18	21
# tree 493
1	2
2	23
23	18
1	14
23	15
18	10
2	11
2	5
2	13
18	9
23	17
14	4
15	6
10	7
11	19
5	20
13	22
2	12
2	16
23	21
# tree 494
1	2
2	23
23	18
1	14
23	15
18	10
2	11
2	5
2	13
18	9
23	17
14	4
15	6
10	7
11	19
5	20
13	22
2	12
2	16
2	21
# tree 495
1	2
2	23
23	18
1	14
23	15
18	10
2	11
2	5
18	9
23	17
2	13
14	4
15	6
10	7
11	19
5	20
9	21
2	12
2	16
17	22
# tree 496
1	2
2	23
23	18
1	14
23	15
18	10
2	11
2	5
18	9
2	13
23	17
14	4
15	6
10	7
11	19
5	20
9	21
2	12
2	16
23	22
# tree 497
1	2
2	23
23	18
1	14
23	15
18	10
2	11
2	5
18	9
2	13
23	17
14	4
15	6
10	7
11	19
5	20
9	21
2	12
2	16
2	22
# tree 498
1	2
2	23
23	18
1	14
18	10
2	11
2	5
18	9
2	13
23	15
23	17
14	4
10	7
11	19
5	20
9	21
13	22
2	12
2	16
23	6
# tree 499
1	2
2	23
23	18
1	14
18	10
2	11
2	5
18	9
2	13
23	15
23	17
14	4
10	7
11	19
5	20
9	21
13	22
2	12
2	16
2	6
# tree 500
1	2
2	23
23	18
1	14
23	15
2	11
2	5
18	9
2	13
18	10
23	17
14	4
15	6
11	19
5	20
9	21
13	22
2	12
2	16
18	7
# tree 501
1	2
2	23
23	18
1	14
23	15
2	11
2	5
18	9
2	13
18	10
23	17
14	4
15	6
11	19
5	20
9	21
13	22
2	12
2	16
9	7
# tree 502
1	2
2	23
23	18
1	14
23	15
2	11
2	5
18	9
2	13
18	10
23	17
14	4
15	6
11	19
5	20
9	21
13	22
2	12
2	16
23	7
# tree 503
1	2
2	23
23	18
1	14
23	15
2	11
2	5
18	9
2	13
18	10
23	17
14	4
15	6
11	19
5	20
9	21
13	22
2	12
2	16
2	7
# tree 504
1	2
2	23
23	18
1	14
23	15
18	10
2	11
2	5
23	17
2	13
18	9
14	4
15	6
10	7
15	16
11	19
5	20
2	12
2	21
17	22
# tree 505
1	2
2	23
23	18
1	14
23	15
18	10
2	11
2	5
2	13
18	9
23	17
14	4
15	6
10	7
15	16
11	19
5	20
2	12
2	21
23	22
# tree 506
1	2
2	23
23	18
1	14
23	15
18	10
2	11
2	5
2	13
18	9
23	17
14	4
15	6
10	7
15	16
11	19
5	20
2	12
2	21
2	22
# tree 507
1	2
2	23
23	18
1	14
18	10
23	15
2	11
2	5
2	13
18	9
23	17
14	4
10	7
15	16
11	19
5	20
13	22
2	12
2	21
23	6
# tree 508
1	2
2	23
23	18
1	14
18	10
23	15
2	11
2	5
2	13
18	9
23	17
14	4
10	7
15	16
11	19
5	20
13	22
2	12
2	21
2	6
# tree 509
1	2
2	23
23	18
1	14
23	15
2	11
2	5
2	13
18	10
18	9
23	17
14	4
15	6
15	16
11	19
5	20
13	22
2	12
2	21
18	7
# tree 510
1	2
2	23
23	18
1	14
23	15
2	11
2	5
2	13
18	9
18	10
23	17
14	4
15	6
15	16
11	19
5	20
13	22
2	12
2	21
9	7
# tree 511
1	2
2	23
23	18
1	14
23	15
2	11
2	5
2	13
18	10
18	9
23	17
14	4
15	6
15	16
11	19
5	20
13	22
2	12
2	21
23	7
# tree 512
1	2
2	23
23	18
1	14
23	15
2	11
2	5
2	13
18	10
18	9
23	17
14	4
15	6
15	16
11	19
5	20
13	22
2	12
2	21
2	7
# tree 513
1	2
2	23
23	18
1	14
18	10
23	15
2	11
2	5
18	9
2	13
23	17
14	4
10	7
15	16
11	19
5	20
9	21
2	12
2	22
23	6
# tree 514
1	2
2	23
23	18
1	14
18	10
23	15
2	11
2	5
18	9
2	13
23	17
14	4
10	7
15	16
11	19
5	20
9	21
2	12
2	22
2	6
# tree 515
1	2
2	23
23	18
1	14
23	15
2	11
2	5
18	9
18	10
2	13
23	17
14	4
15	6
15	16
11	19
5	20
9	21
2	12
2	22
18	7
# tree 516
1	2
2	23
23	18
1	14
23	15
2	11
2	5
18	9
18	10
2	13
23	17
14	4
15	6
15	16
11	19
5	20
9	21
2	12
2	22
9	7
# tree 517
1	2
2	23
23	18
1	14
23	15
2	11
2	5
18	9
18	10
2	13
23	17
14	4
15	6
15	16
11	19
5	20
9	21
2	12
2	22
23	7
# tree 518
1	2
2	23
23	18
1	14
23	15
2	11
2	5
18	9
18	10
2	13
23	17
14	4
15	6
15	16
11	19
5	20
9	21
2	12
2	22
2	7
# tree 519
1	2
2	23
23	18
1	14
23	15
2	11
2	5
18	9
2	13
18	10
23	17
14	4
15	16
11	19
5	20
9	21
13	22
2	12
2	6
18	7
# tree 520
1	2
2	23
23	18
1	14
23	15
2	11
2	5
18	9
2	13
18	10
23	17
14	4
15	16
11	19
5	20
9	21
13	22
2	12
2	6
9	7
# tree 521
1	2
2	23
23	18
1	14
23	15
2	11
2	5
18	9
2	13
18	10
23	17
14	4
15	16
11	19
5	20
9	21
13	22
2	12
2	6
23	7
# tree 522
1	2
2	23
23	18
1	14
23	15
2	11
2	5
18	9
2	13
18	10
23	17
14	4
15	16
11	19
5	20
9	21
13	22
2	12
2	6
2	7
# tree 523
1	2
2	23
23	18
23	17
1	14
23	15
18	10
2	11
2	5
17	13
18	9
14	4
15	6
10	7
11	19
5	20
2	12
2	16
2	21
17	22
# tree 524
1	2
2	23
23	18
23	17
1	14
23	15
18	10
2	11
2	5
17	13
18	9
14	4
15	6
10	7
11	19
5	20
2	12
2	16
2	21
23	22
# tree 525
1	2
2	23
23	18
23	17
1	14
23	15
18	10
2	11
2	5
17	13
18	9
14	4
15	6
10	7
11	19
5	20
2	12
2	16
2	21
2	22
# tree 526
1	2
2	23
23	18
23	17
1	14
18	10
2	11
2	5
17	13
23	15
18	9
14	4
10	7
11	19
5	20
13	22
2	12
2	16
2	21
23	6
# tree 527
1	2
2	23
23	18
23	17
1	14
18	10
2	11
2	5
17	13
23	15
18	9
14	4
10	7
11	19
5	20
13	22
2	12
2	16
2	21
2	6
# tree 528
1	2
2	23
23	18
23	17
1	14
23	15
2	11
2	5
17	13
18	10
18	9
14	4
15	6
11	19
5	20
13	22
2	12
2	16
2	21
18	7
# tree 529
1	2
2	23
23	18
23	17
1	14
23	15
2	11
2	5
17	13
18	9
18	10
14	4
15	6
11	19
5	20
13	22
2	12
2	16
2	21
9	7
# tree 530
1	2
2	23
23	18
23	17
1	14
23	15
2	11
2	5
17	13
18	10
18	9
14	4
15	6
11	19
5	20
13	22
2	12
2	16
2	21
23	7
# tree 531
1	2
2	23
23	18
23	17
1	14
23	15
2	11
2	5
17	13
18	10
18	9
14	4
15	6
11	19
5	20
13	22
2	12
2	16
2	21
2	7
# tree 532
1	2
2	23
23	18
23	17
1	14
18	10
2	11
2	5
18	9
23	15
17	13
14	4
10	7
11	19
5	20
9	21
2	12
2	16
2	22
23	6
# tree 533
1	2
2	23
23	18
23	17
1	14
18	10
2	11
2	5
18	9
23	15
17	13
14	4
10	7
11	19
5	20
9	21
2	12
2	16
2	22
2	6
# tree 534
1	2
2	23
23	18
23	17
1	14
23	15
2	11
2	5
18	9
18	10
17	13
14	4
15	6
11	19
5	20
9	21
2	12
2	16
2	22
18	7
# tree 535
1	2
2	23
23	18
23	17
1	14
23	15
2	11
2	5
18	9
18	10
17	13
14	4
15	6
11	19
5	20
9	21
2	12
2	16
2	22
9	7
# tree 536
1	2
2	23
23	18
23	17
1	14
23	15
2	11
2	5
18	9
18	10
17	13
14	4
15	6
11	19
5	20
9	21
2	12
2	16
2	22
23	7
# tree 537
1	2
2	23
23	18
23	17
1	14
23	15
2	11
2	5
18	9
18	10
17	13
14	4
15	6
11	19
5	20
9	21
2	12
2	16
2	22
2	7
# tree 538
1	2
2	23
23	18
23	17
1	14
2	11
2	5
18	9
17	13
18	10
23	15
14	4
11	19
5	20
9	21
13	22
2	12
2	16
2	6
18	7
# tree 539
1	2
2	23
23	18
23	17
1	14
2	11
2	5
18	9
17	13
18	10
23	15
14	4
11	19
5	20
9	21
13	22
2	12
2	16
2	6
9	7
# tree 540
1	2
2	23
23	18
23	17
1	14
2	11
2	5
18	9
17	13
18	10
23	15
14	4
11	19
5	20
9	21
13	22
2	12
2	16
2	6
23	7
# tree 541
1	2
2	23
23	18
23	17
1	14
2	11
2	5
18	9
17	13
18	10
23	15
14	4
11	19
5	20
9	21
13	22
2	12
2	16
2	6
2	7
# tree 542
1	2
2	23
23	18
23	17
1	14
18	10
23	15
2	11
2	5
17	13
18	9
14	4
10	7
15	16
11	19
5	20
2	12
2	21
2	22
23	6
# tree 543
1	2
2	23
23	18
23	17
1	14
18	10
23	15
2	11
2	5
17	13
18	9
14	4
10	7
15	16
11	19
5	20
2	12
2	21
2	22
2	6
# tree 544
1	2
2	23
23	18
23	17
1	14
23	15
2	11
2	5
18	10
17	13
18	9
14	4
15	6
15	16
11	19
5	20
2	12
2	21
2	22
18	7
# tree 545
1	2
2	23
23	18
23	17
1	14
23	15
2	11
2	5
18	9
18	10
17	13
14	4
15	6
15	16
11	19
5	20
2	12
2	21
2	22
9	7
# tree 546
1	2
2	23
23	18
23	17
1	14
23	15
2	11
2	5
18	10
17	13
18	9
14	4
15	6
15	16
11	19
5	20
2	12
2	21
2	22
23	7
# tree 547
1	2
2	23
23	18
23	17
1	14
23	15
2	11
2	5
18	10
17	13
18	9
14	4
15	6
15	16
11	19
5	20
2	12
2	21
2	22
2	7
# tree 548
1	2
2	23
23	18
23	17
1	14
23	15
2	11
2	5
17	13
18	10
18	9
14	4
15	16
11	19
5	20
13	22
2	12
2	21
2	6
18	7
# tree 549
1	2
2	23
23	18
23	17
1	14
23	15
2	11
2	5
17	13
18	9
18	10
14	4
15	16
11	19
5	20
13	22
2	12
2	21
2	6
9	7
# tree 550
1	2
2	23
23	18
23	17
1	14
23	15
2	11
2	5
17	13
18	10
18	9
14	4
15	16
11	19
5	20
13	22
2	12
2	21
2	6
23	7
# tree 551
1	2
2	23
23	18
23	17
1	14
23	15
2	11
2	5
17	13
18	10
18	9
14	4
15	16
11	19
5	20
13	22
2	12
2	21
2	6
2	7
# tree 552
1	2
2	23
23	18
23	17
1	14
23	15
2	11
2	5
18	9
18	10
17	13
14	4
15	16
11	19
5	20
9	21
2	12
2	22
2	6
18	7
# tree 553
1	2
2	23
23	18
23	17
1	14
23	15
2	11
2	5
18	9
18	10
17	13
14	4
15	16
11	19
5	20
9	21
2	12
2	22
2	6
9	7
# tree 554
1	2
2	23
23	18
23	17
1	14
23	15
2	11
2	5
18	9
18	10
17	13
14	4
15	16
11	19
5	20
9	21
2	12
2	22
2	6
23	7
# tree 555
1	2
2	23
23	18
23	17
1	14
23	15
2	11
2	5
18	9
18	10
17	13
14	4
15	16
11	19
5	20
9	21
2	12
2	22
2	6
2	7
# tree 556
1	2
2	23
23	18
1	14
23	15
18	10
2	5
2	11
23	17
2	13
18	9
14	4
15	6
10	7
5	12
11	19
5	20
2	16
2	21
17	22
# tree 557
1	2
2	23
23	18
1	14
23	15
18	10
2	5
2	11
2	13
18	9
23	17
14	4
15	6
10	7
5	12
11	19
5	20
2	16
2	21
23	22
# tree 558
1	2
2	23
23	18
1	14
23	15
18	10
2	5
2	11
2	13
18	9
23	17
14	4
15	6
10	7
5	12
11	19
5	20
2	16
2	21
2	22
# tree 559
1	2
2	23
23	18
1	14
18	10
2	5
2	11
2	13
23	15
18	9
23	17
14	4
10	7
5	12
11	19
5	20
13	22
2	16
2	21
23	6
# tree 560
1	2
2	23
23	18
1	14
18	10
2	5
2	11
2	13
23	15
18	9
23	17
14	4
10	7
5	12
11	19
5	20
13	22
2	16
2	21
2	6
# tree 561
1	2
2	23
23	18
1	14
23	15
2	5
2	11
2	13
18	10
18	9
23	17
14	4
15	6
5	12
11	19
5	20
13	22
2	16
2	21
18	7
# tree 562
1	2
2	23
23	18
1	14
23	15
2	5
2	11
2	13
18	9
18	10
23	17
14	4
15	6
5	12
11	19
5	20
13	22
2	16
2	21
9	7
# tree 563
1	2
2	23
23	18
1	14
23	15
2	5
2	11
2	13
18	10
18	9
23	17
14	4
15	6
5	12
11	19
5	20
13	22
2	16
2	21
23	7
# tree 564
1	2
2	23
23	18
1	14
23	15
2	5
2	11
2	13
18	10
18	9
23	17
14	4
15	6
5	12
11	19
5	20
13	22
2	16
2	21
2	7
# tree 565
1	2
2	23
23	18
1	14
18	10
2	5
2	11
18	9
23	15
2	13
23	17
14	4
10	7
5	12
11	19
5	20
9	21
2	16
2	22
23	6
# tree 566
1	2
2	23
23	18
1	14
18	10
2	5
2	11
18	9
23	15
2	13
23	17
14	4
10	7
5	12
11	19
5	20
9	21
2	16
2	22
2	6
# tree 567
1	2
2	23
23	18
1	14
23	15
2	5
2	11
18	9
18	10
2	13
23	17
14	4
15	6
5	12
11	19
5	20
9	21
2	16
2	22
18	7
# tree 568
1	2
2	23
23	18
1	14
23	15
2	5
2	11
18	9
18	10
2	13
23	17
14	4
15	6
5	12
11	19
5	20
9	21
2	16
2	22
9	7
# tree 569
1	2
2	23
23	18
1	14
23	15
2	5
2	11
18	9
18	10
2	13
23	17
14	4
15	6
5	12
11	19
5	20
9	21
2	16
2	22
23	7
# tree 570
1	2
2	23
23	18
1	14
23	15
2	5
2	11
18	9
18	10
2	13
23	17
14	4
15	6
5	12
11	19
5	20
9	21
2	16
2	22
2	7
# tree 571
1	2
2	23
23	18
1	14
2	5
2	11
18	9
2	13
18	10
23	15
23	17
14	4
5	12
11	19
5	20
9	21
13	22
2	16
2	6
18	7
# tree 572
1	2
2	23
23	18
1	14
2	5
2	11
18	9
2	13
18	10
23	15
23	17
14	4
5	12
11	19
5	20
9	21
13	22
2	16
2	6
9	7
# tree 573
1	2
2	23
23	18
1	14
2	5
2	11
18	9
2	13
18	10
23	15
23	17
14	4
5	12
11	19
5	20
9	21
13	22
2	16
2	6
23	7
# tree 574
1	2
2	23
23	18
1	14
2	5
2	11
18	9
2	13
18	10
23	15
23	17
14	4
5	12
11	19
5	20
9	21
13	22
2	16
2	6
2	7
# tree 575
1	2
2	23
23	18
1	14
18	10
2	5
23	15
2	11
2	13
18	9
23	17
14	4
10	7
5	12
15	16
11	19
5	20
2	21
2	22
23	6
# tree 576
1	2
2	23
23	18
1	14
18	10
2	5
23	15
2	11
2	13
18	9
23	17
14	4
10	7
5	12
15	16
11	19
5	20
2	21
2	22
2	6
# tree 577
1	2
2	23
23	18
1	14
23	15
2	5
2	11
18	10
2	13
18	9
23	17
14	4
15	6
5	12
15	16
11	19
5	20
2	21
2	22
18	7
# tree 578
1	2
2	23
23	18
1	14
23	15
2	5
2	11
18	9
18	10
2	13
23	17
14	4
15	6
5	12
15	16
11	19
5	20
2	21
2	22
9	7
# tree 579
1	2
2	23
23	18
1	14
23	15
2	5
2	11
18	10
2	13
18	9
23	17
14	4
15	6
5	12
15	16
11	19
5	20
2	21
2	22
23	7
# tree 580
1	2
2	23
23	18
1	14
23	15
2	5
2	11
18	10
2	13
18	9
23	17
14	4
15	6
5	12
15	16
11	19
5	20
2	21
2	22
2	7
# tree 581
1	2
2	23
23	18
1	14
2	5
23	15
2	11
2	13
18	10
18	9
23	17
14	4
5	12
15	16
11	19
5	20
13	22
2	21
2	6
18	7
# tree 582
1	2
2	23
23	18
1	14
2	5
23	15
2	11
2	13
18	9
18	10
23	17
14	4
5	12
15	16
11	19
5	20
13	22
2	21
2	6
9	7
# tree 583
1	2
2	23
23	18
1	14
2	5
23	15
2	11
2	13
18	10
18	9
23	17
14	4
5	12
15	16
11	19
5	20
13	22
2	21
2	6
23	7
# tree 584
1	2
2	23
23	18
1	14
2	5
23	15
2	11
2	13
18	10
18	9
23	17
14	4
5	12
15	16
11	19
5	20
13	22
2	21
2	6
2	7
# tree 585
1	2
2	23
23	18
1	14
2	5
23	15
2	11
18	9
18	10
2	13
23	17
14	4
5	12
15	16
11	19
5	20
9	21
2	22
2	6
18	7
# tree 586
1	2
2	23
23	18
1	14
2	5
23	15
2	11
18	9
18	10
2	13
23	17
14	4
5	12
15	16
11	19
5	20
9	21
2	22
2	6
9	7
# tree 587
1	2
2	23
23	18
1	14
2	5
23	15
2	11
18	9
18	10
2	13
23	17
14	4
5	12
15	16
11	19
5	20
9	21
2	22
2	6
23	7
# tree 588
1	2
2	23
23	18
1	14
2	5
23	15
2	11
18	9
18	10
2	13
23	17
14	4
5	12
15	16
11	19
5	20
9	21
2	22
2	6
2	7
# tree 589
1	2
2	23
23	18
23	17
1	14
18	10
2	5
2	11
23	15
17	13
18	9
14	4
10	7
5	12
11	19
5	20
2	16
2	21
2	22
23	6
# tree 590
1	2
2	23
23	18
23	17
1	14
18	10
2	5
2	11
23	15
17	13
18	9
14	4
10	7
5	12
11	19
5	20
2	16
2	21
2	22
2	6
# tree 591
1	2
2	23
23	18
23	17
1	14
23	15
2	5
2	11
18	10
17	13
18	9
14	4
15	6
5	12
11	19
5	20
2	16
2	21
2	22
18	7
# tree 592
1	2
2	23
23	18
23	17
1	14
23	15
2	5
2	11
18	9
18	10
17	13
14	4
15	6
5	12
11	19
5	20
2	16
2	21
2	22
9	7
# tree 593
1	2
2	23
23	18
23	17
1	14
23	15
2	5
2	11
18	10
17	13
18	9
14	4
15	6
5	12
11	19
5	20
2	16
2	21
2	22
23	7
# tree 594
1	2
2	23
23	18
23	17
1	14
23	15
2	5
2	11
18	10
17	13
18	9
14	4
15	6
5	12
11	19
5	20
2	16
2	21
2	22
2	7
# tree 595
1	2
2	23
23	18
23	17
1	14
2	5
2	11
17	13
18	10
23	15
18	9
14	4
5	12
11	19
5	20
13	22
2	16
2	21
2	6
18	7
# tree 596
1	2
2	23
23	18
23	17
1	14
2	5
2	11
17	13
18	9
18	10
23	15
14	4
5	12
11	19
5	20
13	22
2	16
2	21
2	6
9	7
# tree 597
1	2
2	23
23	18
23	17
1	14
2	5
2	11
17	13
18	10
23	15
18	9
14	4
5	12
11	19
5	20
13	22
2	16
2	21
2	6
23	7
# tree 598
1	2
2	23
23	18
23	17
1	14
2	5
2	11
17	13
18	10
23	15
18	9
14	4
5	12
11	19
5	20
13	22
2	16
2	21
2	6
2	7
# tree 599
1	2
2	23
23	18
23	17
1	14
2	5
2	11
18	9
18	10
23	15
17	13
14	4
5	12
11	19
5	20
9	21
2	16
2	22
2	6
18	7
# tree 600
1	2
2	23
23	18
23	17
1	14
2	5
2	11
18	9
18	10
23	15
17	13
14	4
5	12
11	19
5	20
9	21
2	16
2	22
2	6
9	7
# tree 601
1	2
2	23
23	18
23	17
1	14
2	5
2	11
18	9
18	10
23	15
17	13
14	4
5	12
11	19
5	20
9	21
2	16
2	22
2	6
23	7
# tree 602
1	2
2	23
23	18
23	17
1	14
2	5
2	11
18	9
18	10
23	15
17	13
14	4
5	12
11	19
5	20
9	21
2	16
2	22
2	6
2	7
# tree 603
1	2
2	23
23	18
23	17
1	14
2	5
23	15
2	11
18	10
17	13
18	9
14	4
5	12
15	16
11	19
5	20
2	21
2	22
2	6
18	7
# tree 604
1	2
2	23
23	18
23	17
1	14
2	5
23	15
2	11
18	9
18	10
17	13
14	4
5	12
15	16
11	19
5	20
2	21
2	22
2	6
9	7
# tree 605
1	2
2	23
23	18
23	17
1	14
2	5
23	15
2	11
18	10
17	13
18	9
14	4
5	12
15	16
11	19
5	20
2	21
2	22
2	6
23	7
# tree 606
1	2
2	23
23	18
23	17
1	14
2	5
23	15
2	11
18	10
17	13
18	9
14	4
5	12
15	16
11	19
5	20
2	21
2	22
2	6
2	7
# tree 607
1	2
2	23
23	18
18	9
1	14
23	15
9	10
2	11
2	5
23	17
2	13
14	4
15	6
10	7
11	19
5	20
2	12
2	16
2	21
17	22
# tree 608
1	2
2	23
23	18
18	9
1	14
23	15
9	10
2	11
2	5
2	13
23	17
14	4
15	6
10	7
11	19
5	20
2	12
2	16
2	21
23	22
# tree 609
1	2
2	23
23	18
18	9
1	14
23	15
9	10
2	11
2	5
2	13
23	17
14	4
15	6
10	7
11	19
5	20
2	12
2	16
2	21
2	22
# tree 610
1	2
2	23
23	18
18	9
1	14
9	10
2	11
2	5
2	13
23	15
23	17
14	4
10	7
11	19
5	20
13	22
2	12
2	16
2	21
23	6
# tree 611
1	2
2	23
23	18
18	9
1	14
9	10
2	11
2	5
2	13
23	15
23	17
14	4
10	7
11	19
5	20
13	22
2	12
2	16
2	21
2	6
# tree 612
1	2
2	23
23	18
18	9
1	14
23	15
2	11
2	5
2	13
9	10
23	17
14	4
15	6
11	19
5	20
13	22
2	12
2	16
2	21
18	7
# tree 613
1	2
2	23
23	18
18	9
1	14
23	15
2	11
2	5
2	13
9	10
23	17
14	4
15	6
11	19
5	20
13	22
2	12
2	16
2	21
9	7
# tree 614
1	2
2	23
23	18
18	9
1	14
23	15
2	11
2	5
2	13
9	10
23	17
14	4
15	6
11	19
5	20
13	22
2	12
2	16
2	21
23	7
# tree 615
1	2
2	23
23	18
18	9
1	14
23	15
2	11
2	5
2	13
9	10
23	17
14	4
15	6
11	19
5	20
13	22
2	12
2	16
2	21
2	7
# tree 616
1	2
2	23
23	18
18	9
1	14
9	10
2	11
2	5
23	15
2	13
23	17
14	4
10	7
11	19
5	20
9	21
2	12
2	16
2	22
23	6
# tree 617
1	2
2	23
23	18
18	9
1	14
9	10
2	11
2	5
23	15
2	13
23	17
14	4
10	7
11	19
5	20
9	21
2	12
2	16
2	22
2	6
# tree 618
1	2
2	23
23	18
18	9
1	14
23	15
2	11
2	5
9	10
2	13
23	17
14	4
15	6
11	19
5	20
9	21
2	12
2	16
2	22
18	7
# tree 619
1	2
2	23
23	18
18	9
1	14
23	15
2	11
2	5
9	10
2	13
23	17
14	4
15	6
11	19
5	20
9	21
2	12
2	16
2	22
9	7
# tree 620
1	2
2	23
23	18
18	9
1	14
23	15
2	11
2	5
9	10
2	13
23	17
14	4
15	6
11	19
5	20
9	21
2	12
2	16
2	22
23	7
# tree 621
1	2
2	23
23	18
18	9
1	14
23	15
2	11
2	5
9	10
2	13
23	17
14	4
15	6
11	19
5	20
9	21
2	12
2	16
2	22
2	7
# tree 622
1	2
2	23
23	18
18	9
1	14
2	11
2	5
2	13
9	10
23	15
23	17
14	4
11	19
5	20
9	21
13	22
2	12
2	16
2	6
18	7
# tree 623
1	2
2	23
23	18
18	9
1	14
2	11
2	5
2	13
9	10
23	15
23	17
14	4
11	19
5	20
9	21
13	22
2	12
2	16
2	6
9	7
# tree 624
1	2
2	23
23	18
18	9
1	14
2	11
2	5
2	13
9	10
23	15
23	17
14	4
11	19
5	20
9	21
13	22
2	12
2	16
2	6
23	7
# tree 625
1	2
2	23
23	18
18	9
1	14
2	11
2	5
2	13
9	10
23	15
23	17
14	4
11	19
5	20
9	21
13	22
2	12
2	16
2	6
2	7
# tree 626
1	2
2	23
23	18
18	9
1	14
9	10
23	15
2	11
2	5
2	13
23	17
14	4
10	7
15	16
11	19
5	20
2	12
2	21
2	22
23	6
# tree 627
1	2
2	23
23	18
18	9
1	14
9	10
23	15
2	11
2	5
2	13
23	17
14	4
10	7
15	16
11	19
5	20
2	12
2	21
2	22
2	6
# tree 628
1	2
2	23
23	18
18	9
1	14
23	15
2	11
2	5
9	10
2	13
23	17
14	4
15	6
15	16
11	19
5	20
2	12
2	21
2	22
18	7
# tree 629
1	2
2	23
23	18
18	9
1	14
23	15
2	11
2	5
9	10
2	13
23	17
14	4
15	6
15	16
11	19
5	20
2	12
2	21
2	22
9	7
# tree 630
1	2
2	23
23	18
18	9
1	14
23	15
2	11
2	5
9	10
2	13
23	17
14	4
15	6
15	16
11	19
5	20
2	12
2	21
2	22
23	7
# tree 631
1	2
2	23
23	18
18	9
1	14
23	15
2	11
2	5
9	10
2	13
23	17
14	4
15	6
15	16
11	19
5	20
2	12
2	21
2	22
2	7
# tree 632
1	2
2	23
23	18
18	9
1	14
23	15
2	11
2	5
2	13
9	10
23	17
14	4
15	16
11	19
5	20
13	22
2	12
2	21
2	6
18	7
# tree 633
1	2
2	23
23	18
18	9
1	14
23	15
2	11
2	5
2	13
9	10
23	17
14	4
15	16
11	19
5	20
13	22
2	12
2	21
2	6
9	7
# tree 634
1	2
2	23
23	18
18	9
1	14
23	15
2	11
2	5
2	13
9	10
23	17
14	4
15	16
11	19
5	20
13	22
2	12
2	21
2	6
23	7
# tree 635
1	2
2	23
23	18
18	9
1	14
23	15
2	11
2	5
2	13
9	10
23	17
14	4
15	16
11	19
5	20
13	22
2	12
2	21
2	6
2	7
# tree 636
1	2
2	23
23	18
18	9
1	14
23	15
2	11
2	5
9	10
2	13
23	17
14	4
15	16
11	19
5	20
9	21
2	12
2	22
2	6
18	7
# tree 637
1	2
2	23
23	18
18	9
1	14
23	15
2	11
2	5
9	10
2	13
23	17
14	4
15	16
11	19
5	20
9	21
2	12
2	22
2	6
9	7
# tree 638
1	2
2	23
23	18
18	9
1	14
23	15
2	11
2	5
9	10
2	13
23	17
14	4
15	16
11	19
5	20
9	21
2	12
2	22
2	6
23	7
# tree 639
1	2
2	23
23	18
18	9
1	14
23	15
2	11
2	5
9	10
2	13
23	17
14	4
15	16
11	19
5	20
9	21
2	12
2	22
2	6
2	7
# tree 640
1	2
2	23
23	18
18	9
23	17
1	14
9	10
2	11
2	5
23	15
17	13
14	4
10	7
11	19
5	20
2	12
2	16
2	21
2	22
23	6
# tree 641
1	2
2	23
23	18
18	9
23	17
1	14
9	10
2	11
2	5
23	15
17	13
14	4
10	7
11	19
5	20
2	12
2	16
2	21
2	22
2	6
# tree 642
1	2
2	23
23	18
18	9
23	17
1	14
23	15
2	11
2	5
9	10
17	13
14	4
15	6
11	19
5	20
2	12
2	16
2	21
2	22
18	7
# tree 643
1	2
2	23
23	18
18	9
23	17
1	14
23	15
2	11
2	5
9	10
17	13
14	4
15	6
11	19
5	20
2	12
2	16
2	21
2	22
9	7
# tree 644
1	2
2	23
23	18
18	9
23	17
1	14
23	15
2	11
2	5
9	10
17	13
14	4
15	6
11	19
5	20
2	12
2	16
2	21
2	22
23	7
# tree 645
1	2
2	23
23	18
18	9
23	17
1	14
23	15
2	11
2	5
9	10
17	13
14	4
15	6
11	19
5	20
2	12
2	16
2	21
2	22
2	7
# tree 646
1	2
2	23
23	18
18	9
23	17
1	14
2	11
2	5
17	13
9	10
23	15
14	4
11	19
5	20
13	22
2	12
2	16
2	21
2	6
18	7
# tree 647
1	2
2	23
23	18
18	9
23	17
1	14
2	11
2	5
17	13
9	10
23	15
14	4
11	19
5	20
13	22
2	12
2	16
2	21
2	6
9	7
# tree 648
1	2
2	23
23	18
18	9
23	17
1	14
2	11
2	5
17	13
9	10
23	15
14	4
11	19
5	20
13	22
2	12
2	16
2	21
2	6
23	7
# tree 649
1	2
2	23
23	18
18	9
23	17
1	14
2	11
2	5
17	13
9	10
23	15
14	4
11	19
5	20
13	22
2	12
2	16
2	21
2	6
2	7
# tree 650
1	2
2	23
23	18
18	9
23	17
1	14
2	11
2	5
9	10
23	15
17	13
14	4
11	19
5	20
9	21
2	12
2	16
2	22
2	6
18	7
# tree 651
1	2
2	23
23	18
18	9
23	17
1	14
2	11
2	5
9	10
23	15
17	13
14	4
11	19
5	20
9	21
2	12
2	16
2	22
2	6
9	7
# tree 652
1	2
2	23
23	18
18	9
23	17
1	14
2	11
2	5
9	10
23	15
17	13
14	4
11	19
5	20
9	21
2	12
2	16
2	22
2	6
23	7
# tree 653
1	2
2	23
23	18
18	9
23	17
1	14
2	11
2	5
9	10
23	15
17	13
14	4
11	19
5	20
9	21
2	12
2	16
2	22
2	6
2	7
# tree 654
1	2
2	23
23	18
18	9
23	17
1	14
23	15
2	11
2	5
9	10
17	13
14	4
15	16
11	19
5	20
2	12
2	21
2	22
2	6
18	7
# tree 655
1	2
2	23
23	18
18	9
23	17
1	14
23	15
2	11
2	5
9	10
17	13
14	4
15	16
11	19
5	20
2	12
2	21
2	22
2	6
9	7
# tree 656
1	2
2	23
23	18
18	9
23	17
1	14
23	15
2	11
2	5
9	10
17	13
14	4
15	16
11	19
5	20
2	12
2	21
2	22
2	6
23	7
# tree 657
1	2
2	23
23	18
18	9
23	17
1	14
23	15
2	11
2	5
9	10
17	13
14	4
15	16
11	19
5	20
2	12
2	21
2	22
2	6
2	7
# tree 658
1	2
2	23
23	18
18	9
1	14
9	10
2	5
2	11
23	15
2	13
23	17
14	4
10	7
5	12
11	19
5	20
2	16
2	21
2	22
23	6
# tree 659
1	2
2	23
23	18
18	9
1	14
9	10
2	5
2	11
23	15
2	13
23	17
14	4
10	7
5	12
11	19
5	20
2	16
2	21
2	22
2	6
# tree 660
1	2
2	23
23	18
18	9
1	14
23	15
2	5
2	11
9	10
2	13
23	17
14	4
15	6
5	12
11	19
5	20
2	16
2	21
2	22
18	7
# tree 661
1	2
2	23
23	18
18	9
1	14
23	15
2	5
2	11
9	10
2	13
23	17
14	4
15	6
5	12
11	19
5	20
2	16
2	21
2	22
9	7
# tree 662
1	2
2	23
23	18
18	9
1	14
23	15
2	5
2	11
9	10
2	13
23	17
14	4
15	6
5	12
11	19
5	20
2	16
2	21
2	22
23	7
# tree 663
1	2
2	23
23	18
18	9
1	14
23	15
2	5
2	11
9	10
2	13
23	17
14	4
15	6
5	12
11	19
5	20
2	16
2	21
2	22
2	7
# tree 664
1	2
2	23
23	18
18	9
1	14
2	5
2	11
2	13
9	10
23	15
23	17
14	4
5	12
11	19
5	20
13	22
2	16
2	21
2	6
18	7
# tree 665
1	2
2	23
23	18
18	9
1	14
2	5
2	11
2	13
9	10
23	15
23	17
14	4
5	12
11	19
5	20
13	22
2	16
2	21
2	6
9	7
# tree 666
1	2
2	23
23	18
18	9
1	14
2	5
2	11
2	13
9	10
23	15
23	17
14	4
5	12
11	19
5	20
13	22
2	16
2	21
2	6
23	7
# tree 667
1	2
2	23
23	18
18	9
1	14
2	5
2	11
2	13
9	10
23	15
23	17
14	4
5	12
11	19
5	20
13	22
2	16
2	21
2	6
2	7
# tree 668
1	2
2	23
23	18
18	9
1	14
2	5
2	11
9	10
23	15
2	13
23	17
14	4
5	12
11	19
5	20
9	21
2	16
2	22
2	6
18	7
# tree 669
1	2
2	23
23	18
18	9
1	14
2	5
2	11
9	10
23	15
2	13
23	17
14	4
5	12
11	19
5	20
9	21
2	16
2	22
2	6
9	7
# tree 670
1	2
2	23
23	18
18	9
1	14
2	5
2	11
9	10
23	15
2	13
23	17
14	4
5	12
11	19
5	20
9	21
2	16
2	22
2	6
23	7
# tree 671
1	2
2	23
23	18
18	9
1	14
2	5
2	11
9	10
23	15
2	13
23	17
14	4
5	12
11	19
5	20
9	21
2	16
2	22
2	6
2	7
# tree 672
1	2
2	23
23	18
18	9
1	14
2	5
23	15
2	11
9	10
2	13
23	17
14	4
5	12
15	16
11	19
5	20
2	21
2	22
2	6
18	7
# tree 673
1	2
2	23
23	18
18	9
1	14
2	5
23	15
2	11
9	10
2	13
23	17
14	4
5	12
15	16
11	19
5	20
2	21
2	22
2	6
9	7
# tree 674
1	2
2	23
23	18
18	9
1	14
2	5
23	15
2	11
9	10
2	13
23	17
14	4
5	12
15	16
11	19
5	20
2	21
2	22
2	6
23	7
# tree 675
1	2
2	23
23	18
18	9
1	14
2	5
23	15
2	11
9	10
2	13
23	17
14	4
5	12
15	16
11	19
5	20
2	21
2	22
2	6
2	7
# tree 676
1	2
2	23
23	18
18	9
23	17
1	14
2	5
2	11
9	10
23	15
17	13
14	4
5	12
11	19
5	20
2	16
2	21
2	22
2	6
18	7
# tree 677
1	2
2	23
23	18
18	9
23	17
1	14
2	5
2	11
9	10
23	15
17	13
14	4
5	12
11	19
5	20
2	16
2	21
2	22
2	6
9	7
# tree 678
1	2
2	23
23	18
18	9
23	17
1	14
2	5
2	11
9	10
23	15
17	13
14	4
5	12
11	19
5	20
2	16
2	21
2	22
2	6
23	7
# tree 679
1	2
2	23
23	18
18	9
23	17
1	14
2	5
2	11
9	10
23	15
17	13
14	4
5	12
11	19
5	20
2	16
2	21
2	22
2	6
2	7
