### 747 trees
# tree 1
2	1
1	4
11	5
2	7
18	8
8	9
7	10
18	11
11	13
11	14
10	18
4	16
7	3
13	6
2	12
14	15
9	17
5	19
# tree 2
2	1
18	11
10	18
18	8
2	7
7	10
1	4
11	13
11	14
8	9
11	5
2	12
4	16
13	6
14	15
9	17
5	19
12	3
# tree 3
2	1
10	18
18	8
2	7
18	11
7	10
1	4
11	13
11	14
8	9
18	5
4	16
7	3
13	6
2	12
14	15
9	17
5	19
# tree 4
2	1
10	18
18	8
2	7
18	11
7	10
1	4
11	13
11	14
8	9
10	5
4	16
7	3
13	6
2	12
14	15
9	17
5	19
# tree 5
2	1
18	11
10	18
18	8
2	7
7	10
1	4
11	14
8	9
11	5
11	13
4	16
7	3
2	12
14	15
9	17
5	19
18	6
# tree 6
2	1
18	11
10	18
18	8
2	7
7	10
1	4
11	14
8	9
11	5
11	13
4	16
7	3
2	12
14	15
9	17
5	19
11	6
# tree 7
2	1
18	11
10	18
18	8
2	7
7	10
1	4
11	14
8	9
11	5
11	13
4	16
7	3
2	12
14	15
9	17
5	19
10	6
# tree 8
2	1
18	11
7	8
2	7
10	18
7	10
1	4
11	13
11	14
8	9
11	5
4	16
7	3
13	6
2	12
14	15
9	17
5	19
# tree 9
2	1
18	11
10	8
2	7
10	18
7	10
1	4
11	13
11	14
8	9
11	5
4	16
7	3
13	6
2	12
14	15
9	17
5	19
# tree 10
2	1
18	11
10	18
2	7
7	10
1	4
11	13
11	14
2	9
11	5
18	8
4	16
7	3
13	6
2	12
14	15
9	17
5	19
# tree 11
2	1
18	11
10	18
2	7
7	10
1	4
11	13
11	14
18	9
11	5
18	8
4	16
7	3
13	6
2	12
14	15
9	17
5	19
# tree 12
2	1
18	11
10	18
2	7
7	10
1	4
11	13
11	14
7	9
11	5
18	8
4	16
7	3
13	6
2	12
14	15
9	17
5	19
# tree 13
2	1
18	11
10	18
2	7
7	10
1	4
11	13
11	14
10	9
11	5
18	8
4	16
7	3
13	6
2	12
14	15
9	17
5	19
# tree 14
2	1
18	11
10	18
18	8
2	7
7	10
1	4
18	13
11	14
8	9
11	5
4	16
7	3
13	6
2	12
14	15
9	17
5	19
# tree 15
2	1
18	11
10	18
18	8
2	7
7	10
1	4
10	13
11	14
8	9
11	5
4	16
7	3
13	6
2	12
14	15
9	17
5	19
# tree 16
2	1
18	11
10	18
18	8
2	7
7	10
1	4
11	13
18	14
8	9
11	5
4	16
7	3
13	6
2	12
14	15
9	17
5	19
# tree 17
2	1
18	11
10	18
18	8
2	7
7	10
1	4
11	13
8	9
11	5
11	14
4	16
7	3
13	6
2	12
9	17
5	19
18	15
# tree 18
2	1
18	11
10	18
18	8
2	7
7	10
1	4
11	13
8	9
11	5
11	14
4	16
7	3
13	6
2	12
9	17
5	19
11	15
# tree 19
2	1
18	11
10	18
18	8
2	7
7	10
11	13
11	14
8	9
11	5
1	4
7	3
13	6
2	12
14	15
9	17
5	19
1	16
# tree 20
2	1
18	11
10	18
18	8
2	7
7	10
1	4
11	13
11	14
11	5
8	9
4	16
7	3
13	6
2	12
14	15
5	19
2	17
# tree 21
2	1
18	11
10	18
18	8
2	7
7	10
1	4
11	13
11	14
11	5
8	9
4	16
7	3
13	6
2	12
14	15
5	19
18	17
# tree 22
2	1
18	11
10	18
18	8
2	7
7	10
1	4
11	13
11	14
11	5
8	9
4	16
7	3
13	6
2	12
14	15
5	19
8	17
# tree 23
2	1
18	11
10	18
18	8
2	7
7	10
1	4
11	13
11	14
11	5
8	9
4	16
7	3
13	6
2	12
14	15
5	19
7	17
# tree 24
2	1
18	11
10	18
18	8
2	7
7	10
1	4
11	13
11	14
11	5
8	9
4	16
7	3
13	6
2	12
14	15
5	19
10	17
# tree 25
2	1
18	11
10	18
18	8
2	7
7	10
1	4
11	13
11	14
8	9
11	5
4	16
7	3
13	6
2	12
14	15
9	17
11	19
# tree 26
2	1
18	11
10	18
18	8
2	7
7	10
1	4
11	13
11	14
8	9
11	5
4	16
7	3
13	6
2	12
14	15
9	17
18	19
# tree 27
2	1
18	11
10	18
18	8
2	7
7	10
1	4
11	13
11	14
8	9
11	5
4	16
7	3
13	6
2	12
14	15
9	17
10	19
# tree 28
10	18
7	10
2	7
2	1
18	8
18	11
1	4
10	13
18	14
8	9
11	5
4	16
7	3
13	6
2	12
14	15
9	17
5	19
# tree 29
10	18
7	10
2	7
2	1
18	11
18	8
1	4
10	13
8	9
11	5
11	14
4	16
7	3
13	6
2	12
9	17
5	19
18	15
# tree 30
10	18
7	10
2	7
2	1
18	11
18	8
1	4
10	13
8	9
11	5
11	14
4	16
7	3
13	6
2	12
9	17
5	19
11	15
# tree 31
10	18
7	10
2	7
2	1
18	11
18	8
10	13
11	14
8	9
11	5
1	4
7	3
13	6
2	12
14	15
9	17
5	19
1	16
# tree 32
10	18
7	10
2	7
2	1
18	11
18	8
1	4
10	13
11	14
11	5
8	9
4	16
7	3
13	6
2	12
14	15
5	19
2	17
# tree 33
10	18
7	10
2	7
2	1
18	11
18	8
1	4
10	13
11	14
11	5
8	9
4	16
7	3
13	6
2	12
14	15
5	19
18	17
# tree 34
10	18
7	10
2	7
2	1
18	11
18	8
1	4
10	13
11	14
11	5
8	9
4	16
7	3
13	6
2	12
14	15
5	19
8	17
# tree 35
10	18
7	10
2	7
2	1
18	11
18	8
1	4
10	13
11	14
11	5
8	9
4	16
7	3
13	6
2	12
14	15
5	19
7	17
# tree 36
10	18
7	10
2	7
2	1
18	11
18	8
1	4
10	13
11	14
11	5
8	9
4	16
7	3
13	6
2	12
14	15
5	19
10	17
# tree 37
10	18
7	10
2	7
2	1
18	11
18	8
1	4
10	13
11	14
8	9
11	5
4	16
7	3
13	6
2	12
14	15
9	17
11	19
# tree 38
10	18
7	10
2	7
2	1
18	11
18	8
1	4
10	13
11	14
8	9
11	5
4	16
7	3
13	6
2	12
14	15
9	17
18	19
# tree 39
10	18
7	10
2	7
2	1
18	11
18	8
1	4
10	13
11	14
8	9
11	5
4	16
7	3
13	6
2	12
14	15
9	17
10	19
# tree 40
10	18
7	10
2	7
2	1
18	11
18	8
1	4
10	13
11	14
8	9
18	5
4	16
7	3
13	6
2	12
14	15
9	17
5	19
# tree 41
10	18
7	10
2	7
2	1
18	11
18	8
1	4
10	13
11	14
8	9
10	5
4	16
7	3
13	6
2	12
14	15
9	17
5	19
# tree 42
10	18
7	10
2	7
2	1
18	11
18	8
1	4
11	14
8	9
11	5
10	13
4	16
7	3
2	12
14	15
9	17
5	19
18	6
# tree 43
10	18
7	10
2	7
2	1
18	11
18	8
1	4
11	14
8	9
11	5
10	13
4	16
7	3
2	12
14	15
9	17
5	19
11	6
# tree 44
10	18
7	10
2	7
2	1
18	11
7	8
1	4
10	13
11	14
8	9
11	5
4	16
7	3
13	6
2	12
14	15
9	17
5	19
# tree 45
10	18
7	10
2	7
2	1
18	11
10	8
1	4
10	13
11	14
8	9
11	5
4	16
7	3
13	6
2	12
14	15
9	17
5	19
# tree 46
10	18
7	10
2	7
2	1
18	11
1	4
10	13
11	14
2	9
11	5
18	8
4	16
7	3
13	6
2	12
14	15
9	17
5	19
# tree 47
10	18
7	10
2	7
2	1
18	11
1	4
10	13
11	14
18	9
11	5
18	8
4	16
7	3
13	6
2	12
14	15
9	17
5	19
# tree 48
10	18
7	10
2	7
2	1
18	11
1	4
10	13
11	14
7	9
11	5
18	8
4	16
7	3
13	6
2	12
14	15
9	17
5	19
# tree 49
10	18
7	10
2	7
2	1
18	11
1	4
10	13
11	14
10	9
11	5
18	8
4	16
7	3
13	6
2	12
14	15
9	17
5	19
# tree 50
10	18
7	10
2	7
2	1
18	11
18	8
1	4
11	13
8	9
11	5
18	14
4	16
7	3
13	6
2	12
9	17
5	19
11	15
# tree 51
10	18
7	10
2	7
2	1
18	11
18	8
11	13
18	14
8	9
11	5
1	4
7	3
13	6
2	12
14	15
9	17
5	19
1	16
# tree 52
10	18
7	10
2	7
2	1
18	11
18	8
1	4
11	13
18	14
11	5
8	9
4	16
7	3
13	6
2	12
14	15
5	19
2	17
# tree 53
10	18
7	10
2	7
2	1
18	11
18	8
1	4
11	13
18	14
11	5
8	9
4	16
7	3
13	6
2	12
14	15
5	19
18	17
# tree 54
10	18
7	10
2	7
2	1
18	11
18	8
1	4
11	13
18	14
11	5
8	9
4	16
7	3
13	6
2	12
14	15
5	19
8	17
# tree 55
10	18
7	10
2	7
2	1
18	11
18	8
1	4
11	13
18	14
11	5
8	9
4	16
7	3
13	6
2	12
14	15
5	19
7	17
# tree 56
10	18
7	10
2	7
2	1
18	11
18	8
1	4
11	13
18	14
11	5
8	9
4	16
7	3
13	6
2	12
14	15
5	19
10	17
# tree 57
10	18
7	10
2	7
2	1
18	11
18	8
1	4
11	13
18	14
8	9
11	5
4	16
7	3
13	6
2	12
14	15
9	17
11	19
# tree 58
10	18
7	10
2	7
2	1
18	11
18	8
1	4
11	13
18	14
8	9
11	5
4	16
7	3
13	6
2	12
14	15
9	17
18	19
# tree 59
10	18
7	10
2	7
2	1
18	11
18	8
1	4
11	13
18	14
8	9
11	5
4	16
7	3
13	6
2	12
14	15
9	17
10	19
# tree 60
10	18
7	10
2	7
2	1
18	11
18	8
1	4
11	13
18	14
8	9
18	5
4	16
7	3
13	6
2	12
14	15
9	17
5	19
# tree 61
10	18
7	10
2	7
2	1
18	11
18	8
1	4
11	13
18	14
8	9
10	5
4	16
7	3
13	6
2	12
14	15
9	17
5	19
# tree 62
10	18
7	10
2	7
2	1
18	11
18	8
1	4
18	14
8	9
11	5
11	13
4	16
7	3
2	12
14	15
9	17
5	19
18	6
# tree 63
10	18
7	10
2	7
2	1
18	11
18	8
1	4
18	14
8	9
11	5
11	13
4	16
7	3
2	12
14	15
9	17
5	19
11	6
# tree 64
10	18
7	10
2	7
2	1
18	11
18	8
1	4
18	14
8	9
11	5
11	13
4	16
7	3
2	12
14	15
9	17
5	19
10	6
# tree 65
10	18
7	10
2	7
2	1
18	11
7	8
1	4
11	13
18	14
8	9
11	5
4	16
7	3
13	6
2	12
14	15
9	17
5	19
# tree 66
10	18
7	10
2	7
2	1
18	11
10	8
1	4
11	13
18	14
8	9
11	5
4	16
7	3
13	6
2	12
14	15
9	17
5	19
# tree 67
10	18
7	10
2	7
2	1
18	11
1	4
11	13
18	14
2	9
11	5
18	8
4	16
7	3
13	6
2	12
14	15
9	17
5	19
# tree 68
10	18
7	10
2	7
2	1
18	11
1	4
11	13
18	14
18	9
11	5
18	8
4	16
7	3
13	6
2	12
14	15
9	17
5	19
# tree 69
10	18
7	10
2	7
2	1
18	11
1	4
11	13
18	14
7	9
11	5
18	8
4	16
7	3
13	6
2	12
14	15
9	17
5	19
# tree 70
10	18
7	10
2	7
2	1
18	11
1	4
11	13
18	14
10	9
11	5
18	8
4	16
7	3
13	6
2	12
14	15
9	17
5	19
# tree 71
10	18
7	10
2	7
18	11
18	8
2	1
11	13
11	14
11	5
8	9
1	4
7	3
13	6
2	12
14	15
5	19
1	16
2	17
# tree 72
10	18
7	10
2	7
18	11
18	8
2	1
11	13
11	14
11	5
8	9
1	4
7	3
13	6
2	12
14	15
5	19
1	16
18	17
# tree 73
10	18
7	10
2	7
18	11
18	8
2	1
11	13
11	14
11	5
8	9
1	4
7	3
13	6
2	12
14	15
5	19
1	16
8	17
# tree 74
10	18
7	10
2	7
18	11
18	8
2	1
11	13
11	14
11	5
8	9
1	4
7	3
13	6
2	12
14	15
5	19
1	16
7	17
# tree 75
10	18
7	10
2	7
18	11
18	8
2	1
11	13
11	14
11	5
8	9
1	4
7	3
13	6
2	12
14	15
5	19
1	16
10	17
# tree 76
10	18
7	10
2	7
18	11
18	8
2	1
11	13
11	14
8	9
11	5
1	4
7	3
13	6
2	12
14	15
9	17
1	16
11	19
# tree 77
10	18
7	10
2	7
18	11
18	8
2	1
11	13
11	14
8	9
11	5
1	4
7	3
13	6
2	12
14	15
9	17
1	16
18	19
# tree 78
10	18
7	10
2	7
18	11
18	8
2	1
11	13
11	14
8	9
11	5
1	4
7	3
13	6
2	12
14	15
9	17
1	16
10	19
# tree 79
10	18
7	10
2	7
18	11
18	8
2	1
11	13
11	14
8	9
18	5
1	4
7	3
13	6
2	12
14	15
9	17
5	19
1	16
# tree 80
10	18
7	10
2	7
18	11
18	8
2	1
11	13
11	14
8	9
10	5
1	4
7	3
13	6
2	12
14	15
9	17
5	19
1	16
# tree 81
10	18
7	10
2	7
18	11
18	8
2	1
11	14
8	9
11	5
11	13
1	4
7	3
2	12
14	15
9	17
5	19
1	16
18	6
# tree 82
10	18
7	10
2	7
18	11
18	8
2	1
11	14
8	9
11	5
11	13
1	4
7	3
2	12
14	15
9	17
5	19
1	16
11	6
# tree 83
10	18
7	10
2	7
18	11
18	8
2	1
11	14
8	9
11	5
11	13
1	4
7	3
2	12
14	15
9	17
5	19
1	16
10	6
# tree 84
10	18
7	10
2	7
18	11
7	8
2	1
11	13
11	14
8	9
11	5
1	4
7	3
13	6
2	12
14	15
9	17
5	19
1	16
# tree 85
10	18
7	10
2	7
18	11
10	8
2	1
11	13
11	14
8	9
11	5
1	4
7	3
13	6
2	12
14	15
9	17
5	19
1	16
# tree 86
10	18
7	10
2	7
18	11
2	1
11	13
11	14
2	9
11	5
18	8
1	4
7	3
13	6
2	12
14	15
9	17
5	19
1	16
# tree 87
10	18
7	10
2	7
18	11
2	1
11	13
11	14
18	9
11	5
18	8
1	4
7	3
13	6
2	12
14	15
9	17
5	19
1	16
# tree 88
10	18
7	10
2	7
18	11
2	1
11	13
11	14
7	9
11	5
18	8
1	4
7	3
13	6
2	12
14	15
9	17
5	19
1	16
# tree 89
10	18
7	10
2	7
18	11
2	1
11	13
11	14
10	9
11	5
18	8
1	4
7	3
13	6
2	12
14	15
9	17
5	19
1	16
# tree 90
10	18
7	10
2	7
2	1
18	11
18	8
1	4
11	13
11	14
11	5
8	9
4	16
7	3
13	6
2	12
14	15
10	17
11	19
# tree 91
10	18
7	10
2	7
2	1
18	11
18	8
1	4
11	13
11	14
11	5
8	9
4	16
7	3
13	6
2	12
14	15
10	17
18	19
# tree 92
10	18
7	10
2	7
2	1
18	11
18	8
1	4
11	13
11	14
11	5
8	9
4	16
7	3
13	6
2	12
14	15
10	17
10	19
# tree 93
10	18
7	10
2	7
2	1
18	11
18	8
1	4
11	13
11	14
18	5
8	9
4	16
7	3
13	6
2	12
14	15
5	19
10	17
# tree 94
10	18
7	10
2	7
2	1
18	11
18	8
1	4
11	13
11	14
10	5
8	9
4	16
7	3
13	6
2	12
14	15
5	19
10	17
# tree 95
10	18
7	10
2	7
2	1
18	11
18	8
1	4
11	14
11	5
11	13
8	9
4	16
7	3
2	12
14	15
5	19
10	17
18	6
# tree 96
10	18
7	10
2	7
2	1
18	11
18	8
1	4
11	14
11	5
11	13
8	9
4	16
7	3
2	12
14	15
5	19
10	17
11	6
# tree 97
10	18
7	10
2	7
2	1
18	11
18	8
1	4
11	14
11	5
11	13
8	9
4	16
7	3
2	12
14	15
5	19
10	17
10	6
# tree 98
10	18
7	10
2	7
2	1
18	11
7	8
1	4
11	13
11	14
11	5
8	9
4	16
7	3
13	6
2	12
14	15
5	19
10	17
# tree 99
10	18
7	10
2	7
2	1
18	11
1	4
11	13
11	14
11	5
18	8
4	16
7	3
13	6
2	12
14	15
5	19
10	17
2	9
# tree 100
10	18
7	10
2	7
2	1
18	11
1	4
11	13
11	14
11	5
18	8
4	16
7	3
13	6
2	12
14	15
5	19
10	17
18	9
# tree 101
10	18
7	10
2	7
2	1
18	11
1	4
11	13
11	14
11	5
18	8
4	16
7	3
13	6
2	12
14	15
5	19
10	17
7	9
# tree 102
10	18
7	10
2	7
2	1
18	11
1	4
11	13
11	14
11	5
18	8
4	16
7	3
13	6
2	12
14	15
5	19
10	17
10	9
# tree 103
10	18
7	10
2	7
2	1
18	11
18	8
1	4
11	13
11	14
8	9
4	16
7	3
13	6
2	12
14	15
9	17
10	19
18	5
# tree 104
10	18
7	10
2	7
2	1
18	11
18	8
1	4
11	14
8	9
11	13
11	5
4	16
7	3
2	12
14	15
9	17
10	19
18	6
# tree 105
10	18
7	10
2	7
2	1
18	11
18	8
1	4
11	14
8	9
11	13
11	5
4	16
7	3
2	12
14	15
9	17
10	19
11	6
# tree 106
10	18
7	10
2	7
2	1
18	11
18	8
1	4
11	14
8	9
11	13
11	5
4	16
7	3
2	12
14	15
9	17
10	19
10	6
# tree 107
10	18
7	10
2	7
2	1
18	11
7	8
1	4
11	13
11	14
8	9
11	5
4	16
7	3
13	6
2	12
14	15
9	17
10	19
# tree 108
10	18
7	10
2	7
2	1
18	11
10	8
1	4
11	13
11	14
8	9
11	5
4	16
7	3
13	6
2	12
14	15
9	17
10	19
# tree 109
10	18
7	10
2	7
2	1
18	11
1	4
11	13
11	14
2	9
18	8
11	5
4	16
7	3
13	6
2	12
14	15
9	17
10	19
# tree 110
10	18
7	10
2	7
2	1
18	11
1	4
11	13
11	14
18	9
18	8
11	5
4	16
7	3
13	6
2	12
14	15
9	17
10	19
# tree 111
10	18
7	10
2	7
2	1
18	11
1	4
11	13
11	14
7	9
18	8
11	5
4	16
7	3
13	6
2	12
14	15
9	17
10	19
# tree 112
10	18
7	10
2	7
2	1
18	11
1	4
11	13
11	14
10	9
18	8
11	5
4	16
7	3
13	6
2	12
14	15
9	17
10	19
# tree 113
10	18
7	10
2	7
2	1
18	11
18	8
1	4
11	13
11	14
8	9
18	5
2	12
4	16
13	6
14	15
9	17
5	19
12	3
# tree 114
10	18
7	10
2	7
2	1
18	11
18	8
1	4
11	13
11	14
8	9
10	5
2	12
4	16
13	6
14	15
9	17
5	19
12	3
# tree 115
10	18
7	10
2	7
2	1
18	11
18	8
1	4
11	14
8	9
11	5
2	12
11	13
4	16
14	15
9	17
5	19
12	3
18	6
# tree 116
10	18
7	10
2	7
2	1
18	11
18	8
1	4
11	14
8	9
11	5
2	12
11	13
4	16
14	15
9	17
5	19
12	3
11	6
# tree 117
10	18
7	10
2	7
2	1
18	11
18	8
1	4
11	14
8	9
11	5
2	12
11	13
4	16
14	15
9	17
5	19
12	3
10	6
# tree 118
10	18
7	10
2	7
2	1
18	11
7	8
1	4
11	13
11	14
8	9
11	5
2	12
4	16
13	6
14	15
9	17
5	19
12	3
# tree 119
10	18
7	10
2	7
2	1
18	11
10	8
1	4
11	13
11	14
8	9
11	5
2	12
4	16
13	6
14	15
9	17
5	19
12	3
# tree 120
10	18
7	10
2	7
2	1
18	11
1	4
11	13
11	14
2	9
11	5
2	12
18	8
4	16
13	6
14	15
9	17
5	19
12	3
# tree 121
10	18
7	10
2	7
2	1
18	11
1	4
11	13
11	14
18	9
11	5
2	12
18	8
4	16
13	6
14	15
9	17
5	19
12	3
# tree 122
10	18
7	10
2	7
2	1
18	11
1	4
11	13
11	14
7	9
11	5
2	12
18	8
4	16
13	6
14	15
9	17
5	19
12	3
# tree 123
10	18
7	10
2	7
2	1
18	11
1	4
11	13
11	14
10	9
11	5
2	12
18	8
4	16
13	6
14	15
9	17
5	19
12	3
# tree 124
7	10
10	18
2	7
2	1
18	11
18	8
1	4
11	14
8	9
10	5
11	13
4	16
7	3
2	12
14	15
9	17
5	19
18	6
# tree 125
7	10
10	18
2	7
2	1
18	11
18	8
1	4
11	14
8	9
10	5
11	13
4	16
7	3
2	12
14	15
9	17
5	19
11	6
# tree 126
7	10
10	18
2	7
2	1
18	11
18	8
1	4
11	14
8	9
10	5
11	13
4	16
7	3
2	12
14	15
9	17
5	19
10	6
# tree 127
7	10
10	18
2	7
2	1
18	11
7	8
1	4
11	13
11	14
8	9
10	5
4	16
7	3
13	6
2	12
14	15
9	17
5	19
# tree 128
7	10
10	18
2	7
2	1
18	11
10	8
1	4
11	13
11	14
8	9
10	5
4	16
7	3
13	6
2	12
14	15
9	17
5	19
# tree 129
7	10
10	18
2	7
2	1
18	11
1	4
11	13
11	14
2	9
10	5
18	8
4	16
7	3
13	6
2	12
14	15
9	17
5	19
# tree 130
7	10
10	18
2	7
2	1
18	11
1	4
11	13
11	14
18	9
10	5
18	8
4	16
7	3
13	6
2	12
14	15
9	17
5	19
# tree 131
7	10
10	18
2	7
2	1
18	11
1	4
11	13
11	14
7	9
10	5
18	8
4	16
7	3
13	6
2	12
14	15
9	17
5	19
# tree 132
7	10
10	18
2	7
2	1
18	11
1	4
11	13
11	14
10	9
10	5
18	8
4	16
7	3
13	6
2	12
14	15
9	17
5	19
# tree 133
10	18
7	10
2	7
2	1
18	11
7	8
1	4
11	14
8	9
11	5
11	13
4	16
7	3
2	12
14	15
9	17
5	19
10	6
# tree 134
10	18
7	10
2	7
2	1
18	11
10	8
1	4
11	14
8	9
11	5
11	13
4	16
7	3
2	12
14	15
9	17
5	19
10	6
# tree 135
10	18
7	10
2	7
2	1
18	11
1	4
11	14
2	9
11	5
18	8
11	13
4	16
7	3
2	12
14	15
9	17
5	19
10	6
# tree 136
10	18
7	10
2	7
2	1
18	11
1	4
11	14
18	9
11	5
18	8
11	13
4	16
7	3
2	12
14	15
9	17
5	19
10	6
# tree 137
10	18
7	10
2	7
2	1
18	11
1	4
11	14
7	9
11	5
18	8
11	13
4	16
7	3
2	12
14	15
9	17
5	19
10	6
# tree 138
10	18
7	10
2	7
2	1
18	11
1	4
11	14
10	9
11	5
18	8
11	13
4	16
7	3
2	12
14	15
9	17
5	19
10	6
# tree 139
10	18
7	10
2	7
2	1
18	11
1	4
11	13
11	14
2	9
11	5
10	8
4	16
7	3
13	6
2	12
14	15
9	17
5	19
# tree 140
10	18
7	10
2	7
2	1
18	11
1	4
11	13
11	14
18	9
11	5
10	8
4	16
7	3
13	6
2	12
14	15
9	17
5	19
# tree 141
7	10
2	7
10	18
2	1
18	8
18	11
1	4
10	13
8	9
11	5
18	14
4	16
7	3
13	6
2	12
9	17
5	19
11	15
# tree 142
7	10
2	7
10	18
2	1
18	8
18	11
10	13
18	14
8	9
11	5
1	4
7	3
13	6
2	12
14	15
9	17
5	19
1	16
# tree 143
7	10
2	7
10	18
2	1
18	8
18	11
1	4
10	13
18	14
11	5
8	9
4	16
7	3
13	6
2	12
14	15
5	19
2	17
# tree 144
7	10
2	7
10	18
2	1
18	8
18	11
1	4
10	13
18	14
11	5
8	9
4	16
7	3
13	6
2	12
14	15
5	19
18	17
# tree 145
7	10
2	7
10	18
2	1
18	8
18	11
1	4
10	13
18	14
11	5
8	9
4	16
7	3
13	6
2	12
14	15
5	19
8	17
# tree 146
7	10
2	7
10	18
2	1
18	8
18	11
1	4
10	13
18	14
11	5
8	9
4	16
7	3
13	6
2	12
14	15
5	19
7	17
# tree 147
7	10
2	7
10	18
2	1
18	8
18	11
1	4
10	13
18	14
11	5
8	9
4	16
7	3
13	6
2	12
14	15
5	19
10	17
# tree 148
7	10
2	7
10	18
2	1
18	8
18	11
1	4
10	13
18	14
8	9
11	5
4	16
7	3
13	6
2	12
14	15
9	17
11	19
# tree 149
7	10
2	7
10	18
2	1
18	8
18	11
1	4
10	13
18	14
8	9
11	5
4	16
7	3
13	6
2	12
14	15
9	17
18	19
# tree 150
7	10
2	7
10	18
2	1
18	8
18	11
1	4
10	13
18	14
8	9
11	5
4	16
7	3
13	6
2	12
14	15
9	17
10	19
# tree 151
7	10
2	7
10	18
2	1
18	8
1	4
10	13
18	14
8	9
18	5
18	11
4	16
7	3
13	6
2	12
14	15
9	17
5	19
# tree 152
7	10
2	7
10	18
2	1
18	8
1	4
10	13
18	14
8	9
10	5
18	11
4	16
7	3
13	6
2	12
14	15
9	17
5	19
# tree 153
7	10
2	7
10	18
2	1
18	8
18	11
1	4
18	14
8	9
11	5
10	13
4	16
7	3
2	12
14	15
9	17
5	19
18	6
# tree 154
7	10
2	7
10	18
2	1
18	8
18	11
1	4
18	14
8	9
11	5
10	13
4	16
7	3
2	12
14	15
9	17
5	19
11	6
# tree 155
7	10
2	7
10	18
2	1
7	8
18	11
1	4
10	13
18	14
8	9
11	5
4	16
7	3
13	6
2	12
14	15
9	17
5	19
# tree 156
7	10
2	7
10	18
2	1
10	8
18	11
1	4
10	13
18	14
8	9
11	5
4	16
7	3
13	6
2	12
14	15
9	17
5	19
# tree 157
7	10
2	7
10	18
2	1
18	11
1	4
10	13
18	14
2	9
11	5
18	8
4	16
7	3
13	6
2	12
14	15
9	17
5	19
# tree 158
7	10
2	7
10	18
2	1
18	11
1	4
10	13
18	14
18	9
11	5
18	8
4	16
7	3
13	6
2	12
14	15
9	17
5	19
# tree 159
7	10
2	7
10	18
2	1
18	11
1	4
10	13
18	14
7	9
11	5
18	8
4	16
7	3
13	6
2	12
14	15
9	17
5	19
# tree 160
7	10
2	7
10	18
2	1
18	11
1	4
10	13
18	14
10	9
11	5
18	8
4	16
7	3
13	6
2	12
14	15
9	17
5	19
# tree 161
7	10
2	7
10	18
18	11
18	8
2	1
10	13
11	14
11	5
8	9
1	4
7	3
13	6
2	12
14	15
5	19
1	16
2	17
# tree 162
7	10
2	7
10	18
18	11
18	8
2	1
10	13
11	14
11	5
8	9
1	4
7	3
13	6
2	12
14	15
5	19
1	16
18	17
# tree 163
7	10
2	7
10	18
18	11
18	8
2	1
10	13
11	14
11	5
8	9
1	4
7	3
13	6
2	12
14	15
5	19
1	16
8	17
# tree 164
7	10
2	7
10	18
18	11
18	8
2	1
10	13
11	14
11	5
8	9
1	4
7	3
13	6
2	12
14	15
5	19
1	16
7	17
# tree 165
7	10
2	7
10	18
18	11
18	8
2	1
10	13
11	14
11	5
8	9
1	4
7	3
13	6
2	12
14	15
5	19
1	16
10	17
# tree 166
7	10
2	7
10	18
18	11
18	8
2	1
10	13
11	14
8	9
11	5
1	4
7	3
13	6
2	12
14	15
9	17
1	16
11	19
# tree 167
7	10
2	7
10	18
18	11
18	8
2	1
10	13
11	14
8	9
11	5
1	4
7	3
13	6
2	12
14	15
9	17
1	16
18	19
# tree 168
7	10
2	7
10	18
18	11
18	8
2	1
10	13
11	14
8	9
11	5
1	4
7	3
13	6
2	12
14	15
9	17
1	16
10	19
# tree 169
7	10
2	7
10	18
18	11
18	8
2	1
10	13
11	14
8	9
18	5
1	4
7	3
13	6
2	12
14	15
9	17
5	19
1	16
# tree 170
7	10
2	7
10	18
18	11
18	8
2	1
10	13
11	14
8	9
10	5
1	4
7	3
13	6
2	12
14	15
9	17
5	19
1	16
# tree 171
7	10
2	7
10	18
18	11
18	8
2	1
11	14
8	9
11	5
10	13
1	4
7	3
2	12
14	15
9	17
5	19
1	16
18	6
# tree 172
7	10
2	7
10	18
18	11
18	8
2	1
11	14
8	9
11	5
10	13
1	4
7	3
2	12
14	15
9	17
5	19
1	16
11	6
# tree 173
7	10
2	7
10	18
18	11
7	8
2	1
10	13
11	14
8	9
11	5
1	4
7	3
13	6
2	12
14	15
9	17
5	19
1	16
# tree 174
7	10
2	7
10	18
18	11
10	8
2	1
10	13
11	14
8	9
11	5
1	4
7	3
13	6
2	12
14	15
9	17
5	19
1	16
# tree 175
7	10
2	7
10	18
18	11
2	1
10	13
11	14
2	9
11	5
18	8
1	4
7	3
13	6
2	12
14	15
9	17
5	19
1	16
# tree 176
7	10
2	7
10	18
18	11
2	1
10	13
11	14
18	9
11	5
18	8
1	4
7	3
13	6
2	12
14	15
9	17
5	19
1	16
# tree 177
7	10
2	7
10	18
18	11
2	1
10	13
11	14
7	9
11	5
18	8
1	4
7	3
13	6
2	12
14	15
9	17
5	19
1	16
# tree 178
7	10
2	7
10	18
18	11
2	1
10	13
11	14
10	9
11	5
18	8
1	4
7	3
13	6
2	12
14	15
9	17
5	19
1	16
# tree 179
7	10
2	7
10	18
2	1
18	11
18	8
1	4
10	13
11	14
11	5
8	9
4	16
7	3
13	6
2	12
14	15
10	17
11	19
# tree 180
7	10
2	7
10	18
2	1
18	11
18	8
1	4
10	13
11	14
11	5
8	9
4	16
7	3
13	6
2	12
14	15
10	17
18	19
# tree 181
7	10
2	7
10	18
2	1
18	11
18	8
1	4
10	13
11	14
11	5
8	9
4	16
7	3
13	6
2	12
14	15
10	17
10	19
# tree 182
7	10
2	7
10	18
2	1
18	11
18	8
1	4
10	13
11	14
18	5
8	9
4	16
7	3
13	6
2	12
14	15
5	19
10	17
# tree 183
7	10
2	7
10	18
2	1
18	11
18	8
1	4
10	13
11	14
10	5
8	9
4	16
7	3
13	6
2	12
14	15
5	19
10	17
# tree 184
7	10
2	7
10	18
2	1
18	11
18	8
1	4
11	14
11	5
10	13
8	9
4	16
7	3
2	12
14	15
5	19
10	17
18	6
# tree 185
7	10
2	7
10	18
2	1
18	11
18	8
1	4
11	14
11	5
10	13
8	9
4	16
7	3
2	12
14	15
5	19
10	17
11	6
# tree 186
7	10
2	7
10	18
2	1
18	11
7	8
1	4
10	13
11	14
11	5
8	9
4	16
7	3
13	6
2	12
14	15
5	19
10	17
# tree 187
7	10
2	7
10	18
2	1
18	11
1	4
10	13
11	14
11	5
18	8
4	16
7	3
13	6
2	12
14	15
5	19
10	17
2	9
# tree 188
7	10
2	7
10	18
2	1
18	11
1	4
10	13
11	14
11	5
18	8
4	16
7	3
13	6
2	12
14	15
5	19
10	17
18	9
# tree 189
7	10
2	7
10	18
2	1
18	11
1	4
10	13
11	14
11	5
18	8
4	16
7	3
13	6
2	12
14	15
5	19
10	17
7	9
# tree 190
7	10
2	7
10	18
2	1
18	11
1	4
10	13
11	14
11	5
18	8
4	16
7	3
13	6
2	12
14	15
5	19
10	17
10	9
# tree 191
7	10
2	7
10	18
2	1
18	11
18	8
1	4
10	13
11	14
8	9
4	16
7	3
13	6
2	12
14	15
9	17
10	19
18	5
# tree 192
7	10
2	7
10	18
2	1
18	11
18	8
1	4
11	14
8	9
10	13
11	5
4	16
7	3
2	12
14	15
9	17
10	19
18	6
# tree 193
7	10
2	7
10	18
2	1
18	11
18	8
1	4
11	14
8	9
10	13
11	5
4	16
7	3
2	12
14	15
9	17
10	19
11	6
# tree 194
7	10
2	7
10	18
2	1
18	11
7	8
1	4
10	13
11	14
8	9
11	5
4	16
7	3
13	6
2	12
14	15
9	17
10	19
# tree 195
7	10
2	7
10	18
2	1
18	11
10	8
1	4
10	13
11	14
8	9
11	5
4	16
7	3
13	6
2	12
14	15
9	17
10	19
# tree 196
7	10
2	7
10	18
2	1
18	11
1	4
10	13
11	14
2	9
18	8
11	5
4	16
7	3
13	6
2	12
14	15
9	17
10	19
# tree 197
7	10
2	7
10	18
2	1
18	11
1	4
10	13
11	14
18	9
18	8
11	5
4	16
7	3
13	6
2	12
14	15
9	17
10	19
# tree 198
7	10
2	7
10	18
2	1
18	11
1	4
10	13
11	14
7	9
18	8
11	5
4	16
7	3
13	6
2	12
14	15
9	17
10	19
# tree 199
7	10
2	7
10	18
2	1
18	11
1	4
10	13
11	14
10	9
18	8
11	5
4	16
7	3
13	6
2	12
14	15
9	17
10	19
# tree 200
7	10
2	7
10	18
2	1
18	11
18	8
1	4
11	14
8	9
10	5
10	13
4	16
7	3
2	12
14	15
9	17
5	19
18	6
# tree 201
7	10
2	7
10	18
2	1
18	11
18	8
1	4
11	14
8	9
10	5
10	13
4	16
7	3
2	12
14	15
9	17
5	19
11	6
# tree 202
7	10
2	7
10	18
2	1
18	11
7	8
1	4
10	13
11	14
8	9
10	5
4	16
7	3
13	6
2	12
14	15
9	17
5	19
# tree 203
7	10
2	7
10	18
2	1
18	11
10	8
1	4
10	13
11	14
8	9
10	5
4	16
7	3
13	6
2	12
14	15
9	17
5	19
# tree 204
7	10
2	7
10	18
2	1
18	11
1	4
10	13
11	14
2	9
10	5
18	8
4	16
7	3
13	6
2	12
14	15
9	17
5	19
# tree 205
7	10
2	7
10	18
2	1
18	11
1	4
10	13
11	14
18	9
10	5
18	8
4	16
7	3
13	6
2	12
14	15
9	17
5	19
# tree 206
7	10
2	7
10	18
2	1
18	11
1	4
10	13
11	14
7	9
10	5
18	8
4	16
7	3
13	6
2	12
14	15
9	17
5	19
# tree 207
7	10
2	7
10	18
2	1
18	11
1	4
10	13
11	14
10	9
10	5
18	8
4	16
7	3
13	6
2	12
14	15
9	17
5	19
# tree 208
7	10
2	7
10	18
2	1
18	11
1	4
10	13
11	14
2	9
11	5
10	8
4	16
7	3
13	6
2	12
14	15
9	17
5	19
# tree 209
7	10
2	7
10	18
2	1
18	11
1	4
10	13
11	14
18	9
11	5
10	8
4	16
7	3
13	6
2	12
14	15
9	17
5	19
# tree 210
7	10
2	7
10	18
18	11
18	8
2	1
11	13
18	14
11	5
8	9
1	4
7	3
13	6
2	12
14	15
5	19
1	16
2	17
# tree 211
7	10
2	7
10	18
18	11
18	8
2	1
11	13
18	14
11	5
8	9
1	4
7	3
13	6
2	12
14	15
5	19
1	16
18	17
# tree 212
7	10
2	7
10	18
18	11
18	8
2	1
11	13
18	14
11	5
8	9
1	4
7	3
13	6
2	12
14	15
5	19
1	16
8	17
# tree 213
7	10
2	7
10	18
18	11
18	8
2	1
11	13
18	14
11	5
8	9
1	4
7	3
13	6
2	12
14	15
5	19
1	16
7	17
# tree 214
7	10
2	7
10	18
18	11
18	8
2	1
11	13
18	14
11	5
8	9
1	4
7	3
13	6
2	12
14	15
5	19
1	16
10	17
# tree 215
7	10
2	7
10	18
18	11
18	8
2	1
11	13
18	14
8	9
11	5
1	4
7	3
13	6
2	12
14	15
9	17
1	16
11	19
# tree 216
7	10
2	7
10	18
18	11
18	8
2	1
11	13
18	14
8	9
11	5
1	4
7	3
13	6
2	12
14	15
9	17
1	16
18	19
# tree 217
7	10
2	7
10	18
18	11
18	8
2	1
11	13
18	14
8	9
11	5
1	4
7	3
13	6
2	12
14	15
9	17
1	16
10	19
# tree 218
7	10
2	7
10	18
18	11
18	8
2	1
11	13
18	14
8	9
18	5
1	4
7	3
13	6
2	12
14	15
9	17
5	19
1	16
# tree 219
7	10
2	7
10	18
18	11
18	8
2	1
11	13
18	14
8	9
10	5
1	4
7	3
13	6
2	12
14	15
9	17
5	19
1	16
# tree 220
7	10
2	7
10	18
18	11
18	8
2	1
18	14
8	9
11	5
11	13
1	4
7	3
2	12
14	15
9	17
5	19
1	16
18	6
# tree 221
7	10
2	7
10	18
18	11
18	8
2	1
18	14
8	9
11	5
11	13
1	4
7	3
2	12
14	15
9	17
5	19
1	16
11	6
# tree 222
7	10
2	7
10	18
18	11
18	8
2	1
18	14
8	9
11	5
11	13
1	4
7	3
2	12
14	15
9	17
5	19
1	16
10	6
# tree 223
7	10
2	7
10	18
18	11
7	8
2	1
11	13
18	14
8	9
11	5
1	4
7	3
13	6
2	12
14	15
9	17
5	19
1	16
# tree 224
7	10
2	7
10	18
18	11
10	8
2	1
11	13
18	14
8	9
11	5
1	4
7	3
13	6
2	12
14	15
9	17
5	19
1	16
# tree 225
7	10
2	7
10	18
18	11
2	1
11	13
18	14
2	9
11	5
18	8
1	4
7	3
13	6
2	12
14	15
9	17
5	19
1	16
# tree 226
7	10
2	7
10	18
18	11
2	1
11	13
18	14
18	9
11	5
18	8
1	4
7	3
13	6
2	12
14	15
9	17
5	19
1	16
# tree 227
7	10
2	7
10	18
18	11
2	1
11	13
18	14
7	9
11	5
18	8
1	4
7	3
13	6
2	12
14	15
9	17
5	19
1	16
# tree 228
7	10
2	7
10	18
18	11
2	1
11	13
18	14
10	9
11	5
18	8
1	4
7	3
13	6
2	12
14	15
9	17
5	19
1	16
# tree 229
7	10
2	7
10	18
2	1
18	11
18	8
1	4
11	13
18	14
11	5
8	9
4	16
7	3
13	6
2	12
14	15
10	17
11	19
# tree 230
7	10
2	7
10	18
2	1
18	11
18	8
1	4
11	13
18	14
11	5
8	9
4	16
7	3
13	6
2	12
14	15
10	17
18	19
# tree 231
7	10
2	7
10	18
2	1
18	11
18	8
1	4
11	13
18	14
11	5
8	9
4	16
7	3
13	6
2	12
14	15
10	17
10	19
# tree 232
7	10
2	7
10	18
2	1
18	11
18	8
1	4
11	13
18	14
18	5
8	9
4	16
7	3
13	6
2	12
14	15
5	19
10	17
# tree 233
7	10
2	7
10	18
2	1
18	11
18	8
1	4
11	13
18	14
10	5
8	9
4	16
7	3
13	6
2	12
14	15
5	19
10	17
# tree 234
7	10
2	7
10	18
2	1
18	11
18	8
1	4
18	14
11	5
11	13
8	9
4	16
7	3
2	12
14	15
5	19
10	17
18	6
# tree 235
7	10
2	7
10	18
2	1
18	11
18	8
1	4
18	14
11	5
11	13
8	9
4	16
7	3
2	12
14	15
5	19
10	17
11	6
# tree 236
7	10
2	7
10	18
2	1
18	11
18	8
1	4
18	14
11	5
11	13
8	9
4	16
7	3
2	12
14	15
5	19
10	17
10	6
# tree 237
7	10
2	7
10	18
2	1
18	11
7	8
1	4
11	13
18	14
11	5
8	9
4	16
7	3
13	6
2	12
14	15
5	19
10	17
# tree 238
7	10
2	7
10	18
2	1
18	11
1	4
11	13
18	14
11	5
18	8
4	16
7	3
13	6
2	12
14	15
5	19
10	17
2	9
# tree 239
7	10
2	7
10	18
2	1
18	11
1	4
11	13
18	14
11	5
18	8
4	16
7	3
13	6
2	12
14	15
5	19
10	17
18	9
# tree 240
7	10
2	7
10	18
2	1
18	11
1	4
11	13
18	14
11	5
18	8
4	16
7	3
13	6
2	12
14	15
5	19
10	17
7	9
# tree 241
7	10
2	7
10	18
2	1
18	11
1	4
11	13
18	14
11	5
18	8
4	16
7	3
13	6
2	12
14	15
5	19
10	17
10	9
# tree 242
7	10
2	7
10	18
2	1
18	11
18	8
1	4
11	13
18	14
8	9
4	16
7	3
13	6
2	12
14	15
9	17
10	19
18	5
# tree 243
7	10
2	7
10	18
2	1
18	11
18	8
1	4
18	14
8	9
11	13
11	5
4	16
7	3
2	12
14	15
9	17
10	19
18	6
# tree 244
7	10
2	7
10	18
2	1
18	11
18	8
1	4
18	14
8	9
11	13
11	5
4	16
7	3
2	12
14	15
9	17
10	19
11	6
# tree 245
7	10
2	7
10	18
2	1
18	11
18	8
1	4
18	14
8	9
11	13
11	5
4	16
7	3
2	12
14	15
9	17
10	19
10	6
# tree 246
7	10
2	7
10	18
2	1
18	11
7	8
1	4
11	13
18	14
8	9
11	5
4	16
7	3
13	6
2	12
14	15
9	17
10	19
# tree 247
7	10
2	7
10	18
2	1
18	11
10	8
1	4
11	13
18	14
8	9
11	5
4	16
7	3
13	6
2	12
14	15
9	17
10	19
# tree 248
7	10
2	7
10	18
2	1
18	11
1	4
11	13
18	14
2	9
18	8
11	5
4	16
7	3
13	6
2	12
14	15
9	17
10	19
# tree 249
7	10
2	7
10	18
2	1
18	11
1	4
11	13
18	14
18	9
18	8
11	5
4	16
7	3
13	6
2	12
14	15
9	17
10	19
# tree 250
7	10
2	7
10	18
2	1
18	11
1	4
11	13
18	14
7	9
18	8
11	5
4	16
7	3
13	6
2	12
14	15
9	17
10	19
# tree 251
7	10
2	7
10	18
2	1
18	11
1	4
11	13
18	14
10	9
18	8
11	5
4	16
7	3
13	6
2	12
14	15
9	17
10	19
# tree 252
7	10
2	7
10	18
2	1
18	11
18	8
1	4
18	14
8	9
10	5
11	13
4	16
7	3
2	12
14	15
9	17
5	19
18	6
# tree 253
7	10
2	7
10	18
2	1
18	11
18	8
1	4
18	14
8	9
10	5
11	13
4	16
7	3
2	12
14	15
9	17
5	19
11	6
# tree 254
7	10
2	7
10	18
2	1
18	11
18	8
1	4
18	14
8	9
10	5
11	13
4	16
7	3
2	12
14	15
9	17
5	19
10	6
# tree 255
7	10
2	7
10	18
2	1
18	11
7	8
1	4
11	13
18	14
8	9
10	5
4	16
7	3
13	6
2	12
14	15
9	17
5	19
# tree 256
7	10
2	7
10	18
2	1
18	11
10	8
1	4
11	13
18	14
8	9
10	5
4	16
7	3
13	6
2	12
14	15
9	17
5	19
# tree 257
7	10
2	7
10	18
2	1
18	11
1	4
11	13
18	14
2	9
10	5
18	8
4	16
7	3
13	6
2	12
14	15
9	17
5	19
# tree 258
7	10
2	7
10	18
2	1
18	11
1	4
11	13
18	14
18	9
10	5
18	8
4	16
7	3
13	6
2	12
14	15
9	17
5	19
# tree 259
7	10
2	7
10	18
2	1
18	11
1	4
11	13
18	14
7	9
10	5
18	8
4	16
7	3
13	6
2	12
14	15
9	17
5	19
# tree 260
7	10
2	7
10	18
2	1
18	11
1	4
11	13
18	14
10	9
10	5
18	8
4	16
7	3
13	6
2	12
14	15
9	17
5	19
# tree 261
7	10
2	7
10	18
2	1
7	8
18	11
1	4
18	14
8	9
11	5
11	13
4	16
7	3
2	12
14	15
9	17
5	19
10	6
# tree 262
7	10
2	7
10	18
2	1
10	8
18	11
1	4
18	14
8	9
11	5
11	13
4	16
7	3
2	12
14	15
9	17
5	19
10	6
# tree 263
7	10
2	7
10	18
2	1
18	11
1	4
18	14
2	9
11	5
18	8
11	13
4	16
7	3
2	12
14	15
9	17
5	19
10	6
# tree 264
7	10
2	7
10	18
2	1
18	11
1	4
18	14
18	9
11	5
18	8
11	13
4	16
7	3
2	12
14	15
9	17
5	19
10	6
# tree 265
7	10
2	7
10	18
2	1
18	11
1	4
18	14
7	9
11	5
18	8
11	13
4	16
7	3
2	12
14	15
9	17
5	19
10	6
# tree 266
7	10
2	7
10	18
2	1
18	11
1	4
18	14
10	9
11	5
18	8
11	13
4	16
7	3
2	12
14	15
9	17
5	19
10	6
# tree 267
7	10
2	7
10	18
2	1
18	11
1	4
11	13
18	14
2	9
11	5
10	8
4	16
7	3
13	6
2	12
14	15
9	17
5	19
# tree 268
7	10
2	7
10	18
2	1
18	11
1	4
11	13
18	14
18	9
11	5
10	8
4	16
7	3
13	6
2	12
14	15
9	17
5	19
# tree 269
7	10
2	7
10	18
18	11
18	8
2	1
11	13
11	14
11	5
8	9
1	4
7	3
13	6
2	12
14	15
1	16
10	17
11	19
# tree 270
7	10
2	7
10	18
18	11
18	8
2	1
11	13
11	14
11	5
8	9
1	4
7	3
13	6
2	12
14	15
1	16
10	17
18	19
# tree 271
7	10
2	7
10	18
18	11
18	8
2	1
11	13
11	14
11	5
8	9
1	4
7	3
13	6
2	12
14	15
1	16
10	17
10	19
# tree 272
7	10
2	7
10	18
18	11
18	8
2	1
11	13
11	14
18	5
8	9
1	4
7	3
13	6
2	12
14	15
5	19
1	16
10	17
# tree 273
7	10
2	7
10	18
18	11
18	8
2	1
11	13
11	14
10	5
8	9
1	4
7	3
13	6
2	12
14	15
5	19
1	16
10	17
# tree 274
7	10
2	7
10	18
18	11
18	8
2	1
11	14
11	5
11	13
8	9
1	4
7	3
2	12
14	15
5	19
1	16
10	17
18	6
# tree 275
7	10
2	7
10	18
18	11
18	8
2	1
11	14
11	5
11	13
8	9
1	4
7	3
2	12
14	15
5	19
1	16
10	17
11	6
# tree 276
7	10
2	7
10	18
18	11
18	8
2	1
11	14
11	5
11	13
8	9
1	4
7	3
2	12
14	15
5	19
1	16
10	17
10	6
# tree 277
7	10
2	7
10	18
18	11
7	8
2	1
11	13
11	14
11	5
8	9
1	4
7	3
13	6
2	12
14	15
5	19
1	16
10	17
# tree 278
7	10
2	7
10	18
18	11
2	1
11	13
11	14
11	5
18	8
1	4
7	3
13	6
2	12
14	15
5	19
1	16
10	17
2	9
# tree 279
7	10
2	7
10	18
18	11
2	1
11	13
11	14
11	5
18	8
1	4
7	3
13	6
2	12
14	15
5	19
1	16
10	17
18	9
# tree 280
7	10
2	7
10	18
18	11
2	1
11	13
11	14
11	5
18	8
1	4
7	3
13	6
2	12
14	15
5	19
1	16
10	17
7	9
# tree 281
7	10
2	7
10	18
18	11
2	1
11	13
11	14
11	5
18	8
1	4
7	3
13	6
2	12
14	15
5	19
1	16
10	17
10	9
# tree 282
7	10
2	7
10	18
18	11
18	8
2	1
11	13
11	14
8	9
1	4
7	3
13	6
2	12
14	15
9	17
1	16
10	19
18	5
# tree 283
7	10
2	7
10	18
18	11
18	8
2	1
11	14
8	9
11	13
11	5
1	4
7	3
2	12
14	15
9	17
1	16
10	19
18	6
# tree 284
7	10
2	7
10	18
18	11
18	8
2	1
11	14
8	9
11	13
11	5
1	4
7	3
2	12
14	15
9	17
1	16
10	19
11	6
# tree 285
7	10
2	7
10	18
18	11
18	8
2	1
11	14
8	9
11	13
11	5
1	4
7	3
2	12
14	15
9	17
1	16
10	19
10	6
# tree 286
7	10
2	7
10	18
18	11
7	8
2	1
11	13
11	14
8	9
11	5
1	4
7	3
13	6
2	12
14	15
9	17
1	16
10	19
# tree 287
7	10
2	7
10	18
18	11
10	8
2	1
11	13
11	14
8	9
11	5
1	4
7	3
13	6
2	12
14	15
9	17
1	16
10	19
# tree 288
7	10
2	7
10	18
18	11
2	1
11	13
11	14
2	9
18	8
11	5
1	4
7	3
13	6
2	12
14	15
9	17
1	16
10	19
# tree 289
7	10
2	7
10	18
18	11
2	1
11	13
11	14
18	9
18	8
11	5
1	4
7	3
13	6
2	12
14	15
9	17
1	16
10	19
# tree 290
7	10
2	7
10	18
18	11
2	1
11	13
11	14
7	9
18	8
11	5
1	4
7	3
13	6
2	12
14	15
9	17
1	16
10	19
# tree 291
7	10
2	7
10	18
18	11
2	1
11	13
11	14
10	9
18	8
11	5
1	4
7	3
13	6
2	12
14	15
9	17
1	16
10	19
# tree 292
7	10
2	7
10	18
18	11
18	8
2	1
11	14
8	9
10	5
11	13
1	4
7	3
2	12
14	15
9	17
5	19
1	16
18	6
# tree 293
7	10
2	7
10	18
18	11
18	8
2	1
11	14
8	9
10	5
11	13
1	4
7	3
2	12
14	15
9	17
5	19
1	16
11	6
# tree 294
7	10
2	7
10	18
18	11
18	8
2	1
11	14
8	9
10	5
11	13
1	4
7	3
2	12
14	15
9	17
5	19
1	16
10	6
# tree 295
7	10
2	7
10	18
18	11
7	8
2	1
11	13
11	14
8	9
10	5
1	4
7	3
13	6
2	12
14	15
9	17
5	19
1	16
# tree 296
7	10
2	7
10	18
18	11
10	8
2	1
11	13
11	14
8	9
10	5
1	4
7	3
13	6
2	12
14	15
9	17
5	19
1	16
# tree 297
7	10
2	7
10	18
18	11
2	1
11	13
11	14
2	9
10	5
18	8
1	4
7	3
13	6
2	12
14	15
9	17
5	19
1	16
# tree 298
7	10
2	7
10	18
18	11
2	1
11	13
11	14
18	9
10	5
18	8
1	4
7	3
13	6
2	12
14	15
9	17
5	19
1	16
# tree 299
7	10
2	7
10	18
18	11
2	1
11	13
11	14
7	9
10	5
18	8
1	4
7	3
13	6
2	12
14	15
9	17
5	19
1	16
# tree 300
7	10
2	7
10	18
18	11
2	1
11	13
11	14
10	9
10	5
18	8
1	4
7	3
13	6
2	12
14	15
9	17
5	19
1	16
# tree 301
7	10
2	7
10	18
18	11
7	8
2	1
11	14
8	9
11	5
11	13
1	4
7	3
2	12
14	15
9	17
5	19
1	16
10	6
# tree 302
7	10
2	7
10	18
18	11
10	8
2	1
11	14
8	9
11	5
11	13
1	4
7	3
2	12
14	15
9	17
5	19
1	16
10	6
# tree 303
7	10
2	7
10	18
18	11
2	1
11	14
2	9
11	5
18	8
11	13
1	4
7	3
2	12
14	15
9	17
5	19
1	16
10	6
# tree 304
7	10
2	7
10	18
18	11
2	1
11	14
18	9
11	5
18	8
11	13
1	4
7	3
2	12
14	15
9	17
5	19
1	16
10	6
# tree 305
7	10
2	7
10	18
18	11
2	1
11	14
7	9
11	5
18	8
11	13
1	4
7	3
2	12
14	15
9	17
5	19
1	16
10	6
# tree 306
7	10
2	7
10	18
18	11
2	1
11	14
10	9
11	5
18	8
11	13
1	4
7	3
2	12
14	15
9	17
5	19
1	16
10	6
# tree 307
7	10
2	7
10	18
18	11
2	1
11	13
11	14
2	9
11	5
10	8
1	4
7	3
13	6
2	12
14	15
9	17
5	19
1	16
# tree 308
7	10
2	7
10	18
18	11
2	1
11	13
11	14
18	9
11	5
10	8
1	4
7	3
13	6
2	12
14	15
9	17
5	19
1	16
# tree 309
7	10
2	7
10	18
2	1
18	11
18	8
1	4
11	13
11	14
8	9
4	16
7	3
13	6
2	12
14	15
10	17
10	19
18	5
# tree 310
7	10
2	7
10	18
2	1
18	11
18	8
1	4
11	14
11	13
11	5
8	9
4	16
7	3
2	12
14	15
10	17
10	19
18	6
# tree 311
7	10
2	7
10	18
2	1
18	11
18	8
1	4
11	14
11	13
11	5
8	9
4	16
7	3
2	12
14	15
10	17
10	19
11	6
# tree 312
7	10
2	7
10	18
2	1
18	11
18	8
1	4
11	14
11	13
11	5
8	9
4	16
7	3
2	12
14	15
10	17
10	19
10	6
# tree 313
7	10
2	7
10	18
2	1
18	11
7	8
1	4
11	13
11	14
11	5
8	9
4	16
7	3
13	6
2	12
14	15
10	17
10	19
# tree 314
7	10
2	7
10	18
2	1
18	11
1	4
11	13
11	14
18	8
11	5
4	16
7	3
13	6
2	12
14	15
10	17
10	19
2	9
# tree 315
7	10
2	7
10	18
2	1
18	11
1	4
11	13
11	14
18	8
11	5
4	16
7	3
13	6
2	12
14	15
10	17
10	19
18	9
# tree 316
7	10
2	7
10	18
2	1
18	11
1	4
11	13
11	14
18	8
11	5
4	16
7	3
13	6
2	12
14	15
10	17
10	19
7	9
# tree 317
7	10
2	7
10	18
2	1
18	11
1	4
11	13
11	14
18	8
11	5
4	16
7	3
13	6
2	12
14	15
10	17
10	19
10	9
# tree 318
7	10
2	7
10	18
2	1
18	11
18	8
1	4
11	14
10	5
11	13
8	9
4	16
7	3
2	12
14	15
5	19
10	17
18	6
# tree 319
7	10
2	7
10	18
2	1
18	11
18	8
1	4
11	14
10	5
11	13
8	9
4	16
7	3
2	12
14	15
5	19
10	17
11	6
# tree 320
7	10
2	7
10	18
2	1
18	11
18	8
1	4
11	14
10	5
11	13
8	9
4	16
7	3
2	12
14	15
5	19
10	17
10	6
# tree 321
7	10
2	7
10	18
2	1
18	11
7	8
1	4
11	13
11	14
10	5
8	9
4	16
7	3
13	6
2	12
14	15
5	19
10	17
# tree 322
7	10
2	7
10	18
2	1
18	11
1	4
11	13
11	14
10	5
18	8
4	16
7	3
13	6
2	12
14	15
5	19
10	17
2	9
# tree 323
7	10
2	7
10	18
2	1
18	11
1	4
11	13
11	14
10	5
18	8
4	16
7	3
13	6
2	12
14	15
5	19
10	17
18	9
# tree 324
7	10
2	7
10	18
2	1
18	11
1	4
11	13
11	14
10	5
18	8
4	16
7	3
13	6
2	12
14	15
5	19
10	17
7	9
# tree 325
7	10
2	7
10	18
2	1
18	11
1	4
11	13
11	14
10	5
18	8
4	16
7	3
13	6
2	12
14	15
5	19
10	17
10	9
# tree 326
7	10
2	7
10	18
2	1
18	11
7	8
1	4
11	14
11	5
11	13
8	9
4	16
7	3
2	12
14	15
5	19
10	17
10	6
# tree 327
7	10
2	7
10	18
2	1
18	11
1	4
11	14
11	5
18	8
11	13
4	16
7	3
2	12
14	15
5	19
10	17
10	6
2	9
# tree 328
7	10
2	7
10	18
2	1
18	11
1	4
11	14
11	5
18	8
11	13
4	16
7	3
2	12
14	15
5	19
10	17
10	6
18	9
# tree 329
7	10
2	7
10	18
2	1
18	11
1	4
11	14
11	5
18	8
11	13
4	16
7	3
2	12
14	15
5	19
10	17
10	6
7	9
# tree 330
7	10
2	7
10	18
2	1
18	11
1	4
11	14
11	5
18	8
11	13
4	16
7	3
2	12
14	15
5	19
10	17
10	6
10	9
# tree 331
7	10
2	7
10	18
2	1
18	11
7	8
1	4
11	14
8	9
11	13
11	5
4	16
7	3
2	12
14	15
9	17
10	19
10	6
# tree 332
7	10
2	7
10	18
2	1
18	11
10	8
1	4
11	14
8	9
11	13
11	5
4	16
7	3
2	12
14	15
9	17
10	19
10	6
# tree 333
7	10
2	7
10	18
2	1
18	11
1	4
11	14
2	9
18	8
11	13
11	5
4	16
7	3
2	12
14	15
9	17
10	19
10	6
# tree 334
7	10
2	7
10	18
2	1
18	11
1	4
11	14
18	9
18	8
11	13
11	5
4	16
7	3
2	12
14	15
9	17
10	19
10	6
# tree 335
7	10
2	7
10	18
2	1
18	11
1	4
11	14
7	9
18	8
11	13
11	5
4	16
7	3
2	12
14	15
9	17
10	19
10	6
# tree 336
7	10
2	7
10	18
2	1
18	11
1	4
11	14
10	9
18	8
11	13
11	5
4	16
7	3
2	12
14	15
9	17
10	19
10	6
# tree 337
7	10
2	7
10	18
2	1
18	11
1	4
11	13
11	14
2	9
10	8
11	5
4	16
7	3
13	6
2	12
14	15
9	17
10	19
# tree 338
7	10
2	7
10	18
2	1
18	11
1	4
11	13
11	14
18	9
10	8
11	5
4	16
7	3
13	6
2	12
14	15
9	17
10	19
# tree 339
7	10
2	7
10	18
2	1
18	11
18	8
1	4
11	14
8	9
10	5
2	12
11	13
4	16
14	15
9	17
5	19
12	3
18	6
# tree 340
7	10
2	7
10	18
2	1
18	11
18	8
1	4
11	14
8	9
10	5
2	12
11	13
4	16
14	15
9	17
5	19
12	3
11	6
# tree 341
7	10
2	7
10	18
2	1
18	11
18	8
1	4
11	14
8	9
10	5
2	12
11	13
4	16
14	15
9	17
5	19
12	3
10	6
# tree 342
7	10
2	7
10	18
2	1
18	11
7	8
1	4
11	13
11	14
8	9
10	5
2	12
4	16
13	6
14	15
9	17
5	19
12	3
# tree 343
7	10
2	7
10	18
2	1
18	11
10	8
1	4
11	13
11	14
8	9
10	5
2	12
4	16
13	6
14	15
9	17
5	19
12	3
# tree 344
7	10
2	7
10	18
2	1
18	11
1	4
11	13
11	14
2	9
10	5
2	12
18	8
4	16
13	6
14	15
9	17
5	19
12	3
# tree 345
7	10
2	7
10	18
2	1
18	11
1	4
11	13
11	14
18	9
10	5
2	12
18	8
4	16
13	6
14	15
9	17
5	19
12	3
# tree 346
7	10
2	7
10	18
2	1
18	11
1	4
11	13
11	14
7	9
10	5
2	12
18	8
4	16
13	6
14	15
9	17
5	19
12	3
# tree 347
7	10
2	7
10	18
2	1
18	11
1	4
11	13
11	14
10	9
10	5
2	12
18	8
4	16
13	6
14	15
9	17
5	19
12	3
# tree 348
7	10
2	7
10	18
2	1
18	11
7	8
1	4
11	14
8	9
11	5
2	12
11	13
4	16
14	15
9	17
5	19
12	3
10	6
# tree 349
7	10
2	7
10	18
2	1
18	11
10	8
1	4
11	14
8	9
11	5
2	12
11	13
4	16
14	15
9	17
5	19
12	3
10	6
# tree 350
7	10
2	7
10	18
2	1
18	11
1	4
11	14
2	9
11	5
2	12
18	8
11	13
4	16
14	15
9	17
5	19
12	3
10	6
# tree 351
7	10
2	7
10	18
2	1
18	11
1	4
11	14
18	9
11	5
2	12
18	8
11	13
4	16
14	15
9	17
5	19
12	3
10	6
# tree 352
7	10
2	7
10	18
2	1
18	11
1	4
11	14
7	9
11	5
2	12
18	8
11	13
4	16
14	15
9	17
5	19
12	3
10	6
# tree 353
7	10
2	7
10	18
2	1
18	11
1	4
11	14
10	9
11	5
2	12
18	8
11	13
4	16
14	15
9	17
5	19
12	3
10	6
# tree 354
7	10
2	7
10	18
2	1
18	11
1	4
11	13
11	14
2	9
11	5
2	12
10	8
4	16
13	6
14	15
9	17
5	19
12	3
# tree 355
7	10
2	7
10	18
2	1
18	11
1	4
11	13
11	14
18	9
11	5
2	12
10	8
4	16
13	6
14	15
9	17
5	19
12	3
# tree 356
2	7
7	10
10	18
2	1
18	11
7	8
1	4
11	14
8	9
10	5
11	13
4	16
7	3
2	12
14	15
9	17
5	19
10	6
# tree 357
2	7
7	10
10	18
2	1
18	11
10	8
1	4
11	14
8	9
10	5
11	13
4	16
7	3
2	12
14	15
9	17
5	19
10	6
# tree 358
2	7
7	10
10	18
2	1
18	11
1	4
11	14
2	9
10	5
18	8
11	13
4	16
7	3
2	12
14	15
9	17
5	19
10	6
# tree 359
2	7
7	10
10	18
2	1
18	11
1	4
11	14
18	9
10	5
18	8
11	13
4	16
7	3
2	12
14	15
9	17
5	19
10	6
# tree 360
2	7
7	10
10	18
2	1
18	11
1	4
11	14
7	9
10	5
18	8
11	13
4	16
7	3
2	12
14	15
9	17
5	19
10	6
# tree 361
2	7
7	10
10	18
2	1
18	11
1	4
11	14
10	9
10	5
18	8
11	13
4	16
7	3
2	12
14	15
9	17
5	19
10	6
# tree 362
2	7
7	10
10	18
2	1
18	11
1	4
11	13
11	14
2	9
10	5
10	8
4	16
7	3
13	6
2	12
14	15
9	17
5	19
# tree 363
2	7
7	10
10	18
2	1
18	11
1	4
11	13
11	14
18	9
10	5
10	8
4	16
7	3
13	6
2	12
14	15
9	17
5	19
# tree 364
7	10
2	7
10	18
2	1
18	11
1	4
11	14
2	9
11	5
10	8
11	13
4	16
7	3
2	12
14	15
9	17
5	19
10	6
# tree 365
7	10
2	7
10	18
2	1
18	11
1	4
11	14
18	9
11	5
10	8
11	13
4	16
7	3
2	12
14	15
9	17
5	19
10	6
# tree 366
2	7
7	10
10	18
18	8
18	11
2	1
10	13
18	14
11	5
8	9
1	4
7	3
13	6
2	12
14	15
5	19
1	16
2	17
# tree 367
2	7
7	10
10	18
18	8
18	11
2	1
10	13
18	14
11	5
8	9
1	4
7	3
13	6
2	12
14	15
5	19
1	16
18	17
# tree 368
2	7
7	10
10	18
18	8
18	11
2	1
10	13
18	14
11	5
8	9
1	4
7	3
13	6
2	12
14	15
5	19
1	16
8	17
# tree 369
2	7
7	10
10	18
18	8
18	11
2	1
10	13
18	14
11	5
8	9
1	4
7	3
13	6
2	12
14	15
5	19
1	16
7	17
# tree 370
2	7
7	10
10	18
18	8
18	11
2	1
10	13
18	14
11	5
8	9
1	4
7	3
13	6
2	12
14	15
5	19
1	16
10	17
# tree 371
2	7
7	10
10	18
18	8
18	11
2	1
10	13
18	14
8	9
11	5
1	4
7	3
13	6
2	12
14	15
9	17
1	16
11	19
# tree 372
2	7
7	10
10	18
18	8
18	11
2	1
10	13
18	14
8	9
11	5
1	4
7	3
13	6
2	12
14	15
9	17
1	16
18	19
# tree 373
2	7
7	10
10	18
18	8
18	11
2	1
10	13
18	14
8	9
11	5
1	4
7	3
13	6
2	12
14	15
9	17
1	16
10	19
# tree 374
2	7
7	10
10	18
18	8
2	1
10	13
18	14
8	9
18	5
18	11
1	4
7	3
13	6
2	12
14	15
9	17
5	19
1	16
# tree 375
2	7
7	10
10	18
18	8
2	1
10	13
18	14
8	9
10	5
18	11
1	4
7	3
13	6
2	12
14	15
9	17
5	19
1	16
# tree 376
2	7
7	10
10	18
18	8
18	11
2	1
18	14
8	9
11	5
10	13
1	4
7	3
2	12
14	15
9	17
5	19
1	16
18	6
# tree 377
2	7
7	10
10	18
18	8
18	11
2	1
18	14
8	9
11	5
10	13
1	4
7	3
2	12
14	15
9	17
5	19
1	16
11	6
# tree 378
2	7
7	10
10	18
7	8
18	11
2	1
10	13
18	14
8	9
11	5
1	4
7	3
13	6
2	12
14	15
9	17
5	19
1	16
# tree 379
2	7
7	10
10	18
10	8
18	11
2	1
10	13
18	14
8	9
11	5
1	4
7	3
13	6
2	12
14	15
9	17
5	19
1	16
# tree 380
2	7
7	10
10	18
18	11
2	1
10	13
18	14
2	9
11	5
18	8
1	4
7	3
13	6
2	12
14	15
9	17
5	19
1	16
# tree 381
2	7
7	10
10	18
18	11
2	1
10	13
18	14
18	9
11	5
18	8
1	4
7	3
13	6
2	12
14	15
9	17
5	19
1	16
# tree 382
2	7
7	10
10	18
18	11
2	1
10	13
18	14
7	9
11	5
18	8
1	4
7	3
13	6
2	12
14	15
9	17
5	19
1	16
# tree 383
2	7
7	10
10	18
18	11
2	1
10	13
18	14
10	9
11	5
18	8
1	4
7	3
13	6
2	12
14	15
9	17
5	19
1	16
# tree 384
2	7
7	10
10	18
2	1
18	11
18	8
1	4
10	13
18	14
11	5
8	9
4	16
7	3
13	6
2	12
14	15
10	17
11	19
# tree 385
2	7
7	10
10	18
2	1
18	11
18	8
1	4
10	13
18	14
11	5
8	9
4	16
7	3
13	6
2	12
14	15
10	17
18	19
# tree 386
2	7
7	10
10	18
2	1
18	11
18	8
1	4
10	13
18	14
11	5
8	9
4	16
7	3
13	6
2	12
14	15
10	17
10	19
# tree 387
2	7
7	10
10	18
2	1
18	8
1	4
10	13
18	14
18	5
18	11
8	9
4	16
7	3
13	6
2	12
14	15
5	19
10	17
# tree 388
2	7
7	10
10	18
2	1
18	8
1	4
10	13
18	14
10	5
18	11
8	9
4	16
7	3
13	6
2	12
14	15
5	19
10	17
# tree 389
2	7
7	10
10	18
2	1
18	11
18	8
1	4
18	14
11	5
10	13
8	9
4	16
7	3
2	12
14	15
5	19
10	17
18	6
# tree 390
2	7
7	10
10	18
2	1
18	11
18	8
1	4
18	14
11	5
10	13
8	9
4	16
7	3
2	12
14	15
5	19
10	17
11	6
# tree 391
2	7
7	10
10	18
2	1
18	11
7	8
1	4
10	13
18	14
11	5
8	9
4	16
7	3
13	6
2	12
14	15
5	19
10	17
# tree 392
2	7
7	10
10	18
2	1
18	11
1	4
10	13
18	14
11	5
18	8
4	16
7	3
13	6
2	12
14	15
5	19
10	17
2	9
# tree 393
2	7
7	10
10	18
2	1
18	11
1	4
10	13
18	14
11	5
18	8
4	16
7	3
13	6
2	12
14	15
5	19
10	17
18	9
# tree 394
2	7
7	10
10	18
2	1
18	11
1	4
10	13
18	14
11	5
18	8
4	16
7	3
13	6
2	12
14	15
5	19
10	17
7	9
# tree 395
2	7
7	10
10	18
2	1
18	11
1	4
10	13
18	14
11	5
18	8
4	16
7	3
13	6
2	12
14	15
5	19
10	17
10	9
# tree 396
2	7
7	10
10	18
2	1
18	8
1	4
10	13
18	14
8	9
18	11
4	16
7	3
13	6
2	12
14	15
9	17
10	19
18	5
# tree 397
2	7
7	10
10	18
2	1
18	8
18	11
1	4
18	14
8	9
10	13
11	5
4	16
7	3
2	12
14	15
9	17
10	19
18	6
# tree 398
2	7
7	10
10	18
2	1
18	8
18	11
1	4
18	14
8	9
10	13
11	5
4	16
7	3
2	12
14	15
9	17
10	19
11	6
# tree 399
2	7
7	10
10	18
2	1
7	8
18	11
1	4
10	13
18	14
8	9
11	5
4	16
7	3
13	6
2	12
14	15
9	17
10	19
# tree 400
2	7
7	10
10	18
2	1
10	8
18	11
1	4
10	13
18	14
8	9
11	5
4	16
7	3
13	6
2	12
14	15
9	17
10	19
# tree 401
2	7
7	10
10	18
2	1
18	11
1	4
10	13
18	14
2	9
18	8
11	5
4	16
7	3
13	6
2	12
14	15
9	17
10	19
# tree 402
2	7
7	10
10	18
2	1
18	11
1	4
10	13
18	14
18	9
18	8
11	5
4	16
7	3
13	6
2	12
14	15
9	17
10	19
# tree 403
2	7
7	10
10	18
2	1
18	11
1	4
10	13
18	14
7	9
18	8
11	5
4	16
7	3
13	6
2	12
14	15
9	17
10	19
# tree 404
2	7
7	10
10	18
2	1
18	11
1	4
10	13
18	14
10	9
18	8
11	5
4	16
7	3
13	6
2	12
14	15
9	17
10	19
# tree 405
2	7
7	10
10	18
2	1
18	8
1	4
18	14
8	9
10	5
10	13
18	11
4	16
7	3
2	12
14	15
9	17
5	19
18	6
# tree 406
2	7
7	10
10	18
2	1
18	8
1	4
18	14
8	9
10	5
18	11
10	13
4	16
7	3
2	12
14	15
9	17
5	19
11	6
# tree 407
2	7
7	10
2	1
10	18
7	8
1	4
10	13
18	14
8	9
10	5
18	11
4	16
7	3
13	6
2	12
14	15
9	17
5	19
# tree 408
2	7
7	10
2	1
10	18
10	8
1	4
10	13
18	14
8	9
10	5
18	11
4	16
7	3
13	6
2	12
14	15
9	17
5	19
# tree 409
2	7
7	10
10	18
2	1
1	4
10	13
18	14
2	9
10	5
18	8
18	11
4	16
7	3
13	6
2	12
14	15
9	17
5	19
# tree 410
2	7
7	10
10	18
2	1
1	4
10	13
18	14
18	9
10	5
18	8
18	11
4	16
7	3
13	6
2	12
14	15
9	17
5	19
# tree 411
2	7
7	10
10	18
2	1
1	4
10	13
18	14
7	9
10	5
18	8
18	11
4	16
7	3
13	6
2	12
14	15
9	17
5	19
# tree 412
2	7
7	10
10	18
2	1
1	4
10	13
18	14
10	9
10	5
18	8
18	11
4	16
7	3
13	6
2	12
14	15
9	17
5	19
# tree 413
2	7
7	10
10	18
2	1
18	11
1	4
10	13
18	14
2	9
11	5
10	8
4	16
7	3
13	6
2	12
14	15
9	17
5	19
# tree 414
2	7
7	10
10	18
2	1
18	11
1	4
10	13
18	14
18	9
11	5
10	8
4	16
7	3
13	6
2	12
14	15
9	17
5	19
# tree 415
2	7
7	10
10	18
18	11
18	8
2	1
10	13
11	14
11	5
8	9
1	4
7	3
13	6
2	12
14	15
1	16
10	17
11	19
# tree 416
2	7
7	10
10	18
18	11
18	8
2	1
10	13
11	14
11	5
8	9
1	4
7	3
13	6
2	12
14	15
1	16
10	17
18	19
# tree 417
2	7
7	10
10	18
18	11
18	8
2	1
10	13
11	14
11	5
8	9
1	4
7	3
13	6
2	12
14	15
1	16
10	17
10	19
# tree 418
2	7
7	10
10	18
18	11
18	8
2	1
10	13
11	14
18	5
8	9
1	4
7	3
13	6
2	12
14	15
5	19
1	16
10	17
# tree 419
2	7
7	10
10	18
18	11
18	8
2	1
10	13
11	14
10	5
8	9
1	4
7	3
13	6
2	12
14	15
5	19
1	16
10	17
# tree 420
2	7
7	10
10	18
18	11
18	8
2	1
11	14
11	5
10	13
8	9
1	4
7	3
2	12
14	15
5	19
1	16
10	17
18	6
# tree 421
2	7
7	10
10	18
18	11
18	8
2	1
11	14
11	5
10	13
8	9
1	4
7	3
2	12
14	15
5	19
1	16
10	17
11	6
# tree 422
2	7
7	10
10	18
18	11
7	8
2	1
10	13
11	14
11	5
8	9
1	4
7	3
13	6
2	12
14	15
5	19
1	16
10	17
# tree 423
2	7
7	10
10	18
18	11
2	1
10	13
11	14
11	5
18	8
1	4
7	3
13	6
2	12
14	15
5	19
1	16
10	17
2	9
# tree 424
2	7
7	10
10	18
18	11
2	1
10	13
11	14
11	5
18	8
1	4
7	3
13	6
2	12
14	15
5	19
1	16
10	17
18	9
# tree 425
2	7
7	10
10	18
18	11
2	1
10	13
11	14
11	5
18	8
1	4
7	3
13	6
2	12
14	15
5	19
1	16
10	17
7	9
# tree 426
2	7
7	10
10	18
18	11
2	1
10	13
11	14
11	5
18	8
1	4
7	3
13	6
2	12
14	15
5	19
1	16
10	17
10	9
# tree 427
2	7
7	10
10	18
18	11
18	8
2	1
10	13
11	14
8	9
1	4
7	3
13	6
2	12
14	15
9	17
1	16
10	19
18	5
# tree 428
2	7
7	10
10	18
18	11
18	8
2	1
11	14
8	9
10	13
11	5
1	4
7	3
2	12
14	15
9	17
1	16
10	19
18	6
# tree 429
2	7
7	10
10	18
18	11
18	8
2	1
11	14
8	9
10	13
11	5
1	4
7	3
2	12
14	15
9	17
1	16
10	19
11	6
# tree 430
2	7
7	10
10	18
18	11
7	8
2	1
10	13
11	14
8	9
11	5
1	4
7	3
13	6
2	12
14	15
9	17
1	16
10	19
# tree 431
2	7
7	10
10	18
18	11
10	8
2	1
10	13
11	14
8	9
11	5
1	4
7	3
13	6
2	12
14	15
9	17
1	16
10	19
# tree 432
2	7
7	10
10	18
18	11
2	1
10	13
11	14
2	9
18	8
11	5
1	4
7	3
13	6
2	12
14	15
9	17
1	16
10	19
# tree 433
2	7
7	10
10	18
18	11
2	1
10	13
11	14
18	9
18	8
11	5
1	4
7	3
13	6
2	12
14	15
9	17
1	16
10	19
# tree 434
2	7
7	10
10	18
18	11
2	1
10	13
11	14
7	9
18	8
11	5
1	4
7	3
13	6
2	12
14	15
9	17
1	16
10	19
# tree 435
2	7
7	10
10	18
18	11
2	1
10	13
11	14
10	9
18	8
11	5
1	4
7	3
13	6
2	12
14	15
9	17
1	16
10	19
# tree 436
2	7
7	10
10	18
18	11
18	8
2	1
11	14
8	9
10	5
10	13
1	4
7	3
2	12
14	15
9	17
5	19
1	16
18	6
# tree 437
2	7
7	10
10	18
18	11
18	8
2	1
11	14
8	9
10	5
10	13
1	4
7	3
2	12
14	15
9	17
5	19
1	16
11	6
# tree 438
2	7
7	10
10	18
18	11
7	8
2	1
10	13
11	14
8	9
10	5
1	4
7	3
13	6
2	12
14	15
9	17
5	19
1	16
# tree 439
2	7
7	10
10	18
18	11
10	8
2	1
10	13
11	14
8	9
10	5
1	4
7	3
13	6
2	12
14	15
9	17
5	19
1	16
# tree 440
2	7
7	10
10	18
18	11
2	1
10	13
11	14
2	9
10	5
18	8
1	4
7	3
13	6
2	12
14	15
9	17
5	19
1	16
# tree 441
2	7
7	10
10	18
18	11
2	1
10	13
11	14
18	9
10	5
18	8
1	4
7	3
13	6
2	12
14	15
9	17
5	19
1	16
# tree 442
2	7
7	10
10	18
18	11
2	1
10	13
11	14
7	9
10	5
18	8
1	4
7	3
13	6
2	12
14	15
9	17
5	19
1	16
# tree 443
2	7
7	10
10	18
18	11
2	1
10	13
11	14
10	9
10	5
18	8
1	4
7	3
13	6
2	12
14	15
9	17
5	19
1	16
# tree 444
2	7
7	10
10	18
18	11
2	1
10	13
11	14
2	9
11	5
10	8
1	4
7	3
13	6
2	12
14	15
9	17
5	19
1	16
# tree 445
2	7
7	10
10	18
18	11
2	1
10	13
11	14
18	9
11	5
10	8
1	4
7	3
13	6
2	12
14	15
9	17
5	19
1	16
# tree 446
2	7
7	10
10	18
2	1
18	11
18	8
1	4
10	13
11	14
8	9
4	16
7	3
13	6
2	12
14	15
10	17
10	19
18	5
# tree 447
2	7
7	10
10	18
2	1
18	11
18	8
1	4
11	14
10	13
11	5
8	9
4	16
7	3
2	12
14	15
10	17
10	19
18	6
# tree 448
2	7
7	10
10	18
2	1
18	11
18	8
1	4
11	14
10	13
11	5
8	9
4	16
7	3
2	12
14	15
10	17
10	19
11	6
# tree 449
2	7
7	10
10	18
2	1
18	11
7	8
1	4
10	13
11	14
11	5
8	9
4	16
7	3
13	6
2	12
14	15
10	17
10	19
# tree 450
2	7
7	10
10	18
2	1
18	11
1	4
10	13
11	14
18	8
11	5
4	16
7	3
13	6
2	12
14	15
10	17
10	19
2	9
# tree 451
2	7
7	10
10	18
2	1
18	11
1	4
10	13
11	14
18	8
11	5
4	16
7	3
13	6
2	12
14	15
10	17
10	19
18	9
# tree 452
2	7
7	10
10	18
2	1
18	11
1	4
10	13
11	14
18	8
11	5
4	16
7	3
13	6
2	12
14	15
10	17
10	19
7	9
# tree 453
2	7
7	10
10	18
2	1
18	11
1	4
10	13
11	14
18	8
11	5
4	16
7	3
13	6
2	12
14	15
10	17
10	19
10	9
# tree 454
2	7
7	10
10	18
2	1
18	11
18	8
1	4
11	14
10	5
10	13
8	9
4	16
7	3
2	12
14	15
5	19
10	17
18	6
# tree 455
2	7
7	10
10	18
2	1
18	11
18	8
1	4
11	14
10	5
10	13
8	9
4	16
7	3
2	12
14	15
5	19
10	17
11	6
# tree 456
2	7
7	10
10	18
2	1
18	11
7	8
1	4
10	13
11	14
10	5
8	9
4	16
7	3
13	6
2	12
14	15
5	19
10	17
# tree 457
2	7
7	10
10	18
2	1
18	11
1	4
10	13
11	14
10	5
18	8
4	16
7	3
13	6
2	12
14	15
5	19
10	17
2	9
# tree 458
2	7
7	10
10	18
2	1
18	11
1	4
10	13
11	14
10	5
18	8
4	16
7	3
13	6
2	12
14	15
5	19
10	17
18	9
# tree 459
2	7
7	10
10	18
2	1
18	11
1	4
10	13
11	14
10	5
18	8
4	16
7	3
13	6
2	12
14	15
5	19
10	17
7	9
# tree 460
2	7
7	10
10	18
2	1
18	11
1	4
10	13
11	14
10	5
18	8
4	16
7	3
13	6
2	12
14	15
5	19
10	17
10	9
# tree 461
2	7
7	10
10	18
2	1
18	11
1	4
10	13
11	14
2	9
10	8
11	5
4	16
7	3
13	6
2	12
14	15
9	17
10	19
# tree 462
2	7
7	10
10	18
2	1
18	11
1	4
10	13
11	14
18	9
10	8
11	5
4	16
7	3
13	6
2	12
14	15
9	17
10	19
# tree 463
2	7
7	10
10	18
2	1
18	11
1	4
10	13
11	14
2	9
10	5
10	8
4	16
7	3
13	6
2	12
14	15
9	17
5	19
# tree 464
2	7
7	10
10	18
2	1
18	11
1	4
10	13
11	14
18	9
10	5
10	8
4	16
7	3
13	6
2	12
14	15
9	17
5	19
# tree 465
2	7
7	10
10	18
18	11
18	8
2	1
11	13
18	14
11	5
8	9
1	4
7	3
13	6
2	12
14	15
1	16
10	17
11	19
# tree 466
2	7
7	10
10	18
18	11
18	8
2	1
11	13
18	14
11	5
8	9
1	4
7	3
13	6
2	12
14	15
1	16
10	17
18	19
# tree 467
2	7
7	10
10	18
18	11
18	8
2	1
11	13
18	14
11	5
8	9
1	4
7	3
13	6
2	12
14	15
1	16
10	17
10	19
# tree 468
2	7
7	10
10	18
18	11
18	8
2	1
11	13
18	14
18	5
8	9
1	4
7	3
13	6
2	12
14	15
5	19
1	16
10	17
# tree 469
2	7
7	10
10	18
18	11
18	8
2	1
11	13
18	14
10	5
8	9
1	4
7	3
13	6
2	12
14	15
5	19
1	16
10	17
# tree 470
2	7
7	10
10	18
18	11
18	8
2	1
18	14
11	5
11	13
8	9
1	4
7	3
2	12
14	15
5	19
1	16
10	17
18	6
# tree 471
2	7
7	10
10	18
18	11
18	8
2	1
18	14
11	5
11	13
8	9
1	4
7	3
2	12
14	15
5	19
1	16
10	17
11	6
# tree 472
2	7
7	10
10	18
18	11
18	8
2	1
18	14
11	5
11	13
8	9
1	4
7	3
2	12
14	15
5	19
1	16
10	17
10	6
# tree 473
2	7
7	10
10	18
18	11
7	8
2	1
11	13
18	14
11	5
8	9
1	4
7	3
13	6
2	12
14	15
5	19
1	16
10	17
# tree 474
2	7
7	10
10	18
18	11
2	1
11	13
18	14
11	5
18	8
1	4
7	3
13	6
2	12
14	15
5	19
1	16
10	17
2	9
# tree 475
2	7
7	10
10	18
18	11
2	1
11	13
18	14
11	5
18	8
1	4
7	3
13	6
2	12
14	15
5	19
1	16
10	17
18	9
# tree 476
2	7
7	10
10	18
18	11
2	1
11	13
18	14
11	5
18	8
1	4
7	3
13	6
2	12
14	15
5	19
1	16
10	17
7	9
# tree 477
2	7
7	10
10	18
18	11
2	1
11	13
18	14
11	5
18	8
1	4
7	3
13	6
2	12
14	15
5	19
1	16
10	17
10	9
# tree 478
2	7
7	10
10	18
18	11
18	8
2	1
11	13
18	14
8	9
1	4
7	3
13	6
2	12
14	15
9	17
1	16
10	19
18	5
# tree 479
2	7
7	10
10	18
18	11
18	8
2	1
18	14
8	9
11	13
11	5
1	4
7	3
2	12
14	15
9	17
1	16
10	19
18	6
# tree 480
2	7
7	10
10	18
18	11
18	8
2	1
18	14
8	9
11	13
11	5
1	4
7	3
2	12
14	15
9	17
1	16
10	19
11	6
# tree 481
2	7
7	10
10	18
18	11
18	8
2	1
18	14
8	9
11	13
11	5
1	4
7	3
2	12
14	15
9	17
1	16
10	19
10	6
# tree 482
2	7
7	10
10	18
18	11
7	8
2	1
11	13
18	14
8	9
11	5
1	4
7	3
13	6
2	12
14	15
9	17
1	16
10	19
# tree 483
2	7
7	10
10	18
18	11
10	8
2	1
11	13
18	14
8	9
11	5
1	4
7	3
13	6
2	12
14	15
9	17
1	16
10	19
# tree 484
2	7
7	10
10	18
18	11
2	1
11	13
18	14
2	9
18	8
11	5
1	4
7	3
13	6
2	12
14	15
9	17
1	16
10	19
# tree 485
2	7
7	10
10	18
18	11
2	1
11	13
18	14
18	9
18	8
11	5
1	4
7	3
13	6
2	12
14	15
9	17
1	16
10	19
# tree 486
2	7
7	10
10	18
18	11
2	1
11	13
18	14
7	9
18	8
11	5
1	4
7	3
13	6
2	12
14	15
9	17
1	16
10	19
# tree 487
2	7
7	10
10	18
18	11
2	1
11	13
18	14
10	9
18	8
11	5
1	4
7	3
13	6
2	12
14	15
9	17
1	16
10	19
# tree 488
2	7
7	10
10	18
18	11
18	8
2	1
18	14
8	9
10	5
11	13
1	4
7	3
2	12
14	15
9	17
5	19
1	16
18	6
# tree 489
2	7
7	10
10	18
18	11
18	8
2	1
18	14
8	9
10	5
11	13
1	4
7	3
2	12
14	15
9	17
5	19
1	16
11	6
# tree 490
2	7
7	10
10	18
18	11
18	8
2	1
18	14
8	9
10	5
11	13
1	4
7	3
2	12
14	15
9	17
5	19
1	16
10	6
# tree 491
2	7
7	10
10	18
18	11
7	8
2	1
11	13
18	14
8	9
10	5
1	4
7	3
13	6
2	12
14	15
9	17
5	19
1	16
# tree 492
2	7
7	10
10	18
18	11
10	8
2	1
11	13
18	14
8	9
10	5
1	4
7	3
13	6
2	12
14	15
9	17
5	19
1	16
# tree 493
2	7
7	10
10	18
18	11
2	1
11	13
18	14
2	9
10	5
18	8
1	4
7	3
13	6
2	12
14	15
9	17
5	19
1	16
# tree 494
2	7
7	10
10	18
18	11
2	1
11	13
18	14
18	9
10	5
18	8
1	4
7	3
13	6
2	12
14	15
9	17
5	19
1	16
# tree 495
2	7
7	10
10	18
18	11
2	1
11	13
18	14
7	9
10	5
18	8
1	4
7	3
13	6
2	12
14	15
9	17
5	19
1	16
# tree 496
2	7
7	10
10	18
18	11
2	1
11	13
18	14
10	9
10	5
18	8
1	4
7	3
13	6
2	12
14	15
9	17
5	19
1	16
# tree 497
2	7
7	10
10	18
7	8
18	11
2	1
18	14
8	9
11	5
11	13
1	4
7	3
2	12
14	15
9	17
5	19
1	16
10	6
# tree 498
2	7
7	10
10	18
10	8
18	11
2	1
18	14
8	9
11	5
11	13
1	4
7	3
2	12
14	15
9	17
5	19
1	16
10	6
# tree 499
2	7
7	10
10	18
18	11
2	1
18	14
2	9
11	5
18	8
11	13
1	4
7	3
2	12
14	15
9	17
5	19
1	16
10	6
# tree 500
2	7
7	10
10	18
18	11
2	1
18	14
18	9
11	5
18	8
11	13
1	4
7	3
2	12
14	15
9	17
5	19
1	16
10	6
# tree 501
2	7
7	10
10	18
18	11
2	1
18	14
7	9
11	5
18	8
11	13
1	4
7	3
2	12
14	15
9	17
5	19
1	16
10	6
# tree 502
2	7
7	10
10	18
18	11
2	1
18	14
10	9
11	5
18	8
11	13
1	4
7	3
2	12
14	15
9	17
5	19
1	16
10	6
# tree 503
2	7
7	10
10	18
18	11
2	1
11	13
18	14
2	9
11	5
10	8
1	4
7	3
13	6
2	12
14	15
9	17
5	19
1	16
# tree 504
2	7
7	10
10	18
18	11
2	1
11	13
18	14
18	9
11	5
10	8
1	4
7	3
13	6
2	12
14	15
9	17
5	19
1	16
# tree 505
2	7
7	10
10	18
2	1
18	11
18	8
1	4
11	13
18	14
8	9
4	16
7	3
13	6
2	12
14	15
10	17
10	19
18	5
# tree 506
2	7
7	10
10	18
2	1
18	11
18	8
1	4
18	14
11	13
11	5
8	9
4	16
7	3
2	12
14	15
10	17
10	19
18	6
# tree 507
2	7
7	10
10	18
2	1
18	11
18	8
1	4
18	14
11	13
11	5
8	9
4	16
7	3
2	12
14	15
10	17
10	19
11	6
# tree 508
2	7
7	10
10	18
2	1
18	11
18	8
1	4
18	14
11	13
11	5
8	9
4	16
7	3
2	12
14	15
10	17
10	19
10	6
# tree 509
2	7
7	10
10	18
2	1
18	11
7	8
1	4
11	13
18	14
11	5
8	9
4	16
7	3
13	6
2	12
14	15
10	17
10	19
# tree 510
2	7
7	10
10	18
2	1
18	11
1	4
11	13
18	14
18	8
11	5
4	16
7	3
13	6
2	12
14	15
10	17
10	19
2	9
# tree 511
2	7
7	10
10	18
2	1
18	11
1	4
11	13
18	14
18	8
11	5
4	16
7	3
13	6
2	12
14	15
10	17
10	19
18	9
# tree 512
2	7
7	10
10	18
2	1
18	11
1	4
11	13
18	14
18	8
11	5
4	16
7	3
13	6
2	12
14	15
10	17
10	19
7	9
# tree 513
2	7
7	10
10	18
2	1
18	11
1	4
11	13
18	14
18	8
11	5
4	16
7	3
13	6
2	12
14	15
10	17
10	19
10	9
# tree 514
2	7
7	10
10	18
2	1
18	11
18	8
1	4
18	14
10	5
11	13
8	9
4	16
7	3
2	12
14	15
5	19
10	17
18	6
# tree 515
2	7
7	10
10	18
2	1
18	11
18	8
1	4
18	14
10	5
11	13
8	9
4	16
7	3
2	12
14	15
5	19
10	17
11	6
# tree 516
2	7
7	10
10	18
2	1
18	11
18	8
1	4
18	14
10	5
11	13
8	9
4	16
7	3
2	12
14	15
5	19
10	17
10	6
# tree 517
2	7
7	10
10	18
2	1
18	11
7	8
1	4
11	13
18	14
10	5
8	9
4	16
7	3
13	6
2	12
14	15
5	19
10	17
# tree 518
2	7
7	10
10	18
2	1
18	11
1	4
11	13
18	14
10	5
18	8
4	16
7	3
13	6
2	12
14	15
5	19
10	17
2	9
# tree 519
2	7
7	10
10	18
2	1
18	11
1	4
11	13
18	14
10	5
18	8
4	16
7	3
13	6
2	12
14	15
5	19
10	17
18	9
# tree 520
2	7
7	10
10	18
2	1
18	11
1	4
11	13
18	14
10	5
18	8
4	16
7	3
13	6
2	12
14	15
5	19
10	17
7	9
# tree 521
2	7
7	10
10	18
2	1
18	11
1	4
11	13
18	14
10	5
18	8
4	16
7	3
13	6
2	12
14	15
5	19
10	17
10	9
# tree 522
2	7
7	10
10	18
2	1
18	11
7	8
1	4
18	14
11	5
11	13
8	9
4	16
7	3
2	12
14	15
5	19
10	17
10	6
# tree 523
2	7
7	10
10	18
2	1
18	11
1	4
18	14
11	5
18	8
11	13
4	16
7	3
2	12
14	15
5	19
10	17
10	6
2	9
# tree 524
2	7
7	10
10	18
2	1
18	11
1	4
18	14
11	5
18	8
11	13
4	16
7	3
2	12
14	15
5	19
10	17
10	6
18	9
# tree 525
2	7
7	10
10	18
2	1
18	11
1	4
18	14
11	5
18	8
11	13
4	16
7	3
2	12
14	15
5	19
10	17
10	6
7	9
# tree 526
2	7
7	10
10	18
2	1
18	11
1	4
18	14
11	5
18	8
11	13
4	16
7	3
2	12
14	15
5	19
10	17
10	6
10	9
# tree 527
2	7
7	10
10	18
2	1
7	8
18	11
1	4
18	14
8	9
11	13
11	5
4	16
7	3
2	12
14	15
9	17
10	19
10	6
# tree 528
2	7
7	10
10	18
2	1
10	8
18	11
1	4
18	14
8	9
11	13
11	5
4	16
7	3
2	12
14	15
9	17
10	19
10	6
# tree 529
2	7
7	10
10	18
2	1
18	11
1	4
18	14
2	9
18	8
11	13
11	5
4	16
7	3
2	12
14	15
9	17
10	19
10	6
# tree 530
2	7
7	10
10	18
2	1
18	11
1	4
18	14
18	9
18	8
11	13
11	5
4	16
7	3
2	12
14	15
9	17
10	19
10	6
# tree 531
2	7
7	10
10	18
2	1
18	11
1	4
18	14
7	9
18	8
11	13
11	5
4	16
7	3
2	12
14	15
9	17
10	19
10	6
# tree 532
2	7
7	10
10	18
2	1
18	11
1	4
18	14
10	9
18	8
11	13
11	5
4	16
7	3
2	12
14	15
9	17
10	19
10	6
# tree 533
2	7
7	10
10	18
2	1
18	11
1	4
11	13
18	14
2	9
10	8
11	5
4	16
7	3
13	6
2	12
14	15
9	17
10	19
# tree 534
2	7
7	10
10	18
2	1
18	11
1	4
11	13
18	14
18	9
10	8
11	5
4	16
7	3
13	6
2	12
14	15
9	17
10	19
# tree 535
2	7
7	10
10	18
2	1
7	8
18	11
1	4
18	14
8	9
10	5
11	13
4	16
7	3
2	12
14	15
9	17
5	19
10	6
# tree 536
2	7
7	10
10	18
2	1
10	8
18	11
1	4
18	14
8	9
10	5
11	13
4	16
7	3
2	12
14	15
9	17
5	19
10	6
# tree 537
2	7
7	10
10	18
2	1
18	11
1	4
18	14
2	9
10	5
18	8
11	13
4	16
7	3
2	12
14	15
9	17
5	19
10	6
# tree 538
2	7
7	10
10	18
2	1
18	11
1	4
18	14
18	9
10	5
18	8
11	13
4	16
7	3
2	12
14	15
9	17
5	19
10	6
# tree 539
2	7
7	10
10	18
2	1
18	11
1	4
18	14
7	9
10	5
18	8
11	13
4	16
7	3
2	12
14	15
9	17
5	19
10	6
# tree 540
2	7
7	10
10	18
2	1
18	11
1	4
18	14
10	9
10	5
18	8
11	13
4	16
7	3
2	12
14	15
9	17
5	19
10	6
# tree 541
2	7
7	10
10	18
2	1
18	11
1	4
11	13
18	14
2	9
10	5
10	8
4	16
7	3
13	6
2	12
14	15
9	17
5	19
# tree 542
2	7
7	10
10	18
2	1
18	11
1	4
11	13
18	14
18	9
10	5
10	8
4	16
7	3
13	6
2	12
14	15
9	17
5	19
# tree 543
2	7
7	10
10	18
2	1
18	11
1	4
18	14
2	9
11	5
10	8
11	13
4	16
7	3
2	12
14	15
9	17
5	19
10	6
# tree 544
2	7
7	10
10	18
2	1
18	11
1	4
18	14
18	9
11	5
10	8
11	13
4	16
7	3
2	12
14	15
9	17
5	19
10	6
# tree 545
2	7
7	10
10	18
18	11
18	8
2	1
11	13
11	14
8	9
1	4
7	3
13	6
2	12
14	15
1	16
10	17
10	19
18	5
# tree 546
2	7
7	10
10	18
18	11
18	8
2	1
11	14
11	13
11	5
8	9
1	4
7	3
2	12
14	15
1	16
10	17
10	19
18	6
# tree 547
2	7
7	10
10	18
18	11
18	8
2	1
11	14
11	13
11	5
8	9
1	4
7	3
2	12
14	15
1	16
10	17
10	19
11	6
# tree 548
2	7
7	10
10	18
18	11
18	8
2	1
11	14
11	13
11	5
8	9
1	4
7	3
2	12
14	15
1	16
10	17
10	19
10	6
# tree 549
2	7
7	10
10	18
18	11
7	8
2	1
11	13
11	14
11	5
8	9
1	4
7	3
13	6
2	12
14	15
1	16
10	17
10	19
# tree 550
2	7
7	10
10	18
18	11
2	1
11	13
11	14
18	8
11	5
1	4
7	3
13	6
2	12
14	15
1	16
10	17
10	19
2	9
# tree 551
2	7
7	10
10	18
18	11
2	1
11	13
11	14
18	8
11	5
1	4
7	3
13	6
2	12
14	15
1	16
10	17
10	19
18	9
# tree 552
2	7
7	10
10	18
18	11
2	1
11	13
11	14
18	8
11	5
1	4
7	3
13	6
2	12
14	15
1	16
10	17
10	19
7	9
# tree 553
2	7
7	10
10	18
18	11
2	1
11	13
11	14
18	8
11	5
1	4
7	3
13	6
2	12
14	15
1	16
10	17
10	19
10	9
# tree 554
2	7
7	10
10	18
18	11
18	8
2	1
11	14
10	5
11	13
8	9
1	4
7	3
2	12
14	15
5	19
1	16
10	17
18	6
# tree 555
2	7
7	10
10	18
18	11
18	8
2	1
11	14
10	5
11	13
8	9
1	4
7	3
2	12
14	15
5	19
1	16
10	17
11	6
# tree 556
2	7
7	10
10	18
18	11
18	8
2	1
11	14
10	5
11	13
8	9
1	4
7	3
2	12
14	15
5	19
1	16
10	17
10	6
# tree 557
2	7
7	10
10	18
18	11
7	8
2	1
11	13
11	14
10	5
8	9
1	4
7	3
13	6
2	12
14	15
5	19
1	16
10	17
# tree 558
2	7
7	10
10	18
18	11
2	1
11	13
11	14
10	5
18	8
1	4
7	3
13	6
2	12
14	15
5	19
1	16
10	17
2	9
# tree 559
2	7
7	10
10	18
18	11
2	1
11	13
11	14
10	5
18	8
1	4
7	3
13	6
2	12
14	15
5	19
1	16
10	17
18	9
# tree 560
2	7
7	10
10	18
18	11
2	1
11	13
11	14
10	5
18	8
1	4
7	3
13	6
2	12
14	15
5	19
1	16
10	17
7	9
# tree 561
2	7
7	10
10	18
18	11
2	1
11	13
11	14
10	5
18	8
1	4
7	3
13	6
2	12
14	15
5	19
1	16
10	17
10	9
# tree 562
2	7
7	10
10	18
18	11
7	8
2	1
11	14
11	5
11	13
8	9
1	4
7	3
2	12
14	15
5	19
1	16
10	17
10	6
# tree 563
2	7
7	10
10	18
18	11
2	1
11	14
11	5
18	8
11	13
1	4
7	3
2	12
14	15
5	19
1	16
10	17
10	6
2	9
# tree 564
2	7
7	10
10	18
18	11
2	1
11	14
11	5
18	8
11	13
1	4
7	3
2	12
14	15
5	19
1	16
10	17
10	6
18	9
# tree 565
2	7
7	10
10	18
18	11
2	1
11	14
11	5
18	8
11	13
1	4
7	3
2	12
14	15
5	19
1	16
10	17
10	6
7	9
# tree 566
2	7
7	10
10	18
18	11
2	1
11	14
11	5
18	8
11	13
1	4
7	3
2	12
14	15
5	19
1	16
10	17
10	6
10	9
# tree 567
2	7
7	10
10	18
18	11
7	8
2	1
11	14
8	9
11	13
11	5
1	4
7	3
2	12
14	15
9	17
1	16
10	19
10	6
# tree 568
2	7
7	10
10	18
18	11
10	8
2	1
11	14
8	9
11	13
11	5
1	4
7	3
2	12
14	15
9	17
1	16
10	19
10	6
# tree 569
2	7
7	10
10	18
18	11
2	1
11	14
2	9
18	8
11	13
11	5
1	4
7	3
2	12
14	15
9	17
1	16
10	19
10	6
# tree 570
2	7
7	10
10	18
18	11
2	1
11	14
18	9
18	8
11	13
11	5
1	4
7	3
2	12
14	15
9	17
1	16
10	19
10	6
# tree 571
2	7
7	10
10	18
18	11
2	1
11	14
7	9
18	8
11	13
11	5
1	4
7	3
2	12
14	15
9	17
1	16
10	19
10	6
# tree 572
2	7
7	10
10	18
18	11
2	1
11	14
10	9
18	8
11	13
11	5
1	4
7	3
2	12
14	15
9	17
1	16
10	19
10	6
# tree 573
2	7
7	10
10	18
18	11
2	1
11	13
11	14
2	9
10	8
11	5
1	4
7	3
13	6
2	12
14	15
9	17
1	16
10	19
# tree 574
2	7
7	10
10	18
18	11
2	1
11	13
11	14
18	9
10	8
11	5
1	4
7	3
13	6
2	12
14	15
9	17
1	16
10	19
# tree 575
2	7
7	10
10	18
18	11
7	8
2	1
11	14
8	9
10	5
11	13
1	4
7	3
2	12
14	15
9	17
5	19
1	16
10	6
# tree 576
2	7
7	10
10	18
18	11
10	8
2	1
11	14
8	9
10	5
11	13
1	4
7	3
2	12
14	15
9	17
5	19
1	16
10	6
# tree 577
2	7
7	10
10	18
18	11
2	1
11	14
2	9
10	5
18	8
11	13
1	4
7	3
2	12
14	15
9	17
5	19
1	16
10	6
# tree 578
2	7
7	10
10	18
18	11
2	1
11	14
18	9
10	5
18	8
11	13
1	4
7	3
2	12
14	15
9	17
5	19
1	16
10	6
# tree 579
2	7
7	10
10	18
18	11
2	1
11	14
7	9
10	5
18	8
11	13
1	4
7	3
2	12
14	15
9	17
5	19
1	16
10	6
# tree 580
2	7
7	10
10	18
18	11
2	1
11	14
10	9
10	5
18	8
11	13
1	4
7	3
2	12
14	15
9	17
5	19
1	16
10	6
# tree 581
2	7
7	10
10	18
18	11
2	1
11	13
11	14
2	9
10	5
10	8
1	4
7	3
13	6
2	12
14	15
9	17
5	19
1	16
# tree 582
2	7
7	10
10	18
18	11
2	1
11	13
11	14
18	9
10	5
10	8
1	4
7	3
13	6
2	12
14	15
9	17
5	19
1	16
# tree 583
2	7
7	10
10	18
18	11
2	1
11	14
2	9
11	5
10	8
11	13
1	4
7	3
2	12
14	15
9	17
5	19
1	16
10	6
# tree 584
2	7
7	10
10	18
18	11
2	1
11	14
18	9
11	5
10	8
11	13
1	4
7	3
2	12
14	15
9	17
5	19
1	16
10	6
# tree 585
2	7
7	10
10	18
2	1
18	11
7	8
1	4
11	14
11	13
11	5
8	9
4	16
7	3
2	12
14	15
10	17
10	19
10	6
# tree 586
2	7
7	10
10	18
2	1
18	11
1	4
11	14
18	8
11	13
11	5
4	16
7	3
2	12
14	15
10	17
10	19
10	6
2	9
# tree 587
2	7
7	10
10	18
2	1
18	11
1	4
11	14
18	8
11	13
11	5
4	16
7	3
2	12
14	15
10	17
10	19
10	6
18	9
# tree 588
2	7
7	10
10	18
2	1
18	11
1	4
11	14
18	8
11	13
11	5
4	16
7	3
2	12
14	15
10	17
10	19
10	6
7	9
# tree 589
2	7
7	10
10	18
2	1
18	11
1	4
11	14
18	8
11	13
11	5
4	16
7	3
2	12
14	15
10	17
10	19
10	6
10	9
# tree 590
2	7
7	10
10	18
2	1
18	11
7	8
1	4
11	14
10	5
11	13
8	9
4	16
7	3
2	12
14	15
5	19
10	17
10	6
# tree 591
2	7
7	10
10	18
2	1
18	11
1	4
11	14
10	5
18	8
11	13
4	16
7	3
2	12
14	15
5	19
10	17
10	6
2	9
# tree 592
2	7
7	10
10	18
2	1
18	11
1	4
11	14
10	5
18	8
11	13
4	16
7	3
2	12
14	15
5	19
10	17
10	6
18	9
# tree 593
2	7
7	10
10	18
2	1
18	11
1	4
11	14
10	5
18	8
11	13
4	16
7	3
2	12
14	15
5	19
10	17
10	6
7	9
# tree 594
2	7
7	10
10	18
2	1
18	11
1	4
11	14
10	5
18	8
11	13
4	16
7	3
2	12
14	15
5	19
10	17
10	6
10	9
# tree 595
2	7
7	10
10	18
2	1
18	11
1	4
11	14
2	9
10	8
11	13
11	5
4	16
7	3
2	12
14	15
9	17
10	19
10	6
# tree 596
2	7
7	10
10	18
2	1
18	11
1	4
11	14
18	9
10	8
11	13
11	5
4	16
7	3
2	12
14	15
9	17
10	19
10	6
# tree 597
2	7
7	10
10	18
2	1
18	11
7	8
1	4
11	14
8	9
10	5
2	12
11	13
4	16
14	15
9	17
5	19
12	3
10	6
# tree 598
2	7
7	10
10	18
2	1
18	11
10	8
1	4
11	14
8	9
10	5
2	12
11	13
4	16
14	15
9	17
5	19
12	3
10	6
# tree 599
2	7
7	10
10	18
2	1
18	11
1	4
11	14
2	9
10	5
2	12
18	8
11	13
4	16
14	15
9	17
5	19
12	3
10	6
# tree 600
2	7
7	10
10	18
2	1
18	11
1	4
11	14
18	9
10	5
2	12
18	8
11	13
4	16
14	15
9	17
5	19
12	3
10	6
# tree 601
2	7
7	10
10	18
2	1
18	11
1	4
11	14
7	9
10	5
2	12
18	8
11	13
4	16
14	15
9	17
5	19
12	3
10	6
# tree 602
2	7
7	10
10	18
2	1
18	11
1	4
11	14
10	9
10	5
2	12
18	8
11	13
4	16
14	15
9	17
5	19
12	3
10	6
# tree 603
2	7
7	10
10	18
2	1
18	11
1	4
11	13
11	14
2	9
10	5
2	12
10	8
4	16
13	6
14	15
9	17
5	19
12	3
# tree 604
2	7
7	10
10	18
2	1
18	11
1	4
11	13
11	14
18	9
10	5
2	12
10	8
4	16
13	6
14	15
9	17
5	19
12	3
# tree 605
2	7
7	10
10	18
2	1
18	11
1	4
11	14
2	9
11	5
2	12
10	8
11	13
4	16
14	15
9	17
5	19
12	3
10	6
# tree 606
2	7
7	10
10	18
2	1
18	11
1	4
11	14
18	9
11	5
2	12
10	8
11	13
4	16
14	15
9	17
5	19
12	3
10	6
# tree 607
2	7
7	10
10	18
2	1
18	11
1	4
11	14
2	9
10	5
10	8
11	13
4	16
7	3
2	12
14	15
9	17
5	19
10	6
# tree 608
2	7
7	10
10	18
2	1
18	11
1	4
11	14
18	9
10	5
10	8
11	13
4	16
7	3
2	12
14	15
9	17
5	19
10	6
# tree 609
2	7
7	10
10	18
18	11
18	8
2	1
10	13
18	14
11	5
8	9
1	4
7	3
13	6
2	12
14	15
1	16
10	17
11	19
# tree 610
2	7
7	10
10	18
18	11
18	8
2	1
10	13
18	14
11	5
8	9
1	4
7	3
13	6
2	12
14	15
1	16
10	17
18	19
# tree 611
2	7
7	10
10	18
18	11
18	8
2	1
10	13
18	14
11	5
8	9
1	4
7	3
13	6
2	12
14	15
1	16
10	17
10	19
# tree 612
2	7
7	10
10	18
18	8
2	1
10	13
18	14
18	5
18	11
8	9
1	4
7	3
13	6
2	12
14	15
5	19
1	16
10	17
# tree 613
2	7
7	10
10	18
18	8
2	1
10	13
18	14
10	5
18	11
8	9
1	4
7	3
13	6
2	12
14	15
5	19
1	16
10	17
# tree 614
2	7
7	10
10	18
18	11
18	8
2	1
18	14
11	5
10	13
8	9
1	4
7	3
2	12
14	15
5	19
1	16
10	17
18	6
# tree 615
2	7
7	10
10	18
18	11
18	8
2	1
18	14
11	5
10	13
8	9
1	4
7	3
2	12
14	15
5	19
1	16
10	17
11	6
# tree 616
2	7
7	10
10	18
18	11
7	8
2	1
10	13
18	14
11	5
8	9
1	4
7	3
13	6
2	12
14	15
5	19
1	16
10	17
# tree 617
2	7
7	10
10	18
18	11
2	1
10	13
18	14
11	5
18	8
1	4
7	3
13	6
2	12
14	15
5	19
1	16
10	17
2	9
# tree 618
2	7
7	10
10	18
18	11
2	1
10	13
18	14
11	5
18	8
1	4
7	3
13	6
2	12
14	15
5	19
1	16
10	17
18	9
# tree 619
2	7
7	10
10	18
18	11
2	1
10	13
18	14
11	5
18	8
1	4
7	3
13	6
2	12
14	15
5	19
1	16
10	17
7	9
# tree 620
2	7
7	10
10	18
18	11
2	1
10	13
18	14
11	5
18	8
1	4
7	3
13	6
2	12
14	15
5	19
1	16
10	17
10	9
# tree 621
2	7
7	10
10	18
18	8
2	1
10	13
18	14
8	9
18	11
1	4
7	3
13	6
2	12
14	15
9	17
1	16
10	19
18	5
# tree 622
2	7
7	10
10	18
18	8
18	11
2	1
18	14
8	9
10	13
11	5
1	4
7	3
2	12
14	15
9	17
1	16
10	19
18	6
# tree 623
2	7
7	10
10	18
18	8
18	11
2	1
18	14
8	9
10	13
11	5
1	4
7	3
2	12
14	15
9	17
1	16
10	19
11	6
# tree 624
2	7
7	10
10	18
7	8
18	11
2	1
10	13
18	14
8	9
11	5
1	4
7	3
13	6
2	12
14	15
9	17
1	16
10	19
# tree 625
2	7
7	10
10	18
10	8
18	11
2	1
10	13
18	14
8	9
11	5
1	4
7	3
13	6
2	12
14	15
9	17
1	16
10	19
# tree 626
2	7
7	10
10	18
18	11
2	1
10	13
18	14
2	9
18	8
11	5
1	4
7	3
13	6
2	12
14	15
9	17
1	16
10	19
# tree 627
2	7
7	10
10	18
18	11
2	1
10	13
18	14
18	9
18	8
11	5
1	4
7	3
13	6
2	12
14	15
9	17
1	16
10	19
# tree 628
2	7
7	10
10	18
18	11
2	1
10	13
18	14
7	9
18	8
11	5
1	4
7	3
13	6
2	12
14	15
9	17
1	16
10	19
# tree 629
2	7
7	10
10	18
18	11
2	1
10	13
18	14
10	9
18	8
11	5
1	4
7	3
13	6
2	12
14	15
9	17
1	16
10	19
# tree 630
2	7
7	10
10	18
18	8
2	1
18	14
8	9
10	5
10	13
18	11
1	4
7	3
2	12
14	15
9	17
5	19
1	16
18	6
# tree 631
2	7
7	10
10	18
18	8
2	1
18	14
8	9
10	5
18	11
10	13
1	4
7	3
2	12
14	15
9	17
5	19
1	16
11	6
# tree 632
2	7
7	10
10	18
7	8
2	1
10	13
18	14
8	9
10	5
18	11
1	4
7	3
13	6
2	12
14	15
9	17
5	19
1	16
# tree 633
2	7
7	10
10	18
10	8
2	1
10	13
18	14
8	9
10	5
18	11
1	4
7	3
13	6
2	12
14	15
9	17
5	19
1	16
# tree 634
2	7
7	10
10	18
2	1
10	13
18	14
2	9
10	5
18	8
18	11
1	4
7	3
13	6
2	12
14	15
9	17
5	19
1	16
# tree 635
2	7
7	10
10	18
2	1
10	13
18	14
18	9
10	5
18	8
18	11
1	4
7	3
13	6
2	12
14	15
9	17
5	19
1	16
# tree 636
2	7
7	10
10	18
2	1
10	13
18	14
7	9
10	5
18	8
18	11
1	4
7	3
13	6
2	12
14	15
9	17
5	19
1	16
# tree 637
2	7
7	10
10	18
2	1
10	13
18	14
10	9
10	5
18	8
18	11
1	4
7	3
13	6
2	12
14	15
9	17
5	19
1	16
# tree 638
2	7
7	10
10	18
18	11
2	1
10	13
18	14
2	9
11	5
10	8
1	4
7	3
13	6
2	12
14	15
9	17
5	19
1	16
# tree 639
2	7
7	10
10	18
18	11
2	1
10	13
18	14
18	9
11	5
10	8
1	4
7	3
13	6
2	12
14	15
9	17
5	19
1	16
# tree 640
2	7
7	10
10	18
2	1
18	8
1	4
10	13
18	14
18	11
8	9
4	16
7	3
13	6
2	12
14	15
10	17
10	19
18	5
# tree 641
2	7
7	10
10	18
2	1
18	11
18	8
1	4
18	14
10	13
11	5
8	9
4	16
7	3
2	12
14	15
10	17
10	19
18	6
# tree 642
2	7
7	10
10	18
2	1
18	11
18	8
1	4
18	14
10	13
11	5
8	9
4	16
7	3
2	12
14	15
10	17
10	19
11	6
# tree 643
2	7
7	10
10	18
2	1
18	11
7	8
1	4
10	13
18	14
11	5
8	9
4	16
7	3
13	6
2	12
14	15
10	17
10	19
# tree 644
2	7
7	10
10	18
2	1
18	11
1	4
10	13
18	14
18	8
11	5
4	16
7	3
13	6
2	12
14	15
10	17
10	19
2	9
# tree 645
2	7
7	10
10	18
2	1
18	11
1	4
10	13
18	14
18	8
11	5
4	16
7	3
13	6
2	12
14	15
10	17
10	19
18	9
# tree 646
2	7
7	10
10	18
2	1
18	11
1	4
10	13
18	14
18	8
11	5
4	16
7	3
13	6
2	12
14	15
10	17
10	19
7	9
# tree 647
2	7
7	10
10	18
2	1
18	11
1	4
10	13
18	14
18	8
11	5
4	16
7	3
13	6
2	12
14	15
10	17
10	19
10	9
# tree 648
2	7
7	10
10	18
2	1
18	8
1	4
18	14
10	5
10	13
18	11
8	9
4	16
7	3
2	12
14	15
5	19
10	17
18	6
# tree 649
2	7
7	10
10	18
2	1
18	8
1	4
18	14
10	5
18	11
10	13
8	9
4	16
7	3
2	12
14	15
5	19
10	17
11	6
# tree 650
2	7
7	10
2	1
10	18
7	8
1	4
10	13
18	14
10	5
18	11
8	9
4	16
7	3
13	6
2	12
14	15
5	19
10	17
# tree 651
2	7
7	10
10	18
2	1
1	4
10	13
18	14
10	5
18	8
18	11
4	16
7	3
13	6
2	12
14	15
5	19
10	17
2	9
# tree 652
2	7
7	10
10	18
2	1
1	4
10	13
18	14
10	5
18	8
18	11
4	16
7	3
13	6
2	12
14	15
5	19
10	17
18	9
# tree 653
2	7
7	10
10	18
2	1
1	4
10	13
18	14
10	5
18	8
18	11
4	16
7	3
13	6
2	12
14	15
5	19
10	17
7	9
# tree 654
2	7
7	10
10	18
2	1
1	4
10	13
18	14
10	5
18	8
18	11
4	16
7	3
13	6
2	12
14	15
5	19
10	17
10	9
# tree 655
2	7
7	10
10	18
2	1
18	11
1	4
10	13
18	14
2	9
10	8
11	5
4	16
7	3
13	6
2	12
14	15
9	17
10	19
# tree 656
2	7
7	10
10	18
2	1
18	11
1	4
10	13
18	14
18	9
10	8
11	5
4	16
7	3
13	6
2	12
14	15
9	17
10	19
# tree 657
2	7
7	10
2	1
10	18
1	4
10	13
18	14
2	9
10	5
10	8
18	11
4	16
7	3
13	6
2	12
14	15
9	17
5	19
# tree 658
2	7
7	10
2	1
10	18
1	4
10	13
18	14
18	9
10	5
10	8
18	11
4	16
7	3
13	6
2	12
14	15
9	17
5	19
# tree 659
2	7
7	10
10	18
18	11
18	8
2	1
10	13
11	14
8	9
1	4
7	3
13	6
2	12
14	15
1	16
10	17
10	19
18	5
# tree 660
2	7
7	10
10	18
18	11
18	8
2	1
11	14
10	13
11	5
8	9
1	4
7	3
2	12
14	15
1	16
10	17
10	19
18	6
# tree 661
2	7
7	10
10	18
18	11
18	8
2	1
11	14
10	13
11	5
8	9
1	4
7	3
2	12
14	15
1	16
10	17
10	19
11	6
# tree 662
2	7
7	10
10	18
18	11
7	8
2	1
10	13
11	14
11	5
8	9
1	4
7	3
13	6
2	12
14	15
1	16
10	17
10	19
# tree 663
2	7
7	10
10	18
18	11
2	1
10	13
11	14
18	8
11	5
1	4
7	3
13	6
2	12
14	15
1	16
10	17
10	19
2	9
# tree 664
2	7
7	10
10	18
18	11
2	1
10	13
11	14
18	8
11	5
1	4
7	3
13	6
2	12
14	15
1	16
10	17
10	19
18	9
# tree 665
2	7
7	10
10	18
18	11
2	1
10	13
11	14
18	8
11	5
1	4
7	3
13	6
2	12
14	15
1	16
10	17
10	19
7	9
# tree 666
2	7
7	10
10	18
18	11
2	1
10	13
11	14
18	8
11	5
1	4
7	3
13	6
2	12
14	15
1	16
10	17
10	19
10	9
# tree 667
2	7
7	10
10	18
18	11
18	8
2	1
11	14
10	5
10	13
8	9
1	4
7	3
2	12
14	15
5	19
1	16
10	17
18	6
# tree 668
2	7
7	10
10	18
18	11
18	8
2	1
11	14
10	5
10	13
8	9
1	4
7	3
2	12
14	15
5	19
1	16
10	17
11	6
# tree 669
2	7
7	10
10	18
18	11
7	8
2	1
10	13
11	14
10	5
8	9
1	4
7	3
13	6
2	12
14	15
5	19
1	16
10	17
# tree 670
2	7
7	10
10	18
18	11
2	1
10	13
11	14
10	5
18	8
1	4
7	3
13	6
2	12
14	15
5	19
1	16
10	17
2	9
# tree 671
2	7
7	10
10	18
18	11
2	1
10	13
11	14
10	5
18	8
1	4
7	3
13	6
2	12
14	15
5	19
1	16
10	17
18	9
# tree 672
2	7
7	10
10	18
18	11
2	1
10	13
11	14
10	5
18	8
1	4
7	3
13	6
2	12
14	15
5	19
1	16
10	17
7	9
# tree 673
2	7
7	10
10	18
18	11
2	1
10	13
11	14
10	5
18	8
1	4
7	3
13	6
2	12
14	15
5	19
1	16
10	17
10	9
# tree 674
2	7
7	10
10	18
18	11
2	1
10	13
11	14
2	9
10	8
11	5
1	4
7	3
13	6
2	12
14	15
9	17
1	16
10	19
# tree 675
2	7
7	10
10	18
18	11
2	1
10	13
11	14
18	9
10	8
11	5
1	4
7	3
13	6
2	12
14	15
9	17
1	16
10	19
# tree 676
2	7
7	10
10	18
18	11
2	1
10	13
11	14
2	9
10	5
10	8
1	4
7	3
13	6
2	12
14	15
9	17
5	19
1	16
# tree 677
2	7
7	10
10	18
18	11
2	1
10	13
11	14
18	9
10	5
10	8
1	4
7	3
13	6
2	12
14	15
9	17
5	19
1	16
# tree 678
2	7
7	10
10	18
18	11
18	8
2	1
11	13
18	14
8	9
1	4
7	3
13	6
2	12
14	15
1	16
10	17
10	19
18	5
# tree 679
2	7
7	10
10	18
18	11
18	8
2	1
18	14
11	13
11	5
8	9
1	4
7	3
2	12
14	15
1	16
10	17
10	19
18	6
# tree 680
2	7
7	10
10	18
18	11
18	8
2	1
18	14
11	13
11	5
8	9
1	4
7	3
2	12
14	15
1	16
10	17
10	19
11	6
# tree 681
2	7
7	10
10	18
18	11
18	8
2	1
18	14
11	13
11	5
8	9
1	4
7	3
2	12
14	15
1	16
10	17
10	19
10	6
# tree 682
2	7
7	10
10	18
18	11
7	8
2	1
11	13
18	14
11	5
8	9
1	4
7	3
13	6
2	12
14	15
1	16
10	17
10	19
# tree 683
2	7
7	10
10	18
18	11
2	1
11	13
18	14
18	8
11	5
1	4
7	3
13	6
2	12
14	15
1	16
10	17
10	19
2	9
# tree 684
2	7
7	10
10	18
18	11
2	1
11	13
18	14
18	8
11	5
1	4
7	3
13	6
2	12
14	15
1	16
10	17
10	19
18	9
# tree 685
2	7
7	10
10	18
18	11
2	1
11	13
18	14
18	8
11	5
1	4
7	3
13	6
2	12
14	15
1	16
10	17
10	19
7	9
# tree 686
2	7
7	10
10	18
18	11
2	1
11	13
18	14
18	8
11	5
1	4
7	3
13	6
2	12
14	15
1	16
10	17
10	19
10	9
# tree 687
2	7
7	10
10	18
18	11
18	8
2	1
18	14
10	5
11	13
8	9
1	4
7	3
2	12
14	15
5	19
1	16
10	17
18	6
# tree 688
2	7
7	10
10	18
18	11
18	8
2	1
18	14
10	5
11	13
8	9
1	4
7	3
2	12
14	15
5	19
1	16
10	17
11	6
# tree 689
2	7
7	10
10	18
18	11
18	8
2	1
18	14
10	5
11	13
8	9
1	4
7	3
2	12
14	15
5	19
1	16
10	17
10	6
# tree 690
2	7
7	10
10	18
18	11
7	8
2	1
11	13
18	14
10	5
8	9
1	4
7	3
13	6
2	12
14	15
5	19
1	16
10	17
# tree 691
2	7
7	10
10	18
18	11
2	1
11	13
18	14
10	5
18	8
1	4
7	3
13	6
2	12
14	15
5	19
1	16
10	17
2	9
# tree 692
2	7
7	10
10	18
18	11
2	1
11	13
18	14
10	5
18	8
1	4
7	3
13	6
2	12
14	15
5	19
1	16
10	17
18	9
# tree 693
2	7
7	10
10	18
18	11
2	1
11	13
18	14
10	5
18	8
1	4
7	3
13	6
2	12
14	15
5	19
1	16
10	17
7	9
# tree 694
2	7
7	10
10	18
18	11
2	1
11	13
18	14
10	5
18	8
1	4
7	3
13	6
2	12
14	15
5	19
1	16
10	17
10	9
# tree 695
2	7
7	10
10	18
18	11
7	8
2	1
18	14
11	5
11	13
8	9
1	4
7	3
2	12
14	15
5	19
1	16
10	17
10	6
# tree 696
2	7
7	10
10	18
18	11
2	1
18	14
11	5
18	8
11	13
1	4
7	3
2	12
14	15
5	19
1	16
10	17
10	6
2	9
# tree 697
2	7
7	10
10	18
18	11
2	1
18	14
11	5
18	8
11	13
1	4
7	3
2	12
14	15
5	19
1	16
10	17
10	6
18	9
# tree 698
2	7
7	10
10	18
18	11
2	1
18	14
11	5
18	8
11	13
1	4
7	3
2	12
14	15
5	19
1	16
10	17
10	6
7	9
# tree 699
2	7
7	10
10	18
18	11
2	1
18	14
11	5
18	8
11	13
1	4
7	3
2	12
14	15
5	19
1	16
10	17
10	6
10	9
# tree 700
2	7
7	10
10	18
7	8
18	11
2	1
18	14
8	9
11	13
11	5
1	4
7	3
2	12
14	15
9	17
1	16
10	19
10	6
# tree 701
2	7
7	10
10	18
10	8
18	11
2	1
18	14
8	9
11	13
11	5
1	4
7	3
2	12
14	15
9	17
1	16
10	19
10	6
# tree 702
2	7
7	10
10	18
18	11
2	1
18	14
2	9
18	8
11	13
11	5
1	4
7	3
2	12
14	15
9	17
1	16
10	19
10	6
# tree 703
2	7
7	10
10	18
18	11
2	1
18	14
18	9
18	8
11	13
11	5
1	4
7	3
2	12
14	15
9	17
1	16
10	19
10	6
# tree 704
2	7
7	10
10	18
18	11
2	1
18	14
7	9
18	8
11	13
11	5
1	4
7	3
2	12
14	15
9	17
1	16
10	19
10	6
# tree 705
2	7
7	10
10	18
18	11
2	1
18	14
10	9
18	8
11	13
11	5
1	4
7	3
2	12
14	15
9	17
1	16
10	19
10	6
# tree 706
2	7
7	10
10	18
18	11
2	1
11	13
18	14
2	9
10	8
11	5
1	4
7	3
13	6
2	12
14	15
9	17
1	16
10	19
# tree 707
2	7
7	10
10	18
18	11
2	1
11	13
18	14
18	9
10	8
11	5
1	4
7	3
13	6
2	12
14	15
9	17
1	16
10	19
# tree 708
2	7
7	10
10	18
7	8
18	11
2	1
18	14
8	9
10	5
11	13
1	4
7	3
2	12
14	15
9	17
5	19
1	16
10	6
# tree 709
2	7
7	10
10	18
10	8
18	11
2	1
18	14
8	9
10	5
11	13
1	4
7	3
2	12
14	15
9	17
5	19
1	16
10	6
# tree 710
2	7
7	10
10	18
18	11
2	1
18	14
2	9
10	5
18	8
11	13
1	4
7	3
2	12
14	15
9	17
5	19
1	16
10	6
# tree 711
2	7
7	10
10	18
18	11
2	1
18	14
18	9
10	5
18	8
11	13
1	4
7	3
2	12
14	15
9	17
5	19
1	16
10	6
# tree 712
2	7
7	10
10	18
18	11
2	1
18	14
7	9
10	5
18	8
11	13
1	4
7	3
2	12
14	15
9	17
5	19
1	16
10	6
# tree 713
2	7
7	10
10	18
18	11
2	1
18	14
10	9
10	5
18	8
11	13
1	4
7	3
2	12
14	15
9	17
5	19
1	16
10	6
# tree 714
2	7
7	10
10	18
18	11
2	1
11	13
18	14
2	9
10	5
10	8
1	4
7	3
13	6
2	12
14	15
9	17
5	19
1	16
# tree 715
2	7
7	10
10	18
18	11
2	1
11	13
18	14
18	9
10	5
10	8
1	4
7	3
13	6
2	12
14	15
9	17
5	19
1	16
# tree 716
2	7
7	10
10	18
18	11
2	1
18	14
2	9
11	5
10	8
11	13
1	4
7	3
2	12
14	15
9	17
5	19
1	16
10	6
# tree 717
2	7
7	10
10	18
18	11
2	1
18	14
18	9
11	5
10	8
11	13
1	4
7	3
2	12
14	15
9	17
5	19
1	16
10	6
# tree 718
2	7
7	10
10	18
2	1
18	11
7	8
1	4
18	14
11	13
11	5
8	9
4	16
7	3
2	12
14	15
10	17
10	19
10	6
# tree 719
2	7
7	10
10	18
2	1
18	11
1	4
18	14
18	8
11	13
11	5
4	16
7	3
2	12
14	15
10	17
10	19
10	6
2	9
# tree 720
2	7
7	10
10	18
2	1
18	11
1	4
18	14
18	8
11	13
11	5
4	16
7	3
2	12
14	15
10	17
10	19
10	6
18	9
# tree 721
2	7
7	10
10	18
2	1
18	11
1	4
18	14
18	8
11	13
11	5
4	16
7	3
2	12
14	15
10	17
10	19
10	6
7	9
# tree 722
2	7
7	10
10	18
2	1
18	11
1	4
18	14
18	8
11	13
11	5
4	16
7	3
2	12
14	15
10	17
10	19
10	6
10	9
# tree 723
2	7
7	10
10	18
2	1
18	11
7	8
1	4
18	14
10	5
11	13
8	9
4	16
7	3
2	12
14	15
5	19
10	17
10	6
# tree 724
2	7
7	10
10	18
2	1
18	11
1	4
18	14
10	5
18	8
11	13
4	16
7	3
2	12
14	15
5	19
10	17
10	6
2	9
# tree 725
2	7
7	10
10	18
2	1
18	11
1	4
18	14
10	5
18	8
11	13
4	16
7	3
2	12
14	15
5	19
10	17
10	6
18	9
# tree 726
2	7
7	10
10	18
2	1
18	11
1	4
18	14
10	5
18	8
11	13
4	16
7	3
2	12
14	15
5	19
10	17
10	6
7	9
# tree 727
2	7
7	10
10	18
2	1
18	11
1	4
18	14
10	5
18	8
11	13
4	16
7	3
2	12
14	15
5	19
10	17
10	6
10	9
# tree 728
2	7
7	10
10	18
2	1
18	11
1	4
18	14
2	9
10	8
11	13
11	5
4	16
7	3
2	12
14	15
9	17
10	19
10	6
# tree 729
2	7
7	10
10	18
2	1
18	11
1	4
18	14
18	9
10	8
11	13
11	5
4	16
7	3
2	12
14	15
9	17
10	19
10	6
# tree 730
2	7
7	10
10	18
2	1
18	11
1	4
18	14
2	9
10	5
10	8
11	13
4	16
7	3
2	12
14	15
9	17
5	19
10	6
# tree 731
2	7
7	10
10	18
2	1
18	11
1	4
18	14
18	9
10	5
10	8
11	13
4	16
7	3
2	12
14	15
9	17
5	19
10	6
# tree 732
2	7
7	10
10	18
18	11
7	8
2	1
11	14
11	13
11	5
8	9
1	4
7	3
2	12
14	15
1	16
10	17
10	19
10	6
# tree 733
2	7
7	10
10	18
18	11
2	1
11	14
18	8
11	13
11	5
1	4
7	3
2	12
14	15
1	16
10	17
10	19
10	6
2	9
# tree 734
2	7
7	10
10	18
18	11
2	1
11	14
18	8
11	13
11	5
1	4
7	3
2	12
14	15
1	16
10	17
10	19
10	6
18	9
# tree 735
2	7
7	10
10	18
18	11
2	1
11	14
18	8
11	13
11	5
1	4
7	3
2	12
14	15
1	16
10	17
10	19
10	6
7	9
# tree 736
2	7
7	10
10	18
18	11
2	1
11	14
18	8
11	13
11	5
1	4
7	3
2	12
14	15
1	16
10	17
10	19
10	6
10	9
# tree 737
2	7
7	10
10	18
18	11
7	8
2	1
11	14
10	5
11	13
8	9
1	4
7	3
2	12
14	15
5	19
1	16
10	17
10	6
# tree 738
2	7
7	10
10	18
18	11
2	1
11	14
10	5
18	8
11	13
1	4
7	3
2	12
14	15
5	19
1	16
10	17
10	6
2	9
# tree 739
2	7
7	10
10	18
18	11
2	1
11	14
10	5
18	8
11	13
1	4
7	3
2	12
14	15
5	19
1	16
10	17
10	6
18	9
# tree 740
2	7
7	10
10	18
18	11
2	1
11	14
10	5
18	8
11	13
1	4
7	3
2	12
14	15
5	19
1	16
10	17
10	6
7	9
# tree 741
2	7
7	10
10	18
18	11
2	1
11	14
10	5
18	8
11	13
1	4
7	3
2	12
14	15
5	19
1	16
10	17
10	6
10	9
# tree 742
2	7
7	10
10	18
18	11
2	1
11	14
2	9
10	8
11	13
11	5
1	4
7	3
2	12
14	15
9	17
1	16
10	19
10	6
# tree 743
2	7
7	10
10	18
18	11
2	1
11	14
18	9
10	8
11	13
11	5
1	4
7	3
2	12
14	15
9	17
1	16
10	19
10	6
# tree 744
2	7
7	10
10	18
18	11
2	1
11	14
2	9
10	5
10	8
11	13
1	4
7	3
2	12
14	15
9	17
5	19
1	16
10	6
# tree 745
2	7
7	10
10	18
18	11
2	1
11	14
18	9
10	5
10	8
11	13
1	4
7	3
2	12
14	15
9	17
5	19
1	16
10	6
# tree 746
2	7
7	10
10	18
2	1
18	11
1	4
11	14
2	9
10	5
2	12
10	8
11	13
4	16
14	15
9	17
5	19
12	3
10	6
# tree 747
2	7
7	10
10	18
2	1
18	11
1	4
11	14
18	9
10	5
2	12
10	8
11	13
4	16
14	15
9	17
5	19
12	3
10	6
