### 472 trees
# tree 1
1	2
20	3
2	5
2	7
3	8
15	9
35	10
3	15
5	16
16	17
2	19
1	20
31	22
37	23
2	31
7	35
8	37
23	39
17	11
9	12
8	13
19	18
8	21
8	25
22	27
8	28
10	34
37	38
39	40
# tree 2
1	20
1	2
20	3
3	15
2	5
5	16
2	31
8	37
2	7
3	8
37	23
16	17
15	9
2	19
31	22
2	10
23	39
7	35
17	11
9	12
8	13
19	18
8	21
8	25
22	27
8	28
10	34
37	38
39	40
# tree 3
1	20
1	2
20	3
3	15
2	5
5	16
2	31
8	37
2	7
3	8
37	23
16	17
15	9
2	19
31	22
7	10
23	39
7	35
17	11
9	12
8	13
19	18
8	21
8	25
22	27
8	28
10	34
37	38
39	40
# tree 4
1	20
1	2
20	3
3	15
7	35
2	5
5	16
2	31
8	37
2	7
3	8
37	23
15	9
2	19
31	22
35	10
23	39
16	17
9	12
8	13
19	18
8	21
8	25
22	27
8	28
10	34
37	38
39	40
5	11
# tree 5
1	20
1	2
20	3
3	15
7	35
2	5
5	16
2	31
8	37
2	7
3	8
37	23
15	9
2	19
31	22
35	10
23	39
16	17
9	12
8	13
19	18
8	21
8	25
22	27
8	28
10	34
37	38
39	40
16	11
# tree 6
1	20
1	2
20	3
3	15
7	35
2	5
5	16
2	31
8	37
2	7
3	8
37	23
16	17
15	9
2	19
31	22
35	10
23	39
8	21
37	38
17	11
9	12
19	18
8	25
22	27
8	28
10	34
39	40
21	13
# tree 7
1	20
1	2
20	3
3	15
7	35
2	5
5	16
8	37
2	7
3	8
37	23
16	17
15	9
2	19
2	22
35	10
23	39
2	31
17	11
9	12
8	13
19	18
8	21
8	25
22	27
8	28
10	34
37	38
39	40
# tree 8
1	20
1	2
20	3
3	15
7	35
2	5
5	16
2	31
8	37
2	7
3	8
37	23
16	17
15	9
2	19
31	22
35	10
23	39
17	11
9	12
8	13
19	18
8	21
22	27
8	28
10	34
37	38
39	40
3	25
# tree 9
1	20
1	2
20	3
3	15
7	35
2	5
5	16
2	31
8	37
2	7
3	8
37	23
16	17
15	9
2	19
31	22
23	39
35	10
17	11
9	12
8	13
19	18
8	21
8	25
22	27
8	28
37	38
39	40
31	34
# tree 10
1	20
1	2
20	3
3	15
7	35
2	5
5	16
2	31
8	37
2	7
3	8
37	23
16	17
15	9
2	19
31	22
23	39
35	10
17	11
9	12
8	13
19	18
8	21
8	25
22	27
8	28
37	38
39	40
35	34
# tree 11
1	20
1	2
20	3
3	15
31	35
2	5
5	16
2	31
8	37
3	8
37	23
16	17
15	9
2	19
31	22
35	10
23	39
2	7
17	11
9	12
8	13
19	18
8	21
8	25
22	27
8	28
10	34
37	38
39	40
# tree 12
1	20
1	2
20	3
3	15
7	35
2	5
5	16
2	31
8	37
2	7
3	8
16	17
15	9
2	19
31	22
35	10
37	39
37	23
17	11
9	12
8	13
19	18
8	21
8	25
22	27
8	28
10	34
37	38
39	40
# tree 13
1	20
1	2
20	3
3	15
7	35
2	5
5	16
2	31
8	37
2	7
3	8
37	23
16	17
15	9
2	19
31	22
35	10
23	39
17	11
9	12
8	13
19	18
8	21
8	25
22	27
8	28
10	34
37	38
23	40
# tree 14
1	20
20	3
1	2
2	5
3	8
8	37
5	16
3	15
2	31
2	7
37	23
15	9
2	19
31	22
7	10
23	39
16	17
7	35
9	12
8	13
19	18
8	21
8	25
22	27
8	28
10	34
37	38
39	40
5	11
# tree 15
1	20
20	3
1	2
2	5
3	8
8	37
5	16
3	15
2	31
2	7
37	23
15	9
2	19
31	22
7	10
23	39
16	17
7	35
9	12
8	13
19	18
8	21
8	25
22	27
8	28
10	34
37	38
39	40
16	11
# tree 16
1	20
20	3
1	2
2	5
3	8
8	37
5	16
3	15
2	31
2	7
37	23
16	17
15	9
2	19
31	22
7	10
23	39
7	35
17	11
9	12
37	13
19	18
8	21
8	25
22	27
8	28
10	34
37	38
39	40
# tree 17
1	20
20	3
1	2
2	5
3	8
8	37
5	16
3	15
2	31
2	7
37	23
16	17
15	9
2	19
31	22
7	10
23	39
7	35
17	11
9	12
8	13
19	18
37	21
8	25
22	27
8	28
10	34
37	38
39	40
# tree 18
1	20
20	3
1	2
2	5
3	8
8	37
5	16
3	15
2	7
37	23
16	17
15	9
2	19
2	22
7	10
23	39
2	31
7	35
17	11
9	12
8	13
19	18
8	21
8	25
22	27
8	28
10	34
37	38
39	40
# tree 19
1	20
20	3
1	2
2	5
3	8
8	37
5	16
3	15
2	31
2	7
37	23
16	17
15	9
2	19
31	22
7	10
23	39
7	35
17	11
9	12
8	13
19	18
8	21
22	27
8	28
10	34
37	38
39	40
3	25
# tree 20
1	20
20	3
1	2
2	5
3	8
8	37
5	16
3	15
2	31
2	7
37	23
16	17
15	9
2	19
31	22
7	10
23	39
7	35
17	11
9	12
8	13
19	18
8	21
22	27
8	28
10	34
37	38
39	40
15	25
# tree 21
1	20
20	3
1	2
2	5
3	8
8	37
5	16
3	15
2	31
2	7
37	23
16	17
15	9
2	19
31	22
7	10
23	39
7	35
17	11
9	12
8	13
19	18
8	21
22	27
8	28
10	34
37	38
39	40
9	25
# tree 22
1	20
20	3
1	2
2	5
3	8
8	37
5	16
3	15
2	31
2	7
37	23
16	17
15	9
2	19
31	22
23	39
7	10
7	35
17	11
9	12
8	13
19	18
8	21
8	25
22	27
8	28
37	38
39	40
1	34
# tree 23
1	20
20	3
1	2
2	5
3	8
8	37
5	16
3	15
2	31
2	7
37	23
16	17
15	9
2	19
31	22
23	39
7	10
7	35
17	11
9	12
8	13
19	18
8	21
8	25
22	27
8	28
37	38
39	40
2	34
# tree 24
1	20
20	3
1	2
2	5
3	8
8	37
5	16
3	15
2	31
2	7
37	23
16	17
15	9
2	19
31	22
23	39
7	35
7	10
17	11
9	12
8	13
19	18
8	21
8	25
22	27
8	28
37	38
39	40
35	34
# tree 25
1	20
20	3
1	2
2	5
3	8
8	37
5	16
3	15
2	31
2	7
37	23
16	17
15	9
2	19
31	22
23	39
7	10
7	35
17	11
9	12
8	13
19	18
8	21
8	25
22	27
8	28
37	38
39	40
7	34
# tree 26
1	20
20	3
1	2
2	5
3	8
8	37
5	16
3	15
2	31
2	7
16	17
15	9
2	19
31	22
7	10
37	39
37	23
7	35
17	11
9	12
8	13
19	18
8	21
8	25
22	27
8	28
10	34
37	38
39	40
# tree 27
1	20
20	3
1	2
2	5
3	8
8	37
5	16
3	15
2	31
2	7
37	23
16	17
15	9
2	19
31	22
7	10
23	39
7	35
17	11
9	12
8	13
19	18
8	21
8	25
22	27
8	28
10	34
37	38
23	40
# tree 28
1	20
20	3
2	7
1	2
2	5
3	8
8	37
3	15
2	31
7	35
37	23
5	16
15	9
2	19
31	22
35	10
23	39
16	17
9	12
37	13
19	18
8	21
8	25
22	27
8	28
10	34
37	38
39	40
16	11
# tree 29
1	20
20	3
2	7
1	2
2	5
3	8
8	37
3	15
2	31
7	35
37	23
5	16
15	9
2	19
31	22
35	10
23	39
16	17
9	12
8	13
19	18
37	21
8	25
22	27
8	28
10	34
37	38
39	40
16	11
# tree 30
1	20
20	3
2	7
1	2
2	5
3	8
8	37
3	15
7	35
37	23
5	16
15	9
2	19
2	22
35	10
23	39
2	31
16	17
9	12
8	13
19	18
8	21
8	25
22	27
8	28
10	34
37	38
39	40
16	11
# tree 31
1	20
20	3
2	7
1	2
2	5
3	8
8	37
3	15
2	31
7	35
37	23
5	16
15	9
2	19
31	22
35	10
23	39
16	17
9	12
8	13
19	18
8	21
22	27
8	28
10	34
37	38
39	40
16	11
3	25
# tree 32
1	20
20	3
2	7
1	2
2	5
3	8
8	37
3	15
2	31
7	35
37	23
5	16
15	9
2	19
31	22
35	10
23	39
16	17
9	12
8	13
19	18
8	21
22	27
8	28
10	34
37	38
39	40
16	11
15	25
# tree 33
1	20
20	3
2	7
1	2
2	5
3	8
8	37
3	15
2	31
7	35
37	23
5	16
15	9
2	19
31	22
35	10
23	39
16	17
9	12
8	13
19	18
8	21
22	27
8	28
10	34
37	38
39	40
16	11
9	25
# tree 34
1	20
20	3
2	7
1	2
2	5
3	8
8	37
3	15
2	31
7	35
37	23
5	16
15	9
2	19
31	22
23	39
35	10
16	17
9	12
8	13
19	18
8	21
8	25
22	27
8	28
37	38
39	40
16	11
1	34
# tree 35
1	20
20	3
2	7
1	2
2	5
3	8
8	37
3	15
2	31
7	35
37	23
5	16
15	9
2	19
31	22
23	39
35	10
16	17
9	12
8	13
19	18
8	21
8	25
22	27
8	28
37	38
39	40
16	11
2	34
# tree 36
1	20
20	3
2	7
1	2
2	5
3	8
8	37
3	15
2	31
7	35
37	23
5	16
15	9
2	19
31	22
23	39
35	10
16	17
9	12
8	13
19	18
8	21
8	25
22	27
8	28
37	38
39	40
16	11
35	34
# tree 37
1	20
20	3
2	7
1	2
2	5
3	8
8	37
3	15
2	31
7	35
37	23
5	16
15	9
2	19
31	22
23	39
35	10
16	17
9	12
8	13
19	18
8	21
8	25
22	27
8	28
37	38
39	40
16	11
7	34
# tree 38
1	20
20	3
2	7
1	2
2	5
3	8
8	37
3	15
2	31
7	35
5	16
15	9
2	19
31	22
35	10
37	39
37	23
16	17
9	12
8	13
19	18
8	21
8	25
22	27
8	28
10	34
37	38
39	40
16	11
# tree 39
1	20
20	3
2	7
1	2
2	5
3	8
8	37
3	15
2	31
7	35
37	23
5	16
15	9
2	19
31	22
35	10
23	39
16	17
9	12
8	13
19	18
8	21
8	25
22	27
8	28
10	34
37	38
16	11
23	40
# tree 40
1	20
20	3
2	7
1	2
2	5
3	8
8	37
5	16
3	15
2	31
7	35
37	23
16	17
15	9
2	19
31	22
35	10
23	39
17	11
9	12
37	13
19	18
8	21
8	25
22	27
8	28
10	34
37	38
39	40
# tree 41
1	20
20	3
2	7
1	2
2	5
3	8
8	37
5	16
3	15
2	31
7	35
37	23
16	17
15	9
2	19
31	22
35	10
23	39
17	11
9	12
8	13
19	18
37	21
8	25
22	27
8	28
10	34
37	38
39	40
# tree 42
1	20
20	3
2	7
1	2
2	5
3	8
8	37
5	16
3	15
2	31
7	35
37	23
16	17
15	9
2	19
31	22
35	10
23	39
17	11
9	12
8	13
19	18
8	21
22	27
8	28
10	34
37	38
39	40
15	25
# tree 43
1	20
20	3
2	7
1	2
2	5
3	8
8	37
5	16
3	15
2	31
7	35
37	23
16	17
15	9
2	19
31	22
35	10
23	39
17	11
9	12
8	13
19	18
8	21
22	27
8	28
10	34
37	38
39	40
9	25
# tree 44
1	20
20	3
2	7
1	2
2	5
3	8
8	37
5	16
3	15
2	31
7	35
37	23
16	17
15	9
2	19
31	22
23	39
35	10
17	11
9	12
8	13
19	18
8	21
8	25
22	27
8	28
37	38
39	40
1	34
# tree 45
1	20
20	3
2	7
1	2
2	5
3	8
8	37
5	16
3	15
2	31
7	35
37	23
16	17
15	9
2	19
31	22
23	39
35	10
17	11
9	12
8	13
19	18
8	21
8	25
22	27
8	28
37	38
39	40
2	34
# tree 46
1	20
20	3
2	7
1	2
2	5
3	8
8	37
5	16
3	15
2	31
7	35
37	23
16	17
15	9
2	19
31	22
23	39
35	10
17	11
9	12
8	13
19	18
8	21
8	25
22	27
8	28
37	38
39	40
7	34
# tree 47
1	20
20	3
2	7
1	2
2	5
3	8
8	37
5	16
3	15
2	31
7	35
37	23
16	17
15	9
2	19
31	22
35	10
23	39
37	21
37	38
17	11
9	12
19	18
8	25
22	27
8	28
10	34
39	40
21	13
# tree 48
1	20
20	3
2	7
1	2
2	5
3	8
8	37
5	16
3	15
7	35
37	23
16	17
15	9
2	19
2	22
35	10
23	39
8	21
2	31
37	38
17	11
9	12
19	18
8	25
22	27
8	28
10	34
39	40
21	13
# tree 49
1	20
20	3
2	7
1	2
2	5
3	8
8	37
5	16
3	15
2	31
7	35
37	23
16	17
15	9
2	19
31	22
35	10
23	39
8	21
37	38
17	11
9	12
19	18
22	27
8	28
10	34
39	40
21	13
3	25
# tree 50
1	20
20	3
2	7
1	2
2	5
3	8
8	37
5	16
3	15
2	31
7	35
37	23
16	17
15	9
2	19
31	22
35	10
23	39
8	21
37	38
17	11
9	12
19	18
22	27
8	28
10	34
39	40
21	13
15	25
# tree 51
1	20
20	3
2	7
1	2
2	5
3	8
8	37
5	16
3	15
2	31
7	35
37	23
16	17
15	9
2	19
31	22
35	10
23	39
8	21
37	38
17	11
9	12
19	18
22	27
8	28
10	34
39	40
21	13
9	25
# tree 52
1	20
20	3
2	7
1	2
2	5
3	8
8	37
5	16
3	15
2	31
7	35
37	23
16	17
15	9
2	19
31	22
23	39
8	21
35	10
37	38
17	11
9	12
19	18
8	25
22	27
8	28
39	40
21	13
1	34
# tree 53
1	20
20	3
2	7
1	2
2	5
3	8
8	37
5	16
3	15
2	31
7	35
37	23
16	17
15	9
2	19
31	22
23	39
8	21
35	10
37	38
17	11
9	12
19	18
8	25
22	27
8	28
39	40
21	13
2	34
# tree 54
1	20
20	3
2	7
1	2
2	5
3	8
8	37
5	16
3	15
2	31
7	35
37	23
16	17
15	9
2	19
31	22
23	39
8	21
35	10
37	38
17	11
9	12
19	18
8	25
22	27
8	28
39	40
21	13
35	34
# tree 55
1	20
20	3
2	7
1	2
2	5
3	8
8	37
5	16
3	15
2	31
7	35
37	23
16	17
15	9
2	19
31	22
23	39
8	21
35	10
37	38
17	11
9	12
19	18
8	25
22	27
8	28
39	40
21	13
7	34
# tree 56
1	20
20	3
2	7
1	2
2	5
3	8
8	37
5	16
3	15
2	31
7	35
16	17
15	9
2	19
31	22
35	10
37	39
8	21
37	23
37	38
17	11
9	12
19	18
8	25
22	27
8	28
10	34
39	40
21	13
# tree 57
1	20
20	3
2	7
1	2
2	5
3	8
8	37
5	16
3	15
2	31
7	35
37	23
16	17
15	9
2	19
31	22
35	10
8	21
23	39
37	38
17	11
9	12
19	18
8	25
22	27
8	28
10	34
21	13
23	40
# tree 58
1	20
20	3
2	7
1	2
2	5
3	8
8	37
5	16
3	15
7	35
37	23
16	17
15	9
2	19
2	22
35	10
23	39
2	31
17	11
9	12
8	13
19	18
8	21
22	27
8	28
10	34
37	38
39	40
3	25
# tree 59
1	20
20	3
2	7
1	2
2	5
3	8
8	37
5	16
3	15
7	35
37	23
16	17
15	9
2	19
2	22
35	10
23	39
2	31
17	11
9	12
8	13
19	18
8	21
22	27
8	28
10	34
37	38
39	40
15	25
# tree 60
1	20
20	3
2	7
1	2
2	5
3	8
8	37
5	16
3	15
7	35
37	23
16	17
15	9
2	19
2	22
35	10
23	39
2	31
17	11
9	12
8	13
19	18
8	21
22	27
8	28
10	34
37	38
39	40
9	25
# tree 61
1	20
20	3
2	7
1	2
2	5
3	8
8	37
5	16
3	15
7	35
37	23
16	17
15	9
2	19
2	22
23	39
35	10
2	31
17	11
9	12
8	13
19	18
8	21
8	25
22	27
8	28
37	38
39	40
1	34
# tree 62
1	20
20	3
2	7
1	2
2	5
3	8
8	37
5	16
3	15
7	35
37	23
16	17
15	9
2	19
2	22
23	39
35	10
2	31
17	11
9	12
8	13
19	18
8	21
8	25
22	27
8	28
37	38
39	40
2	34
# tree 63
1	20
20	3
2	7
1	2
2	5
3	8
8	37
5	16
3	15
7	35
37	23
16	17
15	9
2	19
2	22
23	39
35	10
2	31
17	11
9	12
8	13
19	18
8	21
8	25
22	27
8	28
37	38
39	40
35	34
# tree 64
1	20
20	3
2	7
1	2
2	5
3	8
8	37
5	16
3	15
7	35
37	23
16	17
15	9
2	19
2	22
23	39
35	10
2	31
17	11
9	12
8	13
19	18
8	21
8	25
22	27
8	28
37	38
39	40
7	34
# tree 65
1	20
20	3
2	7
1	2
2	5
3	8
8	37
5	16
3	15
7	35
16	17
15	9
2	19
2	22
35	10
37	39
37	23
2	31
17	11
9	12
8	13
19	18
8	21
8	25
22	27
8	28
10	34
37	38
39	40
# tree 66
1	20
20	3
2	7
1	2
2	5
3	8
8	37
5	16
3	15
7	35
37	23
16	17
15	9
2	19
2	22
35	10
23	39
2	31
17	11
9	12
8	13
19	18
8	21
8	25
22	27
8	28
10	34
37	38
23	40
# tree 67
1	20
20	3
2	7
1	2
2	5
3	8
8	37
5	16
3	15
2	31
7	35
37	23
16	17
15	9
2	19
31	22
23	39
35	10
17	11
9	12
8	13
19	18
8	21
22	27
8	28
37	38
39	40
3	25
1	34
# tree 68
1	20
20	3
2	7
1	2
2	5
3	8
8	37
5	16
3	15
2	31
7	35
37	23
16	17
15	9
2	19
31	22
23	39
35	10
17	11
9	12
8	13
19	18
8	21
22	27
8	28
37	38
39	40
3	25
2	34
# tree 69
1	20
20	3
2	7
1	2
2	5
3	8
8	37
5	16
3	15
2	31
7	35
37	23
16	17
15	9
2	19
31	22
23	39
35	10
17	11
9	12
8	13
19	18
8	21
22	27
8	28
37	38
39	40
3	25
35	34
# tree 70
1	20
20	3
2	7
1	2
2	5
3	8
8	37
5	16
3	15
2	31
7	35
37	23
16	17
15	9
2	19
31	22
23	39
35	10
17	11
9	12
8	13
19	18
8	21
22	27
8	28
37	38
39	40
3	25
7	34
# tree 71
1	20
20	3
2	7
1	2
2	5
3	8
8	37
5	16
3	15
2	31
7	35
16	17
15	9
2	19
31	22
35	10
37	39
37	23
17	11
9	12
8	13
19	18
8	21
22	27
8	28
10	34
37	38
39	40
3	25
# tree 72
1	20
20	3
2	7
1	2
2	5
3	8
8	37
5	16
3	15
2	31
7	35
37	23
16	17
15	9
2	19
31	22
35	10
23	39
17	11
9	12
8	13
19	18
8	21
22	27
8	28
10	34
37	38
3	25
23	40
# tree 73
1	20
20	3
2	31
1	2
2	5
3	8
8	37
5	16
3	15
31	35
16	17
15	9
2	19
31	22
35	10
37	39
37	23
2	7
17	11
9	12
8	13
19	18
8	21
8	25
22	27
8	28
10	34
37	38
39	40
# tree 74
1	20
20	3
2	31
1	2
2	5
3	8
8	37
5	16
3	15
31	35
37	23
16	17
15	9
2	19
31	22
35	10
23	39
2	7
17	11
9	12
8	13
19	18
8	21
8	25
22	27
8	28
10	34
37	38
23	40
# tree 75
1	20
20	3
2	7
1	2
2	5
3	8
5	16
3	15
2	31
7	35
8	37
16	17
15	9
2	19
31	22
35	10
37	23
37	39
17	11
9	12
8	13
19	18
8	21
8	25
22	27
8	28
10	34
37	38
23	40
# tree 76
1	20
1	2
20	3
3	8
2	5
8	37
3	15
2	31
2	7
37	23
5	16
15	9
2	19
31	22
7	10
23	39
16	17
7	35
9	12
37	13
19	18
8	21
8	25
22	27
8	28
10	34
37	38
39	40
16	11
# tree 77
1	20
1	2
20	3
3	8
2	5
8	37
3	15
2	31
2	7
37	23
5	16
15	9
2	19
31	22
7	10
23	39
16	17
7	35
9	12
8	13
19	18
37	21
8	25
22	27
8	28
10	34
37	38
39	40
16	11
# tree 78
1	20
1	2
20	3
3	8
2	5
8	37
3	15
2	7
37	23
5	16
15	9
2	19
2	22
7	10
23	39
2	31
16	17
7	35
9	12
8	13
19	18
8	21
8	25
22	27
8	28
10	34
37	38
39	40
16	11
# tree 79
1	20
1	2
20	3
3	8
2	5
8	37
3	15
2	31
2	7
37	23
5	16
15	9
2	19
31	22
7	10
23	39
16	17
7	35
9	12
8	13
19	18
8	21
22	27
8	28
10	34
37	38
39	40
16	11
3	25
# tree 80
1	20
1	2
20	3
3	8
2	5
8	37
3	15
2	31
2	7
37	23
5	16
15	9
2	19
31	22
7	10
23	39
16	17
7	35
9	12
8	13
19	18
8	21
22	27
8	28
10	34
37	38
39	40
16	11
15	25
# tree 81
1	20
1	2
20	3
3	8
2	5
8	37
3	15
2	31
2	7
37	23
5	16
15	9
2	19
31	22
7	10
23	39
16	17
7	35
9	12
8	13
19	18
8	21
22	27
8	28
10	34
37	38
39	40
16	11
9	25
# tree 82
1	20
1	2
20	3
3	8
2	5
8	37
3	15
2	31
2	7
37	23
5	16
15	9
2	19
31	22
23	39
7	10
16	17
7	35
9	12
8	13
19	18
8	21
8	25
22	27
8	28
37	38
39	40
16	11
1	34
# tree 83
1	20
1	2
20	3
3	8
2	5
8	37
3	15
2	31
2	7
37	23
5	16
15	9
2	19
31	22
23	39
7	10
16	17
7	35
9	12
8	13
19	18
8	21
8	25
22	27
8	28
37	38
39	40
16	11
2	34
# tree 84
1	20
1	2
20	3
3	8
2	5
8	37
3	15
2	31
2	7
37	23
5	16
15	9
2	19
31	22
23	39
7	35
7	10
16	17
9	12
8	13
19	18
8	21
8	25
22	27
8	28
37	38
39	40
16	11
35	34
# tree 85
1	20
1	2
20	3
3	8
2	5
8	37
3	15
2	31
2	7
37	23
5	16
15	9
2	19
31	22
23	39
7	10
16	17
7	35
9	12
8	13
19	18
8	21
8	25
22	27
8	28
37	38
39	40
16	11
7	34
# tree 86
1	20
1	2
20	3
3	8
2	5
8	37
3	15
2	31
2	7
5	16
15	9
2	19
31	22
7	10
37	39
37	23
16	17
7	35
9	12
8	13
19	18
8	21
8	25
22	27
8	28
10	34
37	38
39	40
16	11
# tree 87
1	20
1	2
20	3
3	8
2	5
8	37
3	15
2	31
2	7
37	23
5	16
15	9
2	19
31	22
7	10
23	39
16	17
7	35
9	12
8	13
19	18
8	21
8	25
22	27
8	28
10	34
37	38
16	11
23	40
# tree 88
1	20
1	2
20	3
3	8
2	5
8	37
5	16
3	15
2	31
2	7
37	23
16	17
15	9
2	19
31	22
7	10
23	39
7	35
17	11
9	12
37	13
19	18
37	21
8	25
22	27
8	28
10	34
37	38
39	40
# tree 89
1	20
1	2
20	3
3	8
2	5
8	37
5	16
3	15
2	7
37	23
16	17
15	9
2	19
2	22
7	10
23	39
2	31
7	35
17	11
9	12
37	13
19	18
8	21
8	25
22	27
8	28
10	34
37	38
39	40
# tree 90
1	20
1	2
20	3
3	8
2	5
8	37
5	16
3	15
2	31
2	7
37	23
16	17
15	9
2	19
31	22
7	10
23	39
7	35
17	11
9	12
37	13
19	18
8	21
22	27
8	28
10	34
37	38
39	40
3	25
# tree 91
1	20
1	2
20	3
3	8
2	5
8	37
5	16
3	15
2	31
2	7
37	23
16	17
15	9
2	19
31	22
7	10
23	39
7	35
17	11
9	12
37	13
19	18
8	21
22	27
8	28
10	34
37	38
39	40
15	25
# tree 92
1	20
1	2
20	3
3	8
2	5
8	37
5	16
3	15
2	31
2	7
37	23
16	17
15	9
2	19
31	22
7	10
23	39
7	35
17	11
9	12
37	13
19	18
8	21
22	27
8	28
10	34
37	38
39	40
9	25
# tree 93
1	20
1	2
20	3
3	8
2	5
8	37
5	16
3	15
2	31
2	7
37	23
16	17
15	9
2	19
31	22
23	39
7	10
7	35
17	11
9	12
37	13
19	18
8	21
8	25
22	27
8	28
37	38
39	40
1	34
# tree 94
1	20
1	2
20	3
3	8
2	5
8	37
5	16
3	15
2	31
2	7
37	23
16	17
15	9
2	19
31	22
23	39
7	10
7	35
17	11
9	12
37	13
19	18
8	21
8	25
22	27
8	28
37	38
39	40
2	34
# tree 95
1	20
1	2
20	3
3	8
2	5
8	37
5	16
3	15
2	31
2	7
37	23
16	17
15	9
2	19
31	22
23	39
7	35
7	10
17	11
9	12
37	13
19	18
8	21
8	25
22	27
8	28
37	38
39	40
35	34
# tree 96
1	20
1	2
20	3
3	8
2	5
8	37
5	16
3	15
2	31
2	7
37	23
16	17
15	9
2	19
31	22
23	39
7	10
7	35
17	11
9	12
37	13
19	18
8	21
8	25
22	27
8	28
37	38
39	40
7	34
# tree 97
1	20
1	2
20	3
3	8
2	5
8	37
5	16
3	15
2	31
2	7
16	17
15	9
2	19
31	22
7	10
37	39
37	23
7	35
17	11
9	12
37	13
19	18
8	21
8	25
22	27
8	28
10	34
37	38
39	40
# tree 98
1	20
1	2
20	3
3	8
2	5
8	37
5	16
3	15
2	31
2	7
37	23
16	17
15	9
2	19
31	22
7	10
23	39
7	35
17	11
9	12
37	13
19	18
8	21
8	25
22	27
8	28
10	34
37	38
23	40
# tree 99
1	20
1	2
20	3
3	8
2	5
8	37
5	16
3	15
2	7
37	23
16	17
15	9
2	19
2	22
7	10
23	39
2	31
7	35
17	11
9	12
8	13
19	18
37	21
8	25
22	27
8	28
10	34
37	38
39	40
# tree 100
1	20
1	2
20	3
3	8
2	5
8	37
5	16
3	15
2	31
2	7
37	23
16	17
15	9
2	19
31	22
7	10
23	39
7	35
17	11
9	12
8	13
19	18
37	21
22	27
8	28
10	34
37	38
39	40
3	25
# tree 101
1	20
1	2
20	3
3	8
2	5
8	37
5	16
3	15
2	31
2	7
37	23
16	17
15	9
2	19
31	22
7	10
23	39
7	35
17	11
9	12
8	13
19	18
37	21
22	27
8	28
10	34
37	38
39	40
15	25
# tree 102
1	20
1	2
20	3
3	8
2	5
8	37
5	16
3	15
2	31
2	7
37	23
16	17
15	9
2	19
31	22
7	10
23	39
7	35
17	11
9	12
8	13
19	18
37	21
22	27
8	28
10	34
37	38
39	40
9	25
# tree 103
1	20
1	2
20	3
3	8
2	5
8	37
5	16
3	15
2	31
2	7
37	23
16	17
15	9
2	19
31	22
23	39
7	10
7	35
17	11
9	12
8	13
19	18
37	21
8	25
22	27
8	28
37	38
39	40
1	34
# tree 104
1	20
1	2
20	3
3	8
2	5
8	37
5	16
3	15
2	31
2	7
37	23
16	17
15	9
2	19
31	22
23	39
7	10
7	35
17	11
9	12
8	13
19	18
37	21
8	25
22	27
8	28
37	38
39	40
2	34
# tree 105
1	20
1	2
20	3
3	8
2	5
8	37
5	16
3	15
2	31
2	7
37	23
16	17
15	9
2	19
31	22
23	39
7	35
7	10
17	11
9	12
8	13
19	18
37	21
8	25
22	27
8	28
37	38
39	40
35	34
# tree 106
1	20
1	2
20	3
3	8
2	5
8	37
5	16
3	15
2	31
2	7
37	23
16	17
15	9
2	19
31	22
23	39
7	10
7	35
17	11
9	12
8	13
19	18
37	21
8	25
22	27
8	28
37	38
39	40
7	34
# tree 107
1	20
1	2
20	3
3	8
2	5
8	37
5	16
3	15
2	31
2	7
16	17
15	9
2	19
31	22
7	10
37	39
37	23
7	35
17	11
9	12
8	13
19	18
37	21
8	25
22	27
8	28
10	34
37	38
39	40
# tree 108
1	20
1	2
20	3
3	8
2	5
8	37
5	16
3	15
2	31
2	7
37	23
16	17
15	9
2	19
31	22
7	10
23	39
7	35
17	11
9	12
8	13
19	18
37	21
8	25
22	27
8	28
10	34
37	38
23	40
# tree 109
1	20
1	2
20	3
3	8
2	5
8	37
5	16
3	15
2	7
37	23
16	17
15	9
2	19
2	22
7	10
23	39
2	31
7	35
17	11
9	12
8	13
19	18
8	21
22	27
8	28
10	34
37	38
39	40
3	25
# tree 110
1	20
1	2
20	3
3	8
2	5
8	37
5	16
3	15
2	7
37	23
16	17
15	9
2	19
2	22
7	10
23	39
2	31
7	35
17	11
9	12
8	13
19	18
8	21
22	27
8	28
10	34
37	38
39	40
15	25
# tree 111
1	20
1	2
20	3
3	8
2	5
8	37
5	16
3	15
2	7
37	23
16	17
15	9
2	19
2	22
7	10
23	39
2	31
7	35
17	11
9	12
8	13
19	18
8	21
22	27
8	28
10	34
37	38
39	40
9	25
# tree 112
1	20
1	2
20	3
3	8
2	5
8	37
5	16
3	15
2	7
37	23
16	17
15	9
2	19
2	22
23	39
7	10
2	31
7	35
17	11
9	12
8	13
19	18
8	21
8	25
22	27
8	28
37	38
39	40
1	34
# tree 113
1	20
1	2
20	3
3	8
2	5
8	37
5	16
3	15
2	7
37	23
16	17
15	9
2	19
2	22
23	39
7	10
2	31
7	35
17	11
9	12
8	13
19	18
8	21
8	25
22	27
8	28
37	38
39	40
2	34
# tree 114
1	20
1	2
20	3
3	8
2	5
8	37
5	16
3	15
2	7
37	23
16	17
15	9
2	19
2	22
23	39
7	35
7	10
2	31
17	11
9	12
8	13
19	18
8	21
8	25
22	27
8	28
37	38
39	40
35	34
# tree 115
1	20
1	2
20	3
3	8
2	5
8	37
5	16
3	15
2	7
37	23
16	17
15	9
2	19
2	22
23	39
7	10
2	31
7	35
17	11
9	12
8	13
19	18
8	21
8	25
22	27
8	28
37	38
39	40
7	34
# tree 116
1	20
1	2
20	3
3	8
2	5
8	37
5	16
3	15
2	7
16	17
15	9
2	19
2	22
7	10
37	39
37	23
2	31
7	35
17	11
9	12
8	13
19	18
8	21
8	25
22	27
8	28
10	34
37	38
39	40
# tree 117
1	20
1	2
20	3
3	8
2	5
8	37
5	16
3	15
2	7
37	23
16	17
15	9
2	19
2	22
7	10
23	39
2	31
7	35
17	11
9	12
8	13
19	18
8	21
8	25
22	27
8	28
10	34
37	38
23	40
# tree 118
1	20
1	2
20	3
3	8
2	5
8	37
5	16
3	15
2	31
2	7
16	17
15	9
2	19
31	22
37	39
37	23
7	10
7	35
17	11
9	12
8	13
19	18
8	21
8	25
22	27
8	28
37	38
39	40
7	34
# tree 119
1	20
1	2
20	3
3	8
2	5
8	37
5	16
3	15
2	31
37	23
2	7
16	17
15	9
2	19
31	22
23	39
7	10
7	35
17	11
9	12
8	13
19	18
8	21
8	25
22	27
8	28
37	38
7	34
23	40
# tree 120
1	20
1	2
20	3
3	8
2	5
5	16
3	15
2	31
2	7
8	37
16	17
15	9
2	19
31	22
7	10
37	23
37	39
7	35
17	11
9	12
8	13
19	18
8	21
8	25
22	27
8	28
10	34
37	38
23	40
# tree 121
1	20
1	2
20	3
3	8
2	7
8	37
2	5
3	15
2	31
7	35
37	23
5	16
15	9
2	19
31	22
35	10
23	39
16	17
9	12
37	13
19	18
37	21
8	25
22	27
8	28
10	34
37	38
39	40
16	11
# tree 122
1	20
1	2
20	3
3	8
2	7
8	37
2	5
3	15
7	35
37	23
5	16
15	9
2	19
2	22
35	10
23	39
2	31
16	17
9	12
37	13
19	18
8	21
8	25
22	27
8	28
10	34
37	38
39	40
16	11
# tree 123
1	20
1	2
20	3
3	8
2	7
8	37
2	5
3	15
2	31
7	35
37	23
5	16
15	9
2	19
31	22
35	10
23	39
16	17
9	12
37	13
19	18
8	21
22	27
8	28
10	34
37	38
39	40
16	11
3	25
# tree 124
1	20
1	2
20	3
3	8
2	7
8	37
2	5
3	15
2	31
7	35
37	23
5	16
15	9
2	19
31	22
35	10
23	39
16	17
9	12
37	13
19	18
8	21
22	27
8	28
10	34
37	38
39	40
16	11
15	25
# tree 125
1	20
1	2
20	3
3	8
2	7
8	37
2	5
3	15
2	31
7	35
37	23
5	16
15	9
2	19
31	22
35	10
23	39
16	17
9	12
37	13
19	18
8	21
22	27
8	28
10	34
37	38
39	40
16	11
9	25
# tree 126
1	20
1	2
20	3
3	8
2	7
8	37
2	5
3	15
2	31
7	35
37	23
5	16
15	9
2	19
31	22
23	39
35	10
16	17
9	12
37	13
19	18
8	21
8	25
22	27
8	28
37	38
39	40
16	11
1	34
# tree 127
1	20
1	2
20	3
3	8
2	7
8	37
2	5
3	15
2	31
7	35
37	23
5	16
15	9
2	19
31	22
23	39
35	10
16	17
9	12
37	13
19	18
8	21
8	25
22	27
8	28
37	38
39	40
16	11
2	34
# tree 128
1	20
1	2
20	3
3	8
2	7
8	37
2	5
3	15
2	31
7	35
37	23
5	16
15	9
2	19
31	22
23	39
35	10
16	17
9	12
37	13
19	18
8	21
8	25
22	27
8	28
37	38
39	40
16	11
35	34
# tree 129
1	20
1	2
20	3
3	8
2	7
8	37
2	5
3	15
2	31
7	35
37	23
5	16
15	9
2	19
31	22
23	39
35	10
16	17
9	12
37	13
19	18
8	21
8	25
22	27
8	28
37	38
39	40
16	11
7	34
# tree 130
1	20
1	2
20	3
3	8
2	7
8	37
2	5
3	15
2	31
7	35
5	16
15	9
2	19
31	22
35	10
37	39
37	23
16	17
9	12
37	13
19	18
8	21
8	25
22	27
8	28
10	34
37	38
39	40
16	11
# tree 131
1	20
1	2
20	3
3	8
2	7
8	37
2	5
3	15
2	31
7	35
37	23
5	16
15	9
2	19
31	22
35	10
23	39
16	17
9	12
37	13
19	18
8	21
8	25
22	27
8	28
10	34
37	38
16	11
23	40
# tree 132
1	20
1	2
20	3
3	8
2	7
8	37
2	5
3	15
7	35
37	23
5	16
15	9
2	19
2	22
35	10
23	39
2	31
16	17
9	12
8	13
19	18
37	21
8	25
22	27
8	28
10	34
37	38
39	40
16	11
# tree 133
1	20
1	2
20	3
3	8
2	7
8	37
2	5
3	15
2	31
7	35
37	23
5	16
15	9
2	19
31	22
35	10
23	39
16	17
9	12
8	13
19	18
37	21
22	27
8	28
10	34
37	38
39	40
16	11
3	25
# tree 134
1	20
1	2
20	3
3	8
2	7
8	37
2	5
3	15
2	31
7	35
37	23
5	16
15	9
2	19
31	22
35	10
23	39
16	17
9	12
8	13
19	18
37	21
22	27
8	28
10	34
37	38
39	40
16	11
15	25
# tree 135
1	20
1	2
20	3
3	8
2	7
8	37
2	5
3	15
2	31
7	35
37	23
5	16
15	9
2	19
31	22
35	10
23	39
16	17
9	12
8	13
19	18
37	21
22	27
8	28
10	34
37	38
39	40
16	11
9	25
# tree 136
1	20
1	2
20	3
3	8
2	7
8	37
2	5
3	15
2	31
7	35
37	23
5	16
15	9
2	19
31	22
23	39
35	10
16	17
9	12
8	13
19	18
37	21
8	25
22	27
8	28
37	38
39	40
16	11
1	34
# tree 137
1	20
1	2
20	3
3	8
2	7
8	37
2	5
3	15
2	31
7	35
37	23
5	16
15	9
2	19
31	22
23	39
35	10
16	17
9	12
8	13
19	18
37	21
8	25
22	27
8	28
37	38
39	40
16	11
2	34
# tree 138
1	20
1	2
20	3
3	8
2	7
8	37
2	5
3	15
2	31
7	35
37	23
5	16
15	9
2	19
31	22
23	39
35	10
16	17
9	12
8	13
19	18
37	21
8	25
22	27
8	28
37	38
39	40
16	11
35	34
# tree 139
1	20
1	2
20	3
3	8
2	7
8	37
2	5
3	15
2	31
7	35
37	23
5	16
15	9
2	19
31	22
23	39
35	10
16	17
9	12
8	13
19	18
37	21
8	25
22	27
8	28
37	38
39	40
16	11
7	34
# tree 140
1	20
1	2
20	3
3	8
2	7
8	37
2	5
3	15
2	31
7	35
5	16
15	9
2	19
31	22
35	10
37	39
37	23
16	17
9	12
8	13
19	18
37	21
8	25
22	27
8	28
10	34
37	38
39	40
16	11
# tree 141
1	20
1	2
20	3
3	8
2	7
8	37
2	5
3	15
2	31
7	35
37	23
5	16
15	9
2	19
31	22
35	10
23	39
16	17
9	12
8	13
19	18
37	21
8	25
22	27
8	28
10	34
37	38
16	11
23	40
# tree 142
1	20
1	2
20	3
3	8
2	7
8	37
2	5
3	15
7	35
37	23
5	16
15	9
2	19
2	22
35	10
23	39
2	31
16	17
9	12
8	13
19	18
8	21
22	27
8	28
10	34
37	38
39	40
16	11
3	25
# tree 143
1	20
1	2
20	3
3	8
2	7
8	37
2	5
3	15
7	35
37	23
5	16
15	9
2	19
2	22
35	10
23	39
2	31
16	17
9	12
8	13
19	18
8	21
22	27
8	28
10	34
37	38
39	40
16	11
15	25
# tree 144
1	20
1	2
20	3
3	8
2	7
8	37
2	5
3	15
7	35
37	23
5	16
15	9
2	19
2	22
35	10
23	39
2	31
16	17
9	12
8	13
19	18
8	21
22	27
8	28
10	34
37	38
39	40
16	11
9	25
# tree 145
1	20
1	2
20	3
3	8
2	7
8	37
2	5
3	15
7	35
37	23
5	16
15	9
2	19
2	22
23	39
35	10
2	31
16	17
9	12
8	13
19	18
8	21
8	25
22	27
8	28
37	38
39	40
16	11
1	34
# tree 146
1	20
1	2
20	3
3	8
2	7
8	37
2	5
3	15
7	35
37	23
5	16
15	9
2	19
2	22
23	39
35	10
2	31
16	17
9	12
8	13
19	18
8	21
8	25
22	27
8	28
37	38
39	40
16	11
2	34
# tree 147
1	20
1	2
20	3
3	8
2	7
8	37
2	5
3	15
7	35
37	23
5	16
15	9
2	19
2	22
23	39
35	10
2	31
16	17
9	12
8	13
19	18
8	21
8	25
22	27
8	28
37	38
39	40
16	11
35	34
# tree 148
1	20
1	2
20	3
3	8
2	7
8	37
2	5
3	15
7	35
37	23
5	16
15	9
2	19
2	22
23	39
35	10
2	31
16	17
9	12
8	13
19	18
8	21
8	25
22	27
8	28
37	38
39	40
16	11
7	34
# tree 149
1	20
1	2
20	3
3	8
2	7
8	37
2	5
3	15
7	35
5	16
15	9
2	19
2	22
35	10
37	39
37	23
2	31
16	17
9	12
8	13
19	18
8	21
8	25
22	27
8	28
10	34
37	38
39	40
16	11
# tree 150
1	20
1	2
20	3
3	8
2	7
8	37
2	5
3	15
7	35
37	23
5	16
15	9
2	19
2	22
35	10
23	39
2	31
16	17
9	12
8	13
19	18
8	21
8	25
22	27
8	28
10	34
37	38
16	11
23	40
# tree 151
1	20
1	2
20	3
3	8
2	7
8	37
2	5
3	15
2	31
7	35
5	16
15	9
2	19
31	22
37	39
37	23
35	10
16	17
9	12
8	13
19	18
8	21
8	25
22	27
8	28
37	38
39	40
16	11
7	34
# tree 152
1	20
1	2
20	3
3	8
2	7
8	37
2	5
3	15
2	31
37	23
7	35
5	16
15	9
2	19
31	22
23	39
35	10
16	17
9	12
8	13
19	18
8	21
8	25
22	27
8	28
37	38
16	11
7	34
23	40
# tree 153
1	20
1	2
20	3
3	8
2	7
2	5
3	15
2	31
7	35
8	37
5	16
15	9
2	19
31	22
35	10
37	23
37	39
16	17
9	12
8	13
19	18
8	21
8	25
22	27
8	28
10	34
37	38
16	11
23	40
# tree 154
1	20
1	2
20	3
3	8
2	5
2	7
8	37
5	16
3	15
2	31
7	35
37	23
16	17
15	9
2	19
31	22
35	10
23	39
17	11
9	12
37	13
19	18
37	21
8	25
22	27
8	28
10	34
37	38
39	40
# tree 155
1	20
1	2
20	3
3	8
2	5
2	7
8	37
5	16
3	15
7	35
37	23
16	17
15	9
2	19
2	22
35	10
23	39
2	31
17	11
9	12
37	13
19	18
8	21
8	25
22	27
8	28
10	34
37	38
39	40
# tree 156
1	20
1	2
20	3
3	8
2	5
2	7
8	37
5	16
3	15
2	31
7	35
37	23
16	17
15	9
2	19
31	22
35	10
23	39
17	11
9	12
37	13
19	18
8	21
22	27
8	28
10	34
37	38
39	40
3	25
# tree 157
1	20
1	2
20	3
3	8
2	5
2	7
8	37
5	16
3	15
2	31
7	35
37	23
16	17
15	9
2	19
31	22
35	10
23	39
17	11
9	12
37	13
19	18
8	21
22	27
8	28
10	34
37	38
39	40
15	25
# tree 158
1	20
1	2
20	3
3	8
2	5
2	7
8	37
5	16
3	15
2	31
7	35
37	23
16	17
15	9
2	19
31	22
35	10
23	39
17	11
9	12
37	13
19	18
8	21
22	27
8	28
10	34
37	38
39	40
9	25
# tree 159
1	20
1	2
20	3
3	8
2	5
2	7
8	37
5	16
3	15
2	31
7	35
37	23
16	17
15	9
2	19
31	22
23	39
35	10
17	11
9	12
37	13
19	18
8	21
8	25
22	27
8	28
37	38
39	40
1	34
# tree 160
1	20
1	2
20	3
3	8
2	5
2	7
8	37
5	16
3	15
2	31
7	35
37	23
16	17
15	9
2	19
31	22
23	39
35	10
17	11
9	12
37	13
19	18
8	21
8	25
22	27
8	28
37	38
39	40
2	34
# tree 161
1	20
1	2
20	3
3	8
2	5
2	7
8	37
5	16
3	15
2	31
7	35
37	23
16	17
15	9
2	19
31	22
23	39
35	10
17	11
9	12
37	13
19	18
8	21
8	25
22	27
8	28
37	38
39	40
35	34
# tree 162
1	20
1	2
20	3
3	8
2	5
2	7
8	37
5	16
3	15
2	31
7	35
37	23
16	17
15	9
2	19
31	22
23	39
35	10
17	11
9	12
37	13
19	18
8	21
8	25
22	27
8	28
37	38
39	40
7	34
# tree 163
1	20
1	2
20	3
3	8
2	5
2	7
8	37
5	16
3	15
2	31
7	35
16	17
15	9
2	19
31	22
35	10
37	39
37	23
17	11
9	12
37	13
19	18
8	21
8	25
22	27
8	28
10	34
37	38
39	40
# tree 164
1	20
1	2
20	3
3	8
2	5
2	7
8	37
5	16
3	15
2	31
7	35
37	23
16	17
15	9
2	19
31	22
35	10
23	39
17	11
9	12
37	13
19	18
8	21
8	25
22	27
8	28
10	34
37	38
23	40
# tree 165
1	20
1	2
20	3
3	8
2	5
2	7
8	37
5	16
3	15
7	35
37	23
16	17
15	9
2	19
2	22
35	10
23	39
2	31
17	11
9	12
8	13
19	18
37	21
8	25
22	27
8	28
10	34
37	38
39	40
# tree 166
1	20
1	2
20	3
3	8
2	5
2	7
8	37
5	16
3	15
2	31
7	35
37	23
16	17
15	9
2	19
31	22
35	10
23	39
17	11
9	12
8	13
19	18
37	21
22	27
8	28
10	34
37	38
39	40
3	25
# tree 167
1	20
1	2
20	3
3	8
2	5
2	7
8	37
5	16
3	15
2	31
7	35
37	23
16	17
15	9
2	19
31	22
35	10
23	39
17	11
9	12
8	13
19	18
37	21
22	27
8	28
10	34
37	38
39	40
15	25
# tree 168
1	20
1	2
20	3
3	8
2	5
2	7
8	37
5	16
3	15
2	31
7	35
37	23
16	17
15	9
2	19
31	22
35	10
23	39
17	11
9	12
8	13
19	18
37	21
22	27
8	28
10	34
37	38
39	40
9	25
# tree 169
1	20
1	2
20	3
3	8
2	5
2	7
8	37
5	16
3	15
2	31
7	35
37	23
16	17
15	9
2	19
31	22
23	39
35	10
17	11
9	12
8	13
19	18
37	21
8	25
22	27
8	28
37	38
39	40
1	34
# tree 170
1	20
1	2
20	3
3	8
2	5
2	7
8	37
5	16
3	15
2	31
7	35
37	23
16	17
15	9
2	19
31	22
23	39
35	10
17	11
9	12
8	13
19	18
37	21
8	25
22	27
8	28
37	38
39	40
2	34
# tree 171
1	20
1	2
20	3
3	8
2	5
2	7
8	37
5	16
3	15
2	31
7	35
37	23
16	17
15	9
2	19
31	22
23	39
35	10
17	11
9	12
8	13
19	18
37	21
8	25
22	27
8	28
37	38
39	40
35	34
# tree 172
1	20
1	2
20	3
3	8
2	5
2	7
8	37
5	16
3	15
2	31
7	35
37	23
16	17
15	9
2	19
31	22
23	39
35	10
17	11
9	12
8	13
19	18
37	21
8	25
22	27
8	28
37	38
39	40
7	34
# tree 173
1	20
1	2
20	3
3	8
2	5
2	7
8	37
5	16
3	15
2	31
7	35
16	17
15	9
2	19
31	22
35	10
37	39
37	23
17	11
9	12
8	13
19	18
37	21
8	25
22	27
8	28
10	34
37	38
39	40
# tree 174
1	20
1	2
20	3
3	8
2	5
2	7
8	37
5	16
3	15
2	31
7	35
37	23
16	17
15	9
2	19
31	22
35	10
23	39
17	11
9	12
8	13
19	18
37	21
8	25
22	27
8	28
10	34
37	38
23	40
# tree 175
1	20
1	2
20	3
3	8
2	5
2	7
8	37
5	16
3	15
2	31
7	35
16	17
15	9
2	19
31	22
37	39
37	23
35	10
17	11
9	12
8	13
19	18
8	21
8	25
22	27
8	28
37	38
39	40
7	34
# tree 176
1	20
1	2
20	3
3	8
2	5
2	7
8	37
5	16
3	15
2	31
37	23
7	35
16	17
15	9
2	19
31	22
23	39
35	10
17	11
9	12
8	13
19	18
8	21
8	25
22	27
8	28
37	38
7	34
23	40
# tree 177
1	20
1	2
20	3
3	8
2	5
2	7
8	37
5	16
3	15
7	35
37	23
16	17
15	9
2	19
2	22
35	10
23	39
37	21
2	31
37	38
17	11
9	12
19	18
8	25
22	27
8	28
10	34
39	40
21	13
# tree 178
1	20
1	2
20	3
3	8
2	5
2	7
8	37
5	16
3	15
2	31
7	35
37	23
16	17
15	9
2	19
31	22
35	10
23	39
37	21
37	38
17	11
9	12
19	18
22	27
8	28
10	34
39	40
21	13
3	25
# tree 179
1	20
1	2
20	3
3	8
2	5
2	7
8	37
5	16
3	15
2	31
7	35
37	23
16	17
15	9
2	19
31	22
35	10
23	39
37	21
37	38
17	11
9	12
19	18
22	27
8	28
10	34
39	40
21	13
15	25
# tree 180
1	20
1	2
20	3
3	8
2	5
2	7
8	37
5	16
3	15
2	31
7	35
37	23
16	17
15	9
2	19
31	22
35	10
23	39
37	21
37	38
17	11
9	12
19	18
22	27
8	28
10	34
39	40
21	13
9	25
# tree 181
1	20
1	2
20	3
3	8
2	5
2	7
8	37
5	16
3	15
2	31
7	35
37	23
16	17
15	9
2	19
31	22
23	39
37	21
35	10
37	38
17	11
9	12
19	18
8	25
22	27
8	28
39	40
21	13
1	34
# tree 182
1	20
1	2
20	3
3	8
2	5
2	7
8	37
5	16
3	15
2	31
7	35
37	23
16	17
15	9
2	19
31	22
23	39
37	21
35	10
37	38
17	11
9	12
19	18
8	25
22	27
8	28
39	40
21	13
2	34
# tree 183
1	20
1	2
20	3
3	8
2	5
2	7
8	37
5	16
3	15
2	31
7	35
37	23
16	17
15	9
2	19
31	22
23	39
37	21
35	10
37	38
17	11
9	12
19	18
8	25
22	27
8	28
39	40
21	13
35	34
# tree 184
1	20
1	2
20	3
3	8
2	5
2	7
8	37
5	16
3	15
2	31
7	35
37	23
16	17
15	9
2	19
31	22
23	39
37	21
35	10
37	38
17	11
9	12
19	18
8	25
22	27
8	28
39	40
21	13
7	34
# tree 185
1	20
1	2
20	3
3	8
2	5
2	7
8	37
5	16
3	15
2	31
7	35
16	17
15	9
2	19
31	22
35	10
37	39
37	21
37	23
37	38
17	11
9	12
19	18
8	25
22	27
8	28
10	34
39	40
21	13
# tree 186
1	20
1	2
20	3
3	8
2	5
2	7
8	37
5	16
3	15
2	31
7	35
37	23
16	17
15	9
2	19
31	22
35	10
37	21
23	39
37	38
17	11
9	12
19	18
8	25
22	27
8	28
10	34
21	13
23	40
# tree 187
1	20
1	2
20	3
3	8
2	5
2	7
8	37
5	16
3	15
7	35
37	23
16	17
15	9
2	19
2	22
35	10
23	39
8	21
2	31
37	38
17	11
9	12
19	18
22	27
8	28
10	34
39	40
21	13
3	25
# tree 188
1	20
1	2
20	3
3	8
2	5
2	7
8	37
5	16
3	15
7	35
37	23
16	17
15	9
2	19
2	22
35	10
23	39
8	21
2	31
37	38
17	11
9	12
19	18
22	27
8	28
10	34
39	40
21	13
15	25
# tree 189
1	20
1	2
20	3
3	8
2	5
2	7
8	37
5	16
3	15
7	35
37	23
16	17
15	9
2	19
2	22
35	10
23	39
8	21
2	31
37	38
17	11
9	12
19	18
22	27
8	28
10	34
39	40
21	13
9	25
# tree 190
1	20
1	2
20	3
3	8
2	5
2	7
8	37
5	16
3	15
7	35
37	23
16	17
15	9
2	19
2	22
23	39
8	21
35	10
2	31
37	38
17	11
9	12
19	18
8	25
22	27
8	28
39	40
21	13
1	34
# tree 191
1	20
1	2
20	3
3	8
2	5
2	7
8	37
5	16
3	15
7	35
37	23
16	17
15	9
2	19
2	22
23	39
8	21
35	10
2	31
37	38
17	11
9	12
19	18
8	25
22	27
8	28
39	40
21	13
2	34
# tree 192
1	20
1	2
20	3
3	8
2	5
2	7
8	37
5	16
3	15
7	35
37	23
16	17
15	9
2	19
2	22
23	39
8	21
35	10
2	31
37	38
17	11
9	12
19	18
8	25
22	27
8	28
39	40
21	13
35	34
# tree 193
1	20
1	2
20	3
3	8
2	5
2	7
8	37
5	16
3	15
7	35
37	23
16	17
15	9
2	19
2	22
23	39
8	21
35	10
2	31
37	38
17	11
9	12
19	18
8	25
22	27
8	28
39	40
21	13
7	34
# tree 194
1	20
1	2
20	3
3	8
2	5
2	7
8	37
5	16
3	15
7	35
16	17
15	9
2	19
2	22
35	10
37	39
8	21
37	23
2	31
37	38
17	11
9	12
19	18
8	25
22	27
8	28
10	34
39	40
21	13
# tree 195
1	20
1	2
20	3
3	8
2	5
2	7
8	37
5	16
3	15
7	35
37	23
16	17
15	9
2	19
2	22
35	10
8	21
23	39
2	31
37	38
17	11
9	12
19	18
8	25
22	27
8	28
10	34
21	13
23	40
# tree 196
1	20
1	2
20	3
3	8
2	5
2	7
8	37
5	16
3	15
2	31
7	35
16	17
15	9
2	19
31	22
37	39
8	21
37	23
35	10
37	38
17	11
9	12
19	18
8	25
22	27
8	28
39	40
21	13
7	34
# tree 197
1	20
1	2
20	3
3	8
2	5
2	7
8	37
5	16
3	15
2	31
37	23
7	35
16	17
15	9
2	19
31	22
8	21
23	39
35	10
37	38
17	11
9	12
19	18
8	25
22	27
8	28
21	13
7	34
23	40
# tree 198
1	20
1	2
20	3
3	8
2	5
2	7
5	16
3	15
2	31
7	35
8	37
16	17
15	9
2	19
31	22
35	10
8	21
37	23
37	39
37	38
17	11
9	12
19	18
8	25
22	27
8	28
10	34
21	13
23	40
# tree 199
1	20
1	2
20	3
3	8
2	5
2	7
8	37
5	16
3	15
7	35
16	17
15	9
2	19
2	22
37	39
37	23
35	10
2	31
17	11
9	12
8	13
19	18
8	21
8	25
22	27
8	28
37	38
39	40
7	34
# tree 200
1	20
1	2
20	3
3	8
2	5
2	7
8	37
5	16
3	15
37	23
7	35
16	17
15	9
2	19
2	22
23	39
35	10
2	31
17	11
9	12
8	13
19	18
8	21
8	25
22	27
8	28
37	38
7	34
23	40
# tree 201
1	20
1	2
20	3
3	8
2	5
2	7
5	16
3	15
7	35
8	37
16	17
15	9
2	19
2	22
35	10
37	23
37	39
2	31
17	11
9	12
8	13
19	18
8	21
8	25
22	27
8	28
10	34
37	38
23	40
# tree 202
1	20
1	2
20	3
3	8
2	5
2	7
8	37
5	16
3	15
2	31
7	35
16	17
15	9
2	19
31	22
37	39
37	23
35	10
17	11
9	12
8	13
19	18
8	21
22	27
8	28
37	38
39	40
3	25
7	34
# tree 203
1	20
1	2
20	3
3	8
2	5
2	7
8	37
5	16
3	15
2	31
37	23
7	35
16	17
15	9
2	19
31	22
23	39
35	10
17	11
9	12
8	13
19	18
8	21
22	27
8	28
37	38
3	25
7	34
23	40
# tree 204
1	20
1	2
20	3
3	8
2	5
2	7
5	16
3	15
2	31
7	35
8	37
16	17
15	9
2	19
31	22
35	10
37	23
37	39
17	11
9	12
8	13
19	18
8	21
22	27
8	28
10	34
37	38
3	25
23	40
# tree 205
1	20
1	2
20	3
3	8
2	5
2	31
5	16
3	15
31	35
8	37
16	17
15	9
2	19
31	22
35	10
37	23
37	39
2	7
17	11
9	12
8	13
19	18
8	21
8	25
22	27
8	28
10	34
37	38
23	40
# tree 206
1	20
20	3
1	2
3	8
8	37
2	5
3	15
2	31
2	7
37	23
5	16
15	9
2	19
31	22
7	10
23	39
16	17
7	35
9	12
37	13
19	18
37	21
8	25
22	27
8	28
10	34
37	38
39	40
16	11
# tree 207
1	20
20	3
1	2
3	8
8	37
2	5
3	15
2	7
37	23
5	16
15	9
2	19
2	22
7	10
23	39
2	31
16	17
7	35
9	12
37	13
19	18
8	21
8	25
22	27
8	28
10	34
37	38
39	40
16	11
# tree 208
1	20
20	3
1	2
3	8
8	37
2	5
3	15
2	31
2	7
37	23
5	16
15	9
2	19
31	22
7	10
23	39
16	17
7	35
9	12
37	13
19	18
8	21
22	27
8	28
10	34
37	38
39	40
16	11
3	25
# tree 209
1	20
20	3
1	2
3	8
8	37
2	5
3	15
2	31
2	7
37	23
5	16
15	9
2	19
31	22
7	10
23	39
16	17
7	35
9	12
37	13
19	18
8	21
22	27
8	28
10	34
37	38
39	40
16	11
15	25
# tree 210
1	20
20	3
1	2
3	8
8	37
2	5
3	15
2	31
2	7
37	23
5	16
15	9
2	19
31	22
7	10
23	39
16	17
7	35
9	12
37	13
19	18
8	21
22	27
8	28
10	34
37	38
39	40
16	11
9	25
# tree 211
1	20
20	3
1	2
3	8
8	37
2	5
3	15
2	31
2	7
37	23
5	16
15	9
2	19
31	22
23	39
7	10
16	17
7	35
9	12
37	13
19	18
8	21
8	25
22	27
8	28
37	38
39	40
16	11
1	34
# tree 212
1	20
20	3
1	2
3	8
8	37
2	5
3	15
2	31
2	7
37	23
5	16
15	9
2	19
31	22
23	39
7	10
16	17
7	35
9	12
37	13
19	18
8	21
8	25
22	27
8	28
37	38
39	40
16	11
2	34
# tree 213
1	20
20	3
1	2
3	8
8	37
2	5
3	15
2	31
2	7
37	23
5	16
15	9
2	19
31	22
23	39
7	35
7	10
16	17
9	12
37	13
19	18
8	21
8	25
22	27
8	28
37	38
39	40
16	11
35	34
# tree 214
1	20
20	3
1	2
3	8
8	37
2	5
3	15
2	31
2	7
37	23
5	16
15	9
2	19
31	22
23	39
7	10
16	17
7	35
9	12
37	13
19	18
8	21
8	25
22	27
8	28
37	38
39	40
16	11
7	34
# tree 215
1	20
20	3
1	2
3	8
8	37
2	5
3	15
2	31
2	7
5	16
15	9
2	19
31	22
7	10
37	39
37	23
16	17
7	35
9	12
37	13
19	18
8	21
8	25
22	27
8	28
10	34
37	38
39	40
16	11
# tree 216
1	20
20	3
1	2
3	8
8	37
2	5
3	15
2	31
2	7
37	23
5	16
15	9
2	19
31	22
7	10
23	39
16	17
7	35
9	12
37	13
19	18
8	21
8	25
22	27
8	28
10	34
37	38
16	11
23	40
# tree 217
1	20
20	3
1	2
3	8
8	37
2	5
3	15
2	7
37	23
5	16
15	9
2	19
2	22
7	10
23	39
2	31
16	17
7	35
9	12
8	13
19	18
37	21
8	25
22	27
8	28
10	34
37	38
39	40
16	11
# tree 218
1	20
20	3
1	2
3	8
8	37
2	5
3	15
2	31
2	7
37	23
5	16
15	9
2	19
31	22
7	10
23	39
16	17
7	35
9	12
8	13
19	18
37	21
22	27
8	28
10	34
37	38
39	40
16	11
3	25
# tree 219
1	20
20	3
1	2
3	8
8	37
2	5
3	15
2	31
2	7
37	23
5	16
15	9
2	19
31	22
7	10
23	39
16	17
7	35
9	12
8	13
19	18
37	21
22	27
8	28
10	34
37	38
39	40
16	11
15	25
# tree 220
1	20
20	3
1	2
3	8
8	37
2	5
3	15
2	31
2	7
37	23
5	16
15	9
2	19
31	22
7	10
23	39
16	17
7	35
9	12
8	13
19	18
37	21
22	27
8	28
10	34
37	38
39	40
16	11
9	25
# tree 221
1	20
20	3
1	2
3	8
8	37
2	5
3	15
2	31
2	7
37	23
5	16
15	9
2	19
31	22
23	39
7	10
16	17
7	35
9	12
8	13
19	18
37	21
8	25
22	27
8	28
37	38
39	40
16	11
1	34
# tree 222
1	20
20	3
1	2
3	8
8	37
2	5
3	15
2	31
2	7
37	23
5	16
15	9
2	19
31	22
23	39
7	10
16	17
7	35
9	12
8	13
19	18
37	21
8	25
22	27
8	28
37	38
39	40
16	11
2	34
# tree 223
1	20
20	3
1	2
3	8
8	37
2	5
3	15
2	31
2	7
37	23
5	16
15	9
2	19
31	22
23	39
7	35
7	10
16	17
9	12
8	13
19	18
37	21
8	25
22	27
8	28
37	38
39	40
16	11
35	34
# tree 224
1	20
20	3
1	2
3	8
8	37
2	5
3	15
2	31
2	7
37	23
5	16
15	9
2	19
31	22
23	39
7	10
16	17
7	35
9	12
8	13
19	18
37	21
8	25
22	27
8	28
37	38
39	40
16	11
7	34
# tree 225
1	20
20	3
1	2
3	8
8	37
2	5
3	15
2	31
2	7
5	16
15	9
2	19
31	22
7	10
37	39
37	23
16	17
7	35
9	12
8	13
19	18
37	21
8	25
22	27
8	28
10	34
37	38
39	40
16	11
# tree 226
1	20
20	3
1	2
3	8
8	37
2	5
3	15
2	31
2	7
37	23
5	16
15	9
2	19
31	22
7	10
23	39
16	17
7	35
9	12
8	13
19	18
37	21
8	25
22	27
8	28
10	34
37	38
16	11
23	40
# tree 227
1	20
20	3
1	2
3	8
8	37
2	5
3	15
2	7
37	23
5	16
15	9
2	19
2	22
7	10
23	39
2	31
16	17
7	35
9	12
8	13
19	18
8	21
22	27
8	28
10	34
37	38
39	40
16	11
3	25
# tree 228
1	20
20	3
1	2
3	8
8	37
2	5
3	15
2	7
37	23
5	16
15	9
2	19
2	22
7	10
23	39
2	31
16	17
7	35
9	12
8	13
19	18
8	21
22	27
8	28
10	34
37	38
39	40
16	11
15	25
# tree 229
1	20
20	3
1	2
3	8
8	37
2	5
3	15
2	7
37	23
5	16
15	9
2	19
2	22
7	10
23	39
2	31
16	17
7	35
9	12
8	13
19	18
8	21
22	27
8	28
10	34
37	38
39	40
16	11
9	25
# tree 230
1	20
20	3
1	2
3	8
8	37
2	5
3	15
2	7
37	23
5	16
15	9
2	19
2	22
23	39
7	10
2	31
16	17
7	35
9	12
8	13
19	18
8	21
8	25
22	27
8	28
37	38
39	40
16	11
1	34
# tree 231
1	20
20	3
1	2
3	8
8	37
2	5
3	15
2	7
37	23
5	16
15	9
2	19
2	22
23	39
7	10
2	31
16	17
7	35
9	12
8	13
19	18
8	21
8	25
22	27
8	28
37	38
39	40
16	11
2	34
# tree 232
1	20
20	3
1	2
3	8
8	37
2	5
3	15
2	7
37	23
5	16
15	9
2	19
2	22
23	39
7	35
7	10
2	31
16	17
9	12
8	13
19	18
8	21
8	25
22	27
8	28
37	38
39	40
16	11
35	34
# tree 233
1	20
20	3
1	2
3	8
8	37
2	5
3	15
2	7
37	23
5	16
15	9
2	19
2	22
23	39
7	10
2	31
16	17
7	35
9	12
8	13
19	18
8	21
8	25
22	27
8	28
37	38
39	40
16	11
7	34
# tree 234
1	20
20	3
1	2
3	8
8	37
2	5
3	15
2	7
5	16
15	9
2	19
2	22
7	10
37	39
37	23
2	31
16	17
7	35
9	12
8	13
19	18
8	21
8	25
22	27
8	28
10	34
37	38
39	40
16	11
# tree 235
1	20
20	3
1	2
3	8
8	37
2	5
3	15
2	7
37	23
5	16
15	9
2	19
2	22
7	10
23	39
2	31
16	17
7	35
9	12
8	13
19	18
8	21
8	25
22	27
8	28
10	34
37	38
16	11
23	40
# tree 236
1	20
20	3
1	2
3	8
8	37
2	5
3	15
2	31
2	7
5	16
15	9
2	19
31	22
37	39
37	23
7	10
16	17
7	35
9	12
8	13
19	18
8	21
8	25
22	27
8	28
37	38
39	40
16	11
7	34
# tree 237
1	20
20	3
1	2
3	8
8	37
2	5
3	15
2	31
37	23
2	7
5	16
15	9
2	19
31	22
23	39
7	10
16	17
7	35
9	12
8	13
19	18
8	21
8	25
22	27
8	28
37	38
16	11
7	34
23	40
# tree 238
1	20
20	3
1	2
3	8
2	5
3	15
2	31
2	7
8	37
5	16
15	9
2	19
31	22
7	10
37	23
37	39
16	17
7	35
9	12
8	13
19	18
8	21
8	25
22	27
8	28
10	34
37	38
16	11
23	40
# tree 239
1	20
20	3
1	2
3	8
2	5
8	37
5	16
3	15
2	7
37	23
16	17
15	9
2	19
2	22
7	10
23	39
2	31
7	35
17	11
9	12
37	13
19	18
37	21
8	25
22	27
8	28
10	34
37	38
39	40
# tree 240
1	20
20	3
1	2
3	8
2	5
8	37
5	16
3	15
2	31
2	7
37	23
16	17
15	9
2	19
31	22
7	10
23	39
7	35
17	11
9	12
37	13
19	18
37	21
22	27
8	28
10	34
37	38
39	40
3	25
# tree 241
1	20
20	3
1	2
3	8
2	5
8	37
5	16
3	15
2	31
2	7
37	23
16	17
15	9
2	19
31	22
7	10
23	39
7	35
17	11
9	12
37	13
19	18
37	21
22	27
8	28
10	34
37	38
39	40
15	25
# tree 242
1	20
20	3
1	2
3	8
2	5
8	37
5	16
3	15
2	31
2	7
37	23
16	17
15	9
2	19
31	22
7	10
23	39
7	35
17	11
9	12
37	13
19	18
37	21
22	27
8	28
10	34
37	38
39	40
9	25
# tree 243
1	20
20	3
1	2
3	8
2	5
8	37
5	16
3	15
2	31
2	7
37	23
16	17
15	9
2	19
31	22
23	39
7	10
7	35
17	11
9	12
37	13
19	18
37	21
8	25
22	27
8	28
37	38
39	40
1	34
# tree 244
1	20
20	3
1	2
3	8
2	5
8	37
5	16
3	15
2	31
2	7
37	23
16	17
15	9
2	19
31	22
23	39
7	10
7	35
17	11
9	12
37	13
19	18
37	21
8	25
22	27
8	28
37	38
39	40
2	34
# tree 245
1	20
20	3
1	2
3	8
2	5
8	37
5	16
3	15
2	31
2	7
37	23
16	17
15	9
2	19
31	22
23	39
7	35
7	10
17	11
9	12
37	13
19	18
37	21
8	25
22	27
8	28
37	38
39	40
35	34
# tree 246
1	20
20	3
1	2
3	8
2	5
8	37
5	16
3	15
2	31
2	7
37	23
16	17
15	9
2	19
31	22
23	39
7	10
7	35
17	11
9	12
37	13
19	18
37	21
8	25
22	27
8	28
37	38
39	40
7	34
# tree 247
1	20
20	3
1	2
3	8
2	5
8	37
5	16
3	15
2	31
2	7
16	17
15	9
2	19
31	22
7	10
37	39
37	23
7	35
17	11
9	12
37	13
19	18
37	21
8	25
22	27
8	28
10	34
37	38
39	40
# tree 248
1	20
20	3
1	2
3	8
2	5
8	37
5	16
3	15
2	31
2	7
37	23
16	17
15	9
2	19
31	22
7	10
23	39
7	35
17	11
9	12
37	13
19	18
37	21
8	25
22	27
8	28
10	34
37	38
23	40
# tree 249
1	20
20	3
1	2
3	8
2	5
8	37
5	16
3	15
2	7
37	23
16	17
15	9
2	19
2	22
7	10
23	39
2	31
7	35
17	11
9	12
37	13
19	18
8	21
22	27
8	28
10	34
37	38
39	40
3	25
# tree 250
1	20
20	3
1	2
3	8
2	5
8	37
5	16
3	15
2	7
37	23
16	17
15	9
2	19
2	22
7	10
23	39
2	31
7	35
17	11
9	12
37	13
19	18
8	21
22	27
8	28
10	34
37	38
39	40
15	25
# tree 251
1	20
20	3
1	2
3	8
2	5
8	37
5	16
3	15
2	7
37	23
16	17
15	9
2	19
2	22
7	10
23	39
2	31
7	35
17	11
9	12
37	13
19	18
8	21
22	27
8	28
10	34
37	38
39	40
9	25
# tree 252
1	20
20	3
1	2
3	8
2	5
8	37
5	16
3	15
2	7
37	23
16	17
15	9
2	19
2	22
23	39
7	10
2	31
7	35
17	11
9	12
37	13
19	18
8	21
8	25
22	27
8	28
37	38
39	40
1	34
# tree 253
1	20
20	3
1	2
3	8
2	5
8	37
5	16
3	15
2	7
37	23
16	17
15	9
2	19
2	22
23	39
7	10
2	31
7	35
17	11
9	12
37	13
19	18
8	21
8	25
22	27
8	28
37	38
39	40
2	34
# tree 254
1	20
20	3
1	2
3	8
2	5
8	37
5	16
3	15
2	7
37	23
16	17
15	9
2	19
2	22
23	39
7	35
7	10
2	31
17	11
9	12
37	13
19	18
8	21
8	25
22	27
8	28
37	38
39	40
35	34
# tree 255
1	20
20	3
1	2
3	8
2	5
8	37
5	16
3	15
2	7
37	23
16	17
15	9
2	19
2	22
23	39
7	10
2	31
7	35
17	11
9	12
37	13
19	18
8	21
8	25
22	27
8	28
37	38
39	40
7	34
# tree 256
1	20
20	3
1	2
3	8
2	5
8	37
5	16
3	15
2	7
16	17
15	9
2	19
2	22
7	10
37	39
37	23
2	31
7	35
17	11
9	12
37	13
19	18
8	21
8	25
22	27
8	28
10	34
37	38
39	40
# tree 257
1	20
20	3
1	2
3	8
2	5
8	37
5	16
3	15
2	7
37	23
16	17
15	9
2	19
2	22
7	10
23	39
2	31
7	35
17	11
9	12
37	13
19	18
8	21
8	25
22	27
8	28
10	34
37	38
23	40
# tree 258
1	20
20	3
1	2
3	8
2	5
8	37
5	16
3	15
2	31
2	7
16	17
15	9
2	19
31	22
37	39
37	23
7	10
7	35
17	11
9	12
37	13
19	18
8	21
8	25
22	27
8	28
37	38
39	40
7	34
# tree 259
1	20
20	3
1	2
3	8
2	5
8	37
5	16
3	15
2	31
37	23
2	7
16	17
15	9
2	19
31	22
23	39
7	10
7	35
17	11
9	12
37	13
19	18
8	21
8	25
22	27
8	28
37	38
7	34
23	40
# tree 260
1	20
20	3
1	2
3	8
2	5
5	16
3	15
2	31
2	7
8	37
16	17
15	9
2	19
31	22
7	10
37	23
37	39
7	35
17	11
9	12
37	13
19	18
8	21
8	25
22	27
8	28
10	34
37	38
23	40
# tree 261
1	20
20	3
1	2
3	8
2	5
8	37
5	16
3	15
2	7
37	23
16	17
15	9
2	19
2	22
7	10
23	39
2	31
7	35
17	11
9	12
8	13
19	18
37	21
22	27
8	28
10	34
37	38
39	40
3	25
# tree 262
1	20
20	3
1	2
3	8
2	5
8	37
5	16
3	15
2	7
37	23
16	17
15	9
2	19
2	22
7	10
23	39
2	31
7	35
17	11
9	12
8	13
19	18
37	21
22	27
8	28
10	34
37	38
39	40
15	25
# tree 263
1	20
20	3
1	2
3	8
2	5
8	37
5	16
3	15
2	7
37	23
16	17
15	9
2	19
2	22
7	10
23	39
2	31
7	35
17	11
9	12
8	13
19	18
37	21
22	27
8	28
10	34
37	38
39	40
9	25
# tree 264
1	20
20	3
1	2
3	8
2	5
8	37
5	16
3	15
2	7
37	23
16	17
15	9
2	19
2	22
23	39
7	10
2	31
7	35
17	11
9	12
8	13
19	18
37	21
8	25
22	27
8	28
37	38
39	40
1	34
# tree 265
1	20
20	3
1	2
3	8
2	5
8	37
5	16
3	15
2	7
37	23
16	17
15	9
2	19
2	22
23	39
7	10
2	31
7	35
17	11
9	12
8	13
19	18
37	21
8	25
22	27
8	28
37	38
39	40
2	34
# tree 266
1	20
20	3
1	2
3	8
2	5
8	37
5	16
3	15
2	7
37	23
16	17
15	9
2	19
2	22
23	39
7	35
7	10
2	31
17	11
9	12
8	13
19	18
37	21
8	25
22	27
8	28
37	38
39	40
35	34
# tree 267
1	20
20	3
1	2
3	8
2	5
8	37
5	16
3	15
2	7
37	23
16	17
15	9
2	19
2	22
23	39
7	10
2	31
7	35
17	11
9	12
8	13
19	18
37	21
8	25
22	27
8	28
37	38
39	40
7	34
# tree 268
1	20
20	3
1	2
3	8
2	5
8	37
5	16
3	15
2	7
16	17
15	9
2	19
2	22
7	10
37	39
37	23
2	31
7	35
17	11
9	12
8	13
19	18
37	21
8	25
22	27
8	28
10	34
37	38
39	40
# tree 269
1	20
20	3
1	2
3	8
2	5
8	37
5	16
3	15
2	7
37	23
16	17
15	9
2	19
2	22
7	10
23	39
2	31
7	35
17	11
9	12
8	13
19	18
37	21
8	25
22	27
8	28
10	34
37	38
23	40
# tree 270
1	20
20	3
1	2
3	8
2	5
8	37
5	16
3	15
2	31
2	7
16	17
15	9
2	19
31	22
37	39
37	23
7	10
7	35
17	11
9	12
8	13
19	18
37	21
8	25
22	27
8	28
37	38
39	40
7	34
# tree 271
1	20
20	3
1	2
3	8
2	5
8	37
5	16
3	15
2	31
37	23
2	7
16	17
15	9
2	19
31	22
23	39
7	10
7	35
17	11
9	12
8	13
19	18
37	21
8	25
22	27
8	28
37	38
7	34
23	40
# tree 272
1	20
20	3
1	2
3	8
2	5
5	16
3	15
2	31
2	7
8	37
16	17
15	9
2	19
31	22
7	10
37	23
37	39
7	35
17	11
9	12
8	13
19	18
37	21
8	25
22	27
8	28
10	34
37	38
23	40
# tree 273
1	20
20	3
1	2
3	8
2	5
8	37
5	16
3	15
2	7
16	17
15	9
2	19
2	22
37	39
37	23
7	10
2	31
7	35
17	11
9	12
8	13
19	18
8	21
8	25
22	27
8	28
37	38
39	40
7	34
# tree 274
1	20
20	3
1	2
3	8
2	5
8	37
5	16
3	15
37	23
2	7
16	17
15	9
2	19
2	22
23	39
7	10
2	31
7	35
17	11
9	12
8	13
19	18
8	21
8	25
22	27
8	28
37	38
7	34
23	40
# tree 275
1	20
20	3
1	2
3	8
2	5
5	16
3	15
2	7
8	37
16	17
15	9
2	19
2	22
7	10
37	23
37	39
2	31
7	35
17	11
9	12
8	13
19	18
8	21
8	25
22	27
8	28
10	34
37	38
23	40
# tree 276
1	20
20	3
1	2
3	8
2	5
5	16
3	15
2	31
8	37
2	7
16	17
15	9
2	19
31	22
37	23
37	39
7	10
7	35
17	11
9	12
8	13
19	18
8	21
8	25
22	27
8	28
37	38
7	34
23	40
# tree 277
1	20
20	3
1	2
3	8
2	7
8	37
2	5
3	15
7	35
37	23
5	16
15	9
2	19
2	22
35	10
23	39
2	31
16	17
9	12
37	13
19	18
37	21
8	25
22	27
8	28
10	34
37	38
39	40
16	11
# tree 278
1	20
20	3
1	2
3	8
2	7
8	37
2	5
3	15
2	31
7	35
37	23
5	16
15	9
2	19
31	22
35	10
23	39
16	17
9	12
37	13
19	18
37	21
22	27
8	28
10	34
37	38
39	40
16	11
3	25
# tree 279
1	20
20	3
1	2
3	8
2	7
8	37
2	5
3	15
2	31
7	35
37	23
5	16
15	9
2	19
31	22
35	10
23	39
16	17
9	12
37	13
19	18
37	21
22	27
8	28
10	34
37	38
39	40
16	11
15	25
# tree 280
1	20
20	3
1	2
3	8
2	7
8	37
2	5
3	15
2	31
7	35
37	23
5	16
15	9
2	19
31	22
35	10
23	39
16	17
9	12
37	13
19	18
37	21
22	27
8	28
10	34
37	38
39	40
16	11
9	25
# tree 281
1	20
20	3
1	2
3	8
2	7
8	37
2	5
3	15
2	31
7	35
37	23
5	16
15	9
2	19
31	22
23	39
35	10
16	17
9	12
37	13
19	18
37	21
8	25
22	27
8	28
37	38
39	40
16	11
1	34
# tree 282
1	20
20	3
1	2
3	8
2	7
8	37
2	5
3	15
2	31
7	35
37	23
5	16
15	9
2	19
31	22
23	39
35	10
16	17
9	12
37	13
19	18
37	21
8	25
22	27
8	28
37	38
39	40
16	11
2	34
# tree 283
1	20
20	3
1	2
3	8
2	7
8	37
2	5
3	15
2	31
7	35
37	23
5	16
15	9
2	19
31	22
23	39
35	10
16	17
9	12
37	13
19	18
37	21
8	25
22	27
8	28
37	38
39	40
16	11
35	34
# tree 284
1	20
20	3
1	2
3	8
2	7
8	37
2	5
3	15
2	31
7	35
37	23
5	16
15	9
2	19
31	22
23	39
35	10
16	17
9	12
37	13
19	18
37	21
8	25
22	27
8	28
37	38
39	40
16	11
7	34
# tree 285
1	20
20	3
1	2
3	8
2	7
8	37
2	5
3	15
2	31
7	35
5	16
15	9
2	19
31	22
35	10
37	39
37	23
16	17
9	12
37	13
19	18
37	21
8	25
22	27
8	28
10	34
37	38
39	40
16	11
# tree 286
1	20
20	3
1	2
3	8
2	7
8	37
2	5
3	15
2	31
7	35
37	23
5	16
15	9
2	19
31	22
35	10
23	39
16	17
9	12
37	13
19	18
37	21
8	25
22	27
8	28
10	34
37	38
16	11
23	40
# tree 287
1	20
20	3
1	2
3	8
2	7
8	37
2	5
3	15
7	35
37	23
5	16
15	9
2	19
2	22
35	10
23	39
2	31
16	17
9	12
37	13
19	18
8	21
22	27
8	28
10	34
37	38
39	40
16	11
3	25
# tree 288
1	20
20	3
1	2
3	8
2	7
8	37
2	5
3	15
7	35
37	23
5	16
15	9
2	19
2	22
35	10
23	39
2	31
16	17
9	12
37	13
19	18
8	21
22	27
8	28
10	34
37	38
39	40
16	11
15	25
# tree 289
1	20
20	3
1	2
3	8
2	7
8	37
2	5
3	15
7	35
37	23
5	16
15	9
2	19
2	22
35	10
23	39
2	31
16	17
9	12
37	13
19	18
8	21
22	27
8	28
10	34
37	38
39	40
16	11
9	25
# tree 290
1	20
20	3
1	2
3	8
2	7
8	37
2	5
3	15
7	35
37	23
5	16
15	9
2	19
2	22
23	39
35	10
2	31
16	17
9	12
37	13
19	18
8	21
8	25
22	27
8	28
37	38
39	40
16	11
1	34
# tree 291
1	20
20	3
1	2
3	8
2	7
8	37
2	5
3	15
7	35
37	23
5	16
15	9
2	19
2	22
23	39
35	10
2	31
16	17
9	12
37	13
19	18
8	21
8	25
22	27
8	28
37	38
39	40
16	11
2	34
# tree 292
1	20
20	3
1	2
3	8
2	7
8	37
2	5
3	15
7	35
37	23
5	16
15	9
2	19
2	22
23	39
35	10
2	31
16	17
9	12
37	13
19	18
8	21
8	25
22	27
8	28
37	38
39	40
16	11
35	34
# tree 293
1	20
20	3
1	2
3	8
2	7
8	37
2	5
3	15
7	35
37	23
5	16
15	9
2	19
2	22
23	39
35	10
2	31
16	17
9	12
37	13
19	18
8	21
8	25
22	27
8	28
37	38
39	40
16	11
7	34
# tree 294
1	20
20	3
1	2
3	8
2	7
8	37
2	5
3	15
7	35
5	16
15	9
2	19
2	22
35	10
37	39
37	23
2	31
16	17
9	12
37	13
19	18
8	21
8	25
22	27
8	28
10	34
37	38
39	40
16	11
# tree 295
1	20
20	3
1	2
3	8
2	7
8	37
2	5
3	15
7	35
37	23
5	16
15	9
2	19
2	22
35	10
23	39
2	31
16	17
9	12
37	13
19	18
8	21
8	25
22	27
8	28
10	34
37	38
16	11
23	40
# tree 296
1	20
20	3
1	2
3	8
2	7
8	37
2	5
3	15
2	31
7	35
5	16
15	9
2	19
31	22
37	39
37	23
35	10
16	17
9	12
37	13
19	18
8	21
8	25
22	27
8	28
37	38
39	40
16	11
7	34
# tree 297
1	20
20	3
1	2
3	8
2	7
8	37
2	5
3	15
2	31
37	23
7	35
5	16
15	9
2	19
31	22
23	39
35	10
16	17
9	12
37	13
19	18
8	21
8	25
22	27
8	28
37	38
16	11
7	34
23	40
# tree 298
1	20
20	3
1	2
3	8
2	7
2	5
3	15
2	31
7	35
8	37
5	16
15	9
2	19
31	22
35	10
37	23
37	39
16	17
9	12
37	13
19	18
8	21
8	25
22	27
8	28
10	34
37	38
16	11
23	40
# tree 299
1	20
20	3
1	2
3	8
2	7
8	37
2	5
3	15
7	35
37	23
5	16
15	9
2	19
2	22
35	10
23	39
2	31
16	17
9	12
8	13
19	18
37	21
22	27
8	28
10	34
37	38
39	40
16	11
3	25
# tree 300
1	20
20	3
1	2
3	8
2	7
8	37
2	5
3	15
7	35
37	23
5	16
15	9
2	19
2	22
35	10
23	39
2	31
16	17
9	12
8	13
19	18
37	21
22	27
8	28
10	34
37	38
39	40
16	11
15	25
# tree 301
1	20
20	3
1	2
3	8
2	7
8	37
2	5
3	15
7	35
37	23
5	16
15	9
2	19
2	22
35	10
23	39
2	31
16	17
9	12
8	13
19	18
37	21
22	27
8	28
10	34
37	38
39	40
16	11
9	25
# tree 302
1	20
20	3
1	2
3	8
2	7
8	37
2	5
3	15
7	35
37	23
5	16
15	9
2	19
2	22
23	39
35	10
2	31
16	17
9	12
8	13
19	18
37	21
8	25
22	27
8	28
37	38
39	40
16	11
1	34
# tree 303
1	20
20	3
1	2
3	8
2	7
8	37
2	5
3	15
7	35
37	23
5	16
15	9
2	19
2	22
23	39
35	10
2	31
16	17
9	12
8	13
19	18
37	21
8	25
22	27
8	28
37	38
39	40
16	11
2	34
# tree 304
1	20
20	3
1	2
3	8
2	7
8	37
2	5
3	15
7	35
37	23
5	16
15	9
2	19
2	22
23	39
35	10
2	31
16	17
9	12
8	13
19	18
37	21
8	25
22	27
8	28
37	38
39	40
16	11
35	34
# tree 305
1	20
20	3
1	2
3	8
2	7
8	37
2	5
3	15
7	35
37	23
5	16
15	9
2	19
2	22
23	39
35	10
2	31
16	17
9	12
8	13
19	18
37	21
8	25
22	27
8	28
37	38
39	40
16	11
7	34
# tree 306
1	20
20	3
1	2
3	8
2	7
8	37
2	5
3	15
7	35
5	16
15	9
2	19
2	22
35	10
37	39
37	23
2	31
16	17
9	12
8	13
19	18
37	21
8	25
22	27
8	28
10	34
37	38
39	40
16	11
# tree 307
1	20
20	3
1	2
3	8
2	7
8	37
2	5
3	15
7	35
37	23
5	16
15	9
2	19
2	22
35	10
23	39
2	31
16	17
9	12
8	13
19	18
37	21
8	25
22	27
8	28
10	34
37	38
16	11
23	40
# tree 308
1	20
20	3
1	2
3	8
2	7
8	37
2	5
3	15
2	31
7	35
5	16
15	9
2	19
31	22
37	39
37	23
35	10
16	17
9	12
8	13
19	18
37	21
8	25
22	27
8	28
37	38
39	40
16	11
7	34
# tree 309
1	20
20	3
1	2
3	8
2	7
8	37
2	5
3	15
2	31
37	23
7	35
5	16
15	9
2	19
31	22
23	39
35	10
16	17
9	12
8	13
19	18
37	21
8	25
22	27
8	28
37	38
16	11
7	34
23	40
# tree 310
1	20
20	3
1	2
3	8
2	7
2	5
3	15
2	31
7	35
8	37
5	16
15	9
2	19
31	22
35	10
37	23
37	39
16	17
9	12
8	13
19	18
37	21
8	25
22	27
8	28
10	34
37	38
16	11
23	40
# tree 311
1	20
20	3
1	2
3	8
2	7
8	37
2	5
3	15
7	35
5	16
15	9
2	19
2	22
37	39
37	23
35	10
2	31
16	17
9	12
8	13
19	18
8	21
8	25
22	27
8	28
37	38
39	40
16	11
7	34
# tree 312
1	20
20	3
1	2
3	8
2	7
8	37
2	5
3	15
37	23
7	35
5	16
15	9
2	19
2	22
23	39
35	10
2	31
16	17
9	12
8	13
19	18
8	21
8	25
22	27
8	28
37	38
16	11
7	34
23	40
# tree 313
1	20
20	3
1	2
3	8
2	7
2	5
3	15
7	35
8	37
5	16
15	9
2	19
2	22
35	10
37	23
37	39
2	31
16	17
9	12
8	13
19	18
8	21
8	25
22	27
8	28
10	34
37	38
16	11
23	40
# tree 314
1	20
20	3
1	2
3	8
2	7
2	5
3	15
2	31
8	37
7	35
5	16
15	9
2	19
31	22
37	23
37	39
35	10
16	17
9	12
8	13
19	18
8	21
8	25
22	27
8	28
37	38
16	11
7	34
23	40
# tree 315
1	20
20	3
1	2
3	8
2	5
2	7
8	37
5	16
3	15
7	35
37	23
16	17
15	9
2	19
2	22
35	10
23	39
2	31
17	11
9	12
37	13
19	18
37	21
8	25
22	27
8	28
10	34
37	38
39	40
# tree 316
1	20
20	3
1	2
3	8
2	5
2	7
8	37
5	16
3	15
2	31
7	35
37	23
16	17
15	9
2	19
31	22
35	10
23	39
17	11
9	12
37	13
19	18
37	21
22	27
8	28
10	34
37	38
39	40
3	25
# tree 317
1	20
20	3
1	2
3	8
2	5
2	7
8	37
5	16
3	15
2	31
7	35
37	23
16	17
15	9
2	19
31	22
35	10
23	39
17	11
9	12
37	13
19	18
37	21
22	27
8	28
10	34
37	38
39	40
15	25
# tree 318
1	20
20	3
1	2
3	8
2	5
2	7
8	37
5	16
3	15
2	31
7	35
37	23
16	17
15	9
2	19
31	22
35	10
23	39
17	11
9	12
37	13
19	18
37	21
22	27
8	28
10	34
37	38
39	40
9	25
# tree 319
1	20
20	3
1	2
3	8
2	5
2	7
8	37
5	16
3	15
2	31
7	35
37	23
16	17
15	9
2	19
31	22
23	39
35	10
17	11
9	12
37	13
19	18
37	21
8	25
22	27
8	28
37	38
39	40
1	34
# tree 320
1	20
20	3
1	2
3	8
2	5
2	7
8	37
5	16
3	15
2	31
7	35
37	23
16	17
15	9
2	19
31	22
23	39
35	10
17	11
9	12
37	13
19	18
37	21
8	25
22	27
8	28
37	38
39	40
2	34
# tree 321
1	20
20	3
1	2
3	8
2	5
2	7
8	37
5	16
3	15
2	31
7	35
37	23
16	17
15	9
2	19
31	22
23	39
35	10
17	11
9	12
37	13
19	18
37	21
8	25
22	27
8	28
37	38
39	40
35	34
# tree 322
1	20
20	3
1	2
3	8
2	5
2	7
8	37
5	16
3	15
2	31
7	35
37	23
16	17
15	9
2	19
31	22
23	39
35	10
17	11
9	12
37	13
19	18
37	21
8	25
22	27
8	28
37	38
39	40
7	34
# tree 323
1	20
20	3
1	2
3	8
2	5
2	7
8	37
5	16
3	15
2	31
7	35
16	17
15	9
2	19
31	22
35	10
37	39
37	23
17	11
9	12
37	13
19	18
37	21
8	25
22	27
8	28
10	34
37	38
39	40
# tree 324
1	20
20	3
1	2
3	8
2	5
2	7
8	37
5	16
3	15
2	31
7	35
37	23
16	17
15	9
2	19
31	22
35	10
23	39
17	11
9	12
37	13
19	18
37	21
8	25
22	27
8	28
10	34
37	38
23	40
# tree 325
1	20
20	3
1	2
3	8
2	5
2	7
8	37
5	16
3	15
7	35
37	23
16	17
15	9
2	19
2	22
35	10
23	39
2	31
17	11
9	12
37	13
19	18
8	21
22	27
8	28
10	34
37	38
39	40
3	25
# tree 326
1	20
20	3
1	2
3	8
2	5
2	7
8	37
5	16
3	15
7	35
37	23
16	17
15	9
2	19
2	22
35	10
23	39
2	31
17	11
9	12
37	13
19	18
8	21
22	27
8	28
10	34
37	38
39	40
15	25
# tree 327
1	20
20	3
1	2
3	8
2	5
2	7
8	37
5	16
3	15
7	35
37	23
16	17
15	9
2	19
2	22
35	10
23	39
2	31
17	11
9	12
37	13
19	18
8	21
22	27
8	28
10	34
37	38
39	40
9	25
# tree 328
1	20
20	3
1	2
3	8
2	5
2	7
8	37
5	16
3	15
7	35
37	23
16	17
15	9
2	19
2	22
23	39
35	10
2	31
17	11
9	12
37	13
19	18
8	21
8	25
22	27
8	28
37	38
39	40
1	34
# tree 329
1	20
20	3
1	2
3	8
2	5
2	7
8	37
5	16
3	15
7	35
37	23
16	17
15	9
2	19
2	22
23	39
35	10
2	31
17	11
9	12
37	13
19	18
8	21
8	25
22	27
8	28
37	38
39	40
2	34
# tree 330
1	20
20	3
1	2
3	8
2	5
2	7
8	37
5	16
3	15
7	35
37	23
16	17
15	9
2	19
2	22
23	39
35	10
2	31
17	11
9	12
37	13
19	18
8	21
8	25
22	27
8	28
37	38
39	40
35	34
# tree 331
1	20
20	3
1	2
3	8
2	5
2	7
8	37
5	16
3	15
7	35
37	23
16	17
15	9
2	19
2	22
23	39
35	10
2	31
17	11
9	12
37	13
19	18
8	21
8	25
22	27
8	28
37	38
39	40
7	34
# tree 332
1	20
20	3
1	2
3	8
2	5
2	7
8	37
5	16
3	15
7	35
16	17
15	9
2	19
2	22
35	10
37	39
37	23
2	31
17	11
9	12
37	13
19	18
8	21
8	25
22	27
8	28
10	34
37	38
39	40
# tree 333
1	20
20	3
1	2
3	8
2	5
2	7
8	37
5	16
3	15
7	35
37	23
16	17
15	9
2	19
2	22
35	10
23	39
2	31
17	11
9	12
37	13
19	18
8	21
8	25
22	27
8	28
10	34
37	38
23	40
# tree 334
1	20
20	3
1	2
3	8
2	5
2	7
8	37
5	16
3	15
2	31
7	35
16	17
15	9
2	19
31	22
37	39
37	23
35	10
17	11
9	12
37	13
19	18
8	21
8	25
22	27
8	28
37	38
39	40
7	34
# tree 335
1	20
20	3
1	2
3	8
2	5
2	7
8	37
5	16
3	15
2	31
37	23
7	35
16	17
15	9
2	19
31	22
23	39
35	10
17	11
9	12
37	13
19	18
8	21
8	25
22	27
8	28
37	38
7	34
23	40
# tree 336
1	20
20	3
1	2
3	8
2	5
2	7
5	16
3	15
2	31
7	35
8	37
16	17
15	9
2	19
31	22
35	10
37	23
37	39
17	11
9	12
37	13
19	18
8	21
8	25
22	27
8	28
10	34
37	38
23	40
# tree 337
1	20
20	3
1	2
3	8
2	5
2	7
8	37
5	16
3	15
7	35
37	23
16	17
15	9
2	19
2	22
35	10
23	39
2	31
17	11
9	12
8	13
19	18
37	21
22	27
8	28
10	34
37	38
39	40
3	25
# tree 338
1	20
20	3
1	2
3	8
2	5
2	7
8	37
5	16
3	15
7	35
37	23
16	17
15	9
2	19
2	22
35	10
23	39
2	31
17	11
9	12
8	13
19	18
37	21
22	27
8	28
10	34
37	38
39	40
15	25
# tree 339
1	20
20	3
1	2
3	8
2	5
2	7
8	37
5	16
3	15
7	35
37	23
16	17
15	9
2	19
2	22
35	10
23	39
2	31
17	11
9	12
8	13
19	18
37	21
22	27
8	28
10	34
37	38
39	40
9	25
# tree 340
1	20
20	3
1	2
3	8
2	5
2	7
8	37
5	16
3	15
7	35
37	23
16	17
15	9
2	19
2	22
23	39
35	10
2	31
17	11
9	12
8	13
19	18
37	21
8	25
22	27
8	28
37	38
39	40
1	34
# tree 341
1	20
20	3
1	2
3	8
2	5
2	7
8	37
5	16
3	15
7	35
37	23
16	17
15	9
2	19
2	22
23	39
35	10
2	31
17	11
9	12
8	13
19	18
37	21
8	25
22	27
8	28
37	38
39	40
2	34
# tree 342
1	20
20	3
1	2
3	8
2	5
2	7
8	37
5	16
3	15
7	35
37	23
16	17
15	9
2	19
2	22
23	39
35	10
2	31
17	11
9	12
8	13
19	18
37	21
8	25
22	27
8	28
37	38
39	40
35	34
# tree 343
1	20
20	3
1	2
3	8
2	5
2	7
8	37
5	16
3	15
7	35
37	23
16	17
15	9
2	19
2	22
23	39
35	10
2	31
17	11
9	12
8	13
19	18
37	21
8	25
22	27
8	28
37	38
39	40
7	34
# tree 344
1	20
20	3
1	2
3	8
2	5
2	7
8	37
5	16
3	15
7	35
16	17
15	9
2	19
2	22
35	10
37	39
37	23
2	31
17	11
9	12
8	13
19	18
37	21
8	25
22	27
8	28
10	34
37	38
39	40
# tree 345
1	20
20	3
1	2
3	8
2	5
2	7
8	37
5	16
3	15
7	35
37	23
16	17
15	9
2	19
2	22
35	10
23	39
2	31
17	11
9	12
8	13
19	18
37	21
8	25
22	27
8	28
10	34
37	38
23	40
# tree 346
1	20
20	3
1	2
3	8
2	5
2	7
8	37
5	16
3	15
2	31
7	35
16	17
15	9
2	19
31	22
37	39
37	23
35	10
17	11
9	12
8	13
19	18
37	21
8	25
22	27
8	28
37	38
39	40
7	34
# tree 347
1	20
20	3
1	2
3	8
2	5
2	7
8	37
5	16
3	15
2	31
37	23
7	35
16	17
15	9
2	19
31	22
23	39
35	10
17	11
9	12
8	13
19	18
37	21
8	25
22	27
8	28
37	38
7	34
23	40
# tree 348
1	20
20	3
1	2
3	8
2	5
2	7
5	16
3	15
2	31
7	35
8	37
16	17
15	9
2	19
31	22
35	10
37	23
37	39
17	11
9	12
8	13
19	18
37	21
8	25
22	27
8	28
10	34
37	38
23	40
# tree 349
1	20
20	3
1	2
3	8
2	5
2	7
5	16
3	15
2	31
8	37
7	35
16	17
15	9
2	19
31	22
37	23
37	39
35	10
17	11
9	12
8	13
19	18
8	21
8	25
22	27
8	28
37	38
7	34
23	40
# tree 350
1	20
20	3
1	2
3	8
2	5
2	7
8	37
5	16
3	15
7	35
37	23
16	17
15	9
2	19
2	22
35	10
23	39
37	21
2	31
37	38
17	11
9	12
19	18
22	27
8	28
10	34
39	40
21	13
3	25
# tree 351
1	20
20	3
1	2
3	8
2	5
2	7
8	37
5	16
3	15
7	35
37	23
16	17
15	9
2	19
2	22
35	10
23	39
37	21
2	31
37	38
17	11
9	12
19	18
22	27
8	28
10	34
39	40
21	13
15	25
# tree 352
1	20
20	3
1	2
3	8
2	5
2	7
8	37
5	16
3	15
7	35
37	23
16	17
15	9
2	19
2	22
35	10
23	39
37	21
2	31
37	38
17	11
9	12
19	18
22	27
8	28
10	34
39	40
21	13
9	25
# tree 353
1	20
20	3
1	2
3	8
2	5
2	7
8	37
5	16
3	15
7	35
37	23
16	17
15	9
2	19
2	22
23	39
37	21
35	10
2	31
37	38
17	11
9	12
19	18
8	25
22	27
8	28
39	40
21	13
1	34
# tree 354
1	20
20	3
1	2
3	8
2	5
2	7
8	37
5	16
3	15
7	35
37	23
16	17
15	9
2	19
2	22
23	39
37	21
35	10
2	31
37	38
17	11
9	12
19	18
8	25
22	27
8	28
39	40
21	13
2	34
# tree 355
1	20
20	3
1	2
3	8
2	5
2	7
8	37
5	16
3	15
7	35
37	23
16	17
15	9
2	19
2	22
23	39
37	21
35	10
2	31
37	38
17	11
9	12
19	18
8	25
22	27
8	28
39	40
21	13
35	34
# tree 356
1	20
20	3
1	2
3	8
2	5
2	7
8	37
5	16
3	15
7	35
37	23
16	17
15	9
2	19
2	22
23	39
37	21
35	10
2	31
37	38
17	11
9	12
19	18
8	25
22	27
8	28
39	40
21	13
7	34
# tree 357
1	20
20	3
1	2
3	8
2	5
2	7
8	37
5	16
3	15
7	35
16	17
15	9
2	19
2	22
35	10
37	39
37	21
37	23
2	31
37	38
17	11
9	12
19	18
8	25
22	27
8	28
10	34
39	40
21	13
# tree 358
1	20
20	3
1	2
3	8
2	5
2	7
8	37
5	16
3	15
7	35
37	23
16	17
15	9
2	19
2	22
35	10
37	21
23	39
2	31
37	38
17	11
9	12
19	18
8	25
22	27
8	28
10	34
21	13
23	40
# tree 359
1	20
20	3
1	2
3	8
2	5
2	7
8	37
5	16
3	15
2	31
7	35
16	17
15	9
2	19
31	22
37	39
37	21
37	23
35	10
37	38
17	11
9	12
19	18
8	25
22	27
8	28
39	40
21	13
7	34
# tree 360
1	20
20	3
1	2
3	8
2	5
2	7
8	37
5	16
3	15
2	31
37	23
7	35
16	17
15	9
2	19
31	22
37	21
23	39
35	10
37	38
17	11
9	12
19	18
8	25
22	27
8	28
21	13
7	34
23	40
# tree 361
1	20
20	3
1	2
3	8
2	5
2	7
5	16
3	15
2	31
7	35
8	37
16	17
15	9
2	19
31	22
35	10
37	21
37	23
37	39
37	38
17	11
9	12
19	18
8	25
22	27
8	28
10	34
21	13
23	40
# tree 362
1	20
20	3
1	2
3	8
2	5
2	7
8	37
5	16
3	15
7	35
16	17
15	9
2	19
2	22
37	39
8	21
37	23
35	10
2	31
37	38
17	11
9	12
19	18
8	25
22	27
8	28
39	40
21	13
7	34
# tree 363
1	20
20	3
1	2
3	8
2	5
2	7
8	37
5	16
3	15
37	23
7	35
16	17
15	9
2	19
2	22
8	21
23	39
35	10
2	31
37	38
17	11
9	12
19	18
8	25
22	27
8	28
21	13
7	34
23	40
# tree 364
1	20
20	3
1	2
3	8
2	5
2	7
5	16
3	15
7	35
8	37
16	17
15	9
2	19
2	22
35	10
8	21
37	23
37	39
2	31
37	38
17	11
9	12
19	18
8	25
22	27
8	28
10	34
21	13
23	40
# tree 365
1	20
20	3
1	2
3	8
2	5
2	7
5	16
3	15
2	31
8	37
7	35
16	17
15	9
2	19
31	22
8	21
37	23
37	39
35	10
37	38
17	11
9	12
19	18
8	25
22	27
8	28
21	13
7	34
23	40
# tree 366
1	20
20	3
1	2
3	8
2	5
2	7
5	16
3	15
8	37
7	35
16	17
15	9
2	19
2	22
37	23
37	39
35	10
2	31
17	11
9	12
8	13
19	18
8	21
8	25
22	27
8	28
37	38
7	34
23	40
# tree 367
1	20
20	3
1	2
3	8
2	5
2	7
5	16
3	15
2	31
8	37
7	35
16	17
15	9
2	19
31	22
37	23
37	39
35	10
17	11
9	12
8	13
19	18
8	21
22	27
8	28
37	38
3	25
7	34
23	40
# tree 368
1	20
20	3
3	8
1	2
8	37
2	5
3	15
2	7
37	23
5	16
15	9
2	19
2	22
7	10
23	39
2	31
16	17
7	35
9	12
37	13
19	18
37	21
8	25
22	27
8	28
10	34
37	38
39	40
16	11
# tree 369
1	20
20	3
3	8
1	2
8	37
2	5
3	15
2	31
2	7
37	23
5	16
15	9
2	19
31	22
7	10
23	39
16	17
7	35
9	12
37	13
19	18
37	21
22	27
8	28
10	34
37	38
39	40
16	11
3	25
# tree 370
1	20
20	3
3	8
1	2
8	37
2	5
3	15
2	31
2	7
37	23
5	16
15	9
2	19
31	22
7	10
23	39
16	17
7	35
9	12
37	13
19	18
37	21
22	27
8	28
10	34
37	38
39	40
16	11
15	25
# tree 371
1	20
20	3
3	8
1	2
8	37
2	5
3	15
2	31
2	7
37	23
5	16
15	9
2	19
31	22
7	10
23	39
16	17
7	35
9	12
37	13
19	18
37	21
22	27
8	28
10	34
37	38
39	40
16	11
9	25
# tree 372
1	20
20	3
3	8
1	2
8	37
2	5
3	15
2	31
2	7
37	23
5	16
15	9
2	19
31	22
23	39
7	10
16	17
7	35
9	12
37	13
19	18
37	21
8	25
22	27
8	28
37	38
39	40
16	11
1	34
# tree 373
1	20
20	3
3	8
1	2
8	37
2	5
3	15
2	31
2	7
37	23
5	16
15	9
2	19
31	22
23	39
7	10
16	17
7	35
9	12
37	13
19	18
37	21
8	25
22	27
8	28
37	38
39	40
16	11
2	34
# tree 374
1	20
20	3
3	8
1	2
8	37
2	5
3	15
2	31
2	7
37	23
5	16
15	9
2	19
31	22
23	39
7	35
7	10
16	17
9	12
37	13
19	18
37	21
8	25
22	27
8	28
37	38
39	40
16	11
35	34
# tree 375
1	20
20	3
3	8
1	2
8	37
2	5
3	15
2	31
2	7
37	23
5	16
15	9
2	19
31	22
23	39
7	10
16	17
7	35
9	12
37	13
19	18
37	21
8	25
22	27
8	28
37	38
39	40
16	11
7	34
# tree 376
1	20
20	3
3	8
1	2
8	37
2	5
3	15
2	31
2	7
5	16
15	9
2	19
31	22
7	10
37	39
37	23
16	17
7	35
9	12
37	13
19	18
37	21
8	25
22	27
8	28
10	34
37	38
39	40
16	11
# tree 377
1	20
20	3
3	8
1	2
8	37
2	5
3	15
2	31
2	7
37	23
5	16
15	9
2	19
31	22
7	10
23	39
16	17
7	35
9	12
37	13
19	18
37	21
8	25
22	27
8	28
10	34
37	38
16	11
23	40
# tree 378
1	20
20	3
3	8
1	2
8	37
2	5
3	15
2	7
37	23
5	16
15	9
2	19
2	22
7	10
23	39
2	31
16	17
7	35
9	12
37	13
19	18
8	21
22	27
8	28
10	34
37	38
39	40
16	11
3	25
# tree 379
1	20
20	3
3	8
1	2
8	37
2	5
3	15
2	7
37	23
5	16
15	9
2	19
2	22
7	10
23	39
2	31
16	17
7	35
9	12
37	13
19	18
8	21
22	27
8	28
10	34
37	38
39	40
16	11
15	25
# tree 380
1	20
20	3
3	8
1	2
8	37
2	5
3	15
2	7
37	23
5	16
15	9
2	19
2	22
7	10
23	39
2	31
16	17
7	35
9	12
37	13
19	18
8	21
22	27
8	28
10	34
37	38
39	40
16	11
9	25
# tree 381
1	20
20	3
3	8
1	2
8	37
2	5
3	15
2	7
37	23
5	16
15	9
2	19
2	22
23	39
7	10
2	31
16	17
7	35
9	12
37	13
19	18
8	21
8	25
22	27
8	28
37	38
39	40
16	11
1	34
# tree 382
1	20
20	3
3	8
1	2
8	37
2	5
3	15
2	7
37	23
5	16
15	9
2	19
2	22
23	39
7	10
2	31
16	17
7	35
9	12
37	13
19	18
8	21
8	25
22	27
8	28
37	38
39	40
16	11
2	34
# tree 383
1	20
20	3
3	8
1	2
8	37
2	5
3	15
2	7
37	23
5	16
15	9
2	19
2	22
23	39
7	35
7	10
2	31
16	17
9	12
37	13
19	18
8	21
8	25
22	27
8	28
37	38
39	40
16	11
35	34
# tree 384
1	20
20	3
3	8
1	2
8	37
2	5
3	15
2	7
37	23
5	16
15	9
2	19
2	22
23	39
7	10
2	31
16	17
7	35
9	12
37	13
19	18
8	21
8	25
22	27
8	28
37	38
39	40
16	11
7	34
# tree 385
1	20
20	3
3	8
1	2
8	37
2	5
3	15
2	7
5	16
15	9
2	19
2	22
7	10
37	39
37	23
2	31
16	17
7	35
9	12
37	13
19	18
8	21
8	25
22	27
8	28
10	34
37	38
39	40
16	11
# tree 386
1	20
20	3
3	8
1	2
8	37
2	5
3	15
2	7
37	23
5	16
15	9
2	19
2	22
7	10
23	39
2	31
16	17
7	35
9	12
37	13
19	18
8	21
8	25
22	27
8	28
10	34
37	38
16	11
23	40
# tree 387
1	20
20	3
3	8
1	2
8	37
2	5
3	15
2	31
2	7
5	16
15	9
2	19
31	22
37	39
37	23
7	10
16	17
7	35
9	12
37	13
19	18
8	21
8	25
22	27
8	28
37	38
39	40
16	11
7	34
# tree 388
1	20
20	3
3	8
1	2
8	37
2	5
3	15
2	31
37	23
2	7
5	16
15	9
2	19
31	22
23	39
7	10
16	17
7	35
9	12
37	13
19	18
8	21
8	25
22	27
8	28
37	38
16	11
7	34
23	40
# tree 389
1	20
20	3
3	8
1	2
2	5
3	15
2	31
2	7
8	37
5	16
15	9
2	19
31	22
7	10
37	23
37	39
16	17
7	35
9	12
37	13
19	18
8	21
8	25
22	27
8	28
10	34
37	38
16	11
23	40
# tree 390
1	20
20	3
3	8
1	2
8	37
2	5
3	15
2	7
37	23
5	16
15	9
2	19
2	22
7	10
23	39
2	31
16	17
7	35
9	12
8	13
19	18
37	21
22	27
8	28
10	34
37	38
39	40
16	11
3	25
# tree 391
1	20
20	3
3	8
1	2
8	37
2	5
3	15
2	7
37	23
5	16
15	9
2	19
2	22
7	10
23	39
2	31
16	17
7	35
9	12
8	13
19	18
37	21
22	27
8	28
10	34
37	38
39	40
16	11
15	25
# tree 392
1	20
20	3
3	8
1	2
8	37
2	5
3	15
2	7
37	23
5	16
15	9
2	19
2	22
7	10
23	39
2	31
16	17
7	35
9	12
8	13
19	18
37	21
22	27
8	28
10	34
37	38
39	40
16	11
9	25
# tree 393
1	20
20	3
3	8
1	2
8	37
2	5
3	15
2	7
37	23
5	16
15	9
2	19
2	22
23	39
7	10
2	31
16	17
7	35
9	12
8	13
19	18
37	21
8	25
22	27
8	28
37	38
39	40
16	11
1	34
# tree 394
1	20
20	3
3	8
1	2
8	37
2	5
3	15
2	7
37	23
5	16
15	9
2	19
2	22
23	39
7	10
2	31
16	17
7	35
9	12
8	13
19	18
37	21
8	25
22	27
8	28
37	38
39	40
16	11
2	34
# tree 395
1	20
20	3
3	8
1	2
8	37
2	5
3	15
2	7
37	23
5	16
15	9
2	19
2	22
23	39
7	35
7	10
2	31
16	17
9	12
8	13
19	18
37	21
8	25
22	27
8	28
37	38
39	40
16	11
35	34
# tree 396
1	20
20	3
3	8
1	2
8	37
2	5
3	15
2	7
37	23
5	16
15	9
2	19
2	22
23	39
7	10
2	31
16	17
7	35
9	12
8	13
19	18
37	21
8	25
22	27
8	28
37	38
39	40
16	11
7	34
# tree 397
1	20
20	3
3	8
1	2
8	37
2	5
3	15
2	7
5	16
15	9
2	19
2	22
7	10
37	39
37	23
2	31
16	17
7	35
9	12
8	13
19	18
37	21
8	25
22	27
8	28
10	34
37	38
39	40
16	11
# tree 398
1	20
20	3
3	8
1	2
8	37
2	5
3	15
2	7
37	23
5	16
15	9
2	19
2	22
7	10
23	39
2	31
16	17
7	35
9	12
8	13
19	18
37	21
8	25
22	27
8	28
10	34
37	38
16	11
23	40
# tree 399
1	20
20	3
3	8
1	2
8	37
2	5
3	15
2	31
2	7
5	16
15	9
2	19
31	22
37	39
37	23
7	10
16	17
7	35
9	12
8	13
19	18
37	21
8	25
22	27
8	28
37	38
39	40
16	11
7	34
# tree 400
1	20
20	3
3	8
1	2
8	37
2	5
3	15
2	31
37	23
2	7
5	16
15	9
2	19
31	22
23	39
7	10
16	17
7	35
9	12
8	13
19	18
37	21
8	25
22	27
8	28
37	38
16	11
7	34
23	40
# tree 401
1	20
20	3
3	8
1	2
2	5
3	15
2	31
2	7
8	37
5	16
15	9
2	19
31	22
7	10
37	23
37	39
16	17
7	35
9	12
8	13
19	18
37	21
8	25
22	27
8	28
10	34
37	38
16	11
23	40
# tree 402
1	20
20	3
3	8
1	2
8	37
2	5
3	15
2	7
5	16
15	9
2	19
2	22
37	39
37	23
7	10
2	31
16	17
7	35
9	12
8	13
19	18
8	21
8	25
22	27
8	28
37	38
39	40
16	11
7	34
# tree 403
1	20
20	3
3	8
1	2
8	37
2	5
3	15
37	23
2	7
5	16
15	9
2	19
2	22
23	39
7	10
2	31
16	17
7	35
9	12
8	13
19	18
8	21
8	25
22	27
8	28
37	38
16	11
7	34
23	40
# tree 404
1	20
20	3
3	8
1	2
2	5
3	15
2	7
8	37
5	16
15	9
2	19
2	22
7	10
37	23
37	39
2	31
16	17
7	35
9	12
8	13
19	18
8	21
8	25
22	27
8	28
10	34
37	38
16	11
23	40
# tree 405
1	20
20	3
3	8
1	2
2	5
3	15
2	31
8	37
2	7
5	16
15	9
2	19
31	22
37	23
37	39
7	10
16	17
7	35
9	12
8	13
19	18
8	21
8	25
22	27
8	28
37	38
16	11
7	34
23	40
# tree 406
1	20
20	3
1	2
3	8
2	5
8	37
5	16
3	15
2	7
37	23
16	17
15	9
2	19
2	22
7	10
23	39
2	31
7	35
17	11
9	12
37	13
19	18
37	21
22	27
8	28
10	34
37	38
39	40
3	25
# tree 407
1	20
20	3
1	2
3	8
2	5
8	37
5	16
3	15
2	7
37	23
16	17
15	9
2	19
2	22
7	10
23	39
2	31
7	35
17	11
9	12
37	13
19	18
37	21
22	27
8	28
10	34
37	38
39	40
15	25
# tree 408
1	20
20	3
1	2
3	8
2	5
8	37
5	16
3	15
2	7
37	23
16	17
15	9
2	19
2	22
7	10
23	39
2	31
7	35
17	11
9	12
37	13
19	18
37	21
22	27
8	28
10	34
37	38
39	40
9	25
# tree 409
1	20
20	3
1	2
3	8
2	5
8	37
5	16
3	15
2	7
37	23
16	17
15	9
2	19
2	22
23	39
7	10
2	31
7	35
17	11
9	12
37	13
19	18
37	21
8	25
22	27
8	28
37	38
39	40
1	34
# tree 410
1	20
20	3
1	2
3	8
2	5
8	37
5	16
3	15
2	7
37	23
16	17
15	9
2	19
2	22
23	39
7	10
2	31
7	35
17	11
9	12
37	13
19	18
37	21
8	25
22	27
8	28
37	38
39	40
2	34
# tree 411
1	20
20	3
1	2
3	8
2	5
8	37
5	16
3	15
2	7
37	23
16	17
15	9
2	19
2	22
23	39
7	35
7	10
2	31
17	11
9	12
37	13
19	18
37	21
8	25
22	27
8	28
37	38
39	40
35	34
# tree 412
1	20
20	3
1	2
3	8
2	5
8	37
5	16
3	15
2	7
37	23
16	17
15	9
2	19
2	22
23	39
7	10
2	31
7	35
17	11
9	12
37	13
19	18
37	21
8	25
22	27
8	28
37	38
39	40
7	34
# tree 413
1	20
20	3
1	2
3	8
2	5
8	37
5	16
3	15
2	7
16	17
15	9
2	19
2	22
7	10
37	39
37	23
2	31
7	35
17	11
9	12
37	13
19	18
37	21
8	25
22	27
8	28
10	34
37	38
39	40
# tree 414
1	20
20	3
1	2
3	8
2	5
8	37
5	16
3	15
2	7
37	23
16	17
15	9
2	19
2	22
7	10
23	39
2	31
7	35
17	11
9	12
37	13
19	18
37	21
8	25
22	27
8	28
10	34
37	38
23	40
# tree 415
1	20
20	3
1	2
3	8
2	5
8	37
5	16
3	15
2	31
2	7
16	17
15	9
2	19
31	22
37	39
37	23
7	10
7	35
17	11
9	12
37	13
19	18
37	21
8	25
22	27
8	28
37	38
39	40
7	34
# tree 416
1	20
20	3
1	2
3	8
2	5
8	37
5	16
3	15
2	31
37	23
2	7
16	17
15	9
2	19
31	22
23	39
7	10
7	35
17	11
9	12
37	13
19	18
37	21
8	25
22	27
8	28
37	38
7	34
23	40
# tree 417
1	20
20	3
1	2
3	8
2	5
5	16
3	15
2	31
2	7
8	37
16	17
15	9
2	19
31	22
7	10
37	23
37	39
7	35
17	11
9	12
37	13
19	18
37	21
8	25
22	27
8	28
10	34
37	38
23	40
# tree 418
1	20
20	3
1	2
3	8
2	5
8	37
5	16
3	15
2	7
16	17
15	9
2	19
2	22
37	39
37	23
7	10
2	31
7	35
17	11
9	12
37	13
19	18
8	21
8	25
22	27
8	28
37	38
39	40
7	34
# tree 419
1	20
20	3
1	2
3	8
2	5
8	37
5	16
3	15
37	23
2	7
16	17
15	9
2	19
2	22
23	39
7	10
2	31
7	35
17	11
9	12
37	13
19	18
8	21
8	25
22	27
8	28
37	38
7	34
23	40
# tree 420
1	20
20	3
1	2
3	8
2	5
5	16
3	15
2	7
8	37
16	17
15	9
2	19
2	22
7	10
37	23
37	39
2	31
7	35
17	11
9	12
37	13
19	18
8	21
8	25
22	27
8	28
10	34
37	38
23	40
# tree 421
1	20
20	3
1	2
3	8
2	5
5	16
3	15
2	31
8	37
2	7
16	17
15	9
2	19
31	22
37	23
37	39
7	10
7	35
17	11
9	12
37	13
19	18
8	21
8	25
22	27
8	28
37	38
7	34
23	40
# tree 422
1	20
20	3
1	2
3	8
2	5
8	37
5	16
3	15
2	7
16	17
15	9
2	19
2	22
37	39
37	23
7	10
2	31
7	35
17	11
9	12
8	13
19	18
37	21
8	25
22	27
8	28
37	38
39	40
7	34
# tree 423
1	20
20	3
1	2
3	8
2	5
8	37
5	16
3	15
37	23
2	7
16	17
15	9
2	19
2	22
23	39
7	10
2	31
7	35
17	11
9	12
8	13
19	18
37	21
8	25
22	27
8	28
37	38
7	34
23	40
# tree 424
1	20
20	3
1	2
3	8
2	5
5	16
3	15
2	7
8	37
16	17
15	9
2	19
2	22
7	10
37	23
37	39
2	31
7	35
17	11
9	12
8	13
19	18
37	21
8	25
22	27
8	28
10	34
37	38
23	40
# tree 425
1	20
20	3
1	2
3	8
2	5
5	16
3	15
2	31
8	37
2	7
16	17
15	9
2	19
31	22
37	23
37	39
7	10
7	35
17	11
9	12
8	13
19	18
37	21
8	25
22	27
8	28
37	38
7	34
23	40
# tree 426
1	20
20	3
1	2
3	8
2	5
5	16
3	15
8	37
2	7
16	17
15	9
2	19
2	22
37	23
37	39
7	10
2	31
7	35
17	11
9	12
8	13
19	18
8	21
8	25
22	27
8	28
37	38
7	34
23	40
# tree 427
1	20
20	3
1	2
3	8
2	7
8	37
2	5
3	15
7	35
37	23
5	16
15	9
2	19
2	22
35	10
23	39
2	31
16	17
9	12
37	13
19	18
37	21
22	27
8	28
10	34
37	38
39	40
16	11
3	25
# tree 428
1	20
20	3
1	2
3	8
2	7
8	37
2	5
3	15
7	35
37	23
5	16
15	9
2	19
2	22
35	10
23	39
2	31
16	17
9	12
37	13
19	18
37	21
22	27
8	28
10	34
37	38
39	40
16	11
15	25
# tree 429
1	20
20	3
1	2
3	8
2	7
8	37
2	5
3	15
7	35
37	23
5	16
15	9
2	19
2	22
35	10
23	39
2	31
16	17
9	12
37	13
19	18
37	21
22	27
8	28
10	34
37	38
39	40
16	11
9	25
# tree 430
1	20
20	3
1	2
3	8
2	7
8	37
2	5
3	15
7	35
37	23
5	16
15	9
2	19
2	22
23	39
35	10
2	31
16	17
9	12
37	13
19	18
37	21
8	25
22	27
8	28
37	38
39	40
16	11
1	34
# tree 431
1	20
20	3
1	2
3	8
2	7
8	37
2	5
3	15
7	35
37	23
5	16
15	9
2	19
2	22
23	39
35	10
2	31
16	17
9	12
37	13
19	18
37	21
8	25
22	27
8	28
37	38
39	40
16	11
2	34
# tree 432
1	20
20	3
1	2
3	8
2	7
8	37
2	5
3	15
7	35
37	23
5	16
15	9
2	19
2	22
23	39
35	10
2	31
16	17
9	12
37	13
19	18
37	21
8	25
22	27
8	28
37	38
39	40
16	11
35	34
# tree 433
1	20
20	3
1	2
3	8
2	7
8	37
2	5
3	15
7	35
37	23
5	16
15	9
2	19
2	22
23	39
35	10
2	31
16	17
9	12
37	13
19	18
37	21
8	25
22	27
8	28
37	38
39	40
16	11
7	34
# tree 434
1	20
20	3
1	2
3	8
2	7
8	37
2	5
3	15
7	35
5	16
15	9
2	19
2	22
35	10
37	39
37	23
2	31
16	17
9	12
37	13
19	18
37	21
8	25
22	27
8	28
10	34
37	38
39	40
16	11
# tree 435
1	20
20	3
1	2
3	8
2	7
8	37
2	5
3	15
7	35
37	23
5	16
15	9
2	19
2	22
35	10
23	39
2	31
16	17
9	12
37	13
19	18
37	21
8	25
22	27
8	28
10	34
37	38
16	11
23	40
# tree 436
1	20
20	3
1	2
3	8
2	7
8	37
2	5
3	15
2	31
7	35
5	16
15	9
2	19
31	22
37	39
37	23
35	10
16	17
9	12
37	13
19	18
37	21
8	25
22	27
8	28
37	38
39	40
16	11
7	34
# tree 437
1	20
20	3
1	2
3	8
2	7
8	37
2	5
3	15
2	31
37	23
7	35
5	16
15	9
2	19
31	22
23	39
35	10
16	17
9	12
37	13
19	18
37	21
8	25
22	27
8	28
37	38
16	11
7	34
23	40
# tree 438
1	20
20	3
1	2
3	8
2	7
2	5
3	15
2	31
7	35
8	37
5	16
15	9
2	19
31	22
35	10
37	23
37	39
16	17
9	12
37	13
19	18
37	21
8	25
22	27
8	28
10	34
37	38
16	11
23	40
# tree 439
1	20
20	3
1	2
3	8
2	7
8	37
2	5
3	15
7	35
5	16
15	9
2	19
2	22
37	39
37	23
35	10
2	31
16	17
9	12
37	13
19	18
8	21
8	25
22	27
8	28
37	38
39	40
16	11
7	34
# tree 440
1	20
20	3
1	2
3	8
2	7
8	37
2	5
3	15
37	23
7	35
5	16
15	9
2	19
2	22
23	39
35	10
2	31
16	17
9	12
37	13
19	18
8	21
8	25
22	27
8	28
37	38
16	11
7	34
23	40
# tree 441
1	20
20	3
1	2
3	8
2	7
2	5
3	15
7	35
8	37
5	16
15	9
2	19
2	22
35	10
37	23
37	39
2	31
16	17
9	12
37	13
19	18
8	21
8	25
22	27
8	28
10	34
37	38
16	11
23	40
# tree 442
1	20
20	3
1	2
3	8
2	7
2	5
3	15
2	31
8	37
7	35
5	16
15	9
2	19
31	22
37	23
37	39
35	10
16	17
9	12
37	13
19	18
8	21
8	25
22	27
8	28
37	38
16	11
7	34
23	40
# tree 443
1	20
20	3
1	2
3	8
2	7
8	37
2	5
3	15
7	35
5	16
15	9
2	19
2	22
37	39
37	23
35	10
2	31
16	17
9	12
8	13
19	18
37	21
8	25
22	27
8	28
37	38
39	40
16	11
7	34
# tree 444
1	20
20	3
1	2
3	8
2	7
8	37
2	5
3	15
37	23
7	35
5	16
15	9
2	19
2	22
23	39
35	10
2	31
16	17
9	12
8	13
19	18
37	21
8	25
22	27
8	28
37	38
16	11
7	34
23	40
# tree 445
1	20
20	3
1	2
3	8
2	7
2	5
3	15
7	35
8	37
5	16
15	9
2	19
2	22
35	10
37	23
37	39
2	31
16	17
9	12
8	13
19	18
37	21
8	25
22	27
8	28
10	34
37	38
16	11
23	40
# tree 446
1	20
20	3
1	2
3	8
2	7
2	5
3	15
2	31
8	37
7	35
5	16
15	9
2	19
31	22
37	23
37	39
35	10
16	17
9	12
8	13
19	18
37	21
8	25
22	27
8	28
37	38
16	11
7	34
23	40
# tree 447
1	20
20	3
1	2
3	8
2	7
2	5
3	15
8	37
7	35
5	16
15	9
2	19
2	22
37	23
37	39
35	10
2	31
16	17
9	12
8	13
19	18
8	21
8	25
22	27
8	28
37	38
16	11
7	34
23	40
# tree 448
1	20
20	3
1	2
3	8
2	5
2	7
8	37
5	16
3	15
7	35
37	23
16	17
15	9
2	19
2	22
35	10
23	39
2	31
17	11
9	12
37	13
19	18
37	21
22	27
8	28
10	34
37	38
39	40
3	25
# tree 449
1	20
20	3
1	2
3	8
2	5
2	7
8	37
5	16
3	15
7	35
37	23
16	17
15	9
2	19
2	22
35	10
23	39
2	31
17	11
9	12
37	13
19	18
37	21
22	27
8	28
10	34
37	38
39	40
15	25
# tree 450
1	20
20	3
1	2
3	8
2	5
2	7
8	37
5	16
3	15
7	35
37	23
16	17
15	9
2	19
2	22
35	10
23	39
2	31
17	11
9	12
37	13
19	18
37	21
22	27
8	28
10	34
37	38
39	40
9	25
# tree 451
1	20
20	3
1	2
3	8
2	5
2	7
8	37
5	16
3	15
7	35
37	23
16	17
15	9
2	19
2	22
23	39
35	10
2	31
17	11
9	12
37	13
19	18
37	21
8	25
22	27
8	28
37	38
39	40
1	34
# tree 452
1	20
20	3
1	2
3	8
2	5
2	7
8	37
5	16
3	15
7	35
37	23
16	17
15	9
2	19
2	22
23	39
35	10
2	31
17	11
9	12
37	13
19	18
37	21
8	25
22	27
8	28
37	38
39	40
2	34
# tree 453
1	20
20	3
1	2
3	8
2	5
2	7
8	37
5	16
3	15
7	35
37	23
16	17
15	9
2	19
2	22
23	39
35	10
2	31
17	11
9	12
37	13
19	18
37	21
8	25
22	27
8	28
37	38
39	40
35	34
# tree 454
1	20
20	3
1	2
3	8
2	5
2	7
8	37
5	16
3	15
7	35
37	23
16	17
15	9
2	19
2	22
23	39
35	10
2	31
17	11
9	12
37	13
19	18
37	21
8	25
22	27
8	28
37	38
39	40
7	34
# tree 455
1	20
20	3
1	2
3	8
2	5
2	7
8	37
5	16
3	15
7	35
16	17
15	9
2	19
2	22
35	10
37	39
37	23
2	31
17	11
9	12
37	13
19	18
37	21
8	25
22	27
8	28
10	34
37	38
39	40
# tree 456
1	20
20	3
1	2
3	8
2	5
2	7
8	37
5	16
3	15
7	35
37	23
16	17
15	9
2	19
2	22
35	10
23	39
2	31
17	11
9	12
37	13
19	18
37	21
8	25
22	27
8	28
10	34
37	38
23	40
# tree 457
1	20
20	3
1	2
3	8
2	5
2	7
8	37
5	16
3	15
2	31
7	35
16	17
15	9
2	19
31	22
37	39
37	23
35	10
17	11
9	12
37	13
19	18
37	21
8	25
22	27
8	28
37	38
39	40
7	34
# tree 458
1	20
20	3
1	2
3	8
2	5
2	7
8	37
5	16
3	15
2	31
37	23
7	35
16	17
15	9
2	19
31	22
23	39
35	10
17	11
9	12
37	13
19	18
37	21
8	25
22	27
8	28
37	38
7	34
23	40
# tree 459
1	20
20	3
1	2
3	8
2	5
2	7
5	16
3	15
2	31
7	35
8	37
16	17
15	9
2	19
31	22
35	10
37	23
37	39
17	11
9	12
37	13
19	18
37	21
8	25
22	27
8	28
10	34
37	38
23	40
# tree 460
1	20
20	3
1	2
3	8
2	5
2	7
8	37
5	16
3	15
7	35
16	17
15	9
2	19
2	22
37	39
37	23
35	10
2	31
17	11
9	12
37	13
19	18
8	21
8	25
22	27
8	28
37	38
39	40
7	34
# tree 461
1	20
20	3
1	2
3	8
2	5
2	7
8	37
5	16
3	15
37	23
7	35
16	17
15	9
2	19
2	22
23	39
35	10
2	31
17	11
9	12
37	13
19	18
8	21
8	25
22	27
8	28
37	38
7	34
23	40
# tree 462
1	20
20	3
1	2
3	8
2	5
2	7
5	16
3	15
7	35
8	37
16	17
15	9
2	19
2	22
35	10
37	23
37	39
2	31
17	11
9	12
37	13
19	18
8	21
8	25
22	27
8	28
10	34
37	38
23	40
# tree 463
1	20
20	3
1	2
3	8
2	5
2	7
5	16
3	15
2	31
8	37
7	35
16	17
15	9
2	19
31	22
37	23
37	39
35	10
17	11
9	12
37	13
19	18
8	21
8	25
22	27
8	28
37	38
7	34
23	40
# tree 464
1	20
20	3
1	2
3	8
2	5
2	7
8	37
5	16
3	15
7	35
16	17
15	9
2	19
2	22
37	39
37	23
35	10
2	31
17	11
9	12
8	13
19	18
37	21
8	25
22	27
8	28
37	38
39	40
7	34
# tree 465
1	20
20	3
1	2
3	8
2	5
2	7
8	37
5	16
3	15
37	23
7	35
16	17
15	9
2	19
2	22
23	39
35	10
2	31
17	11
9	12
8	13
19	18
37	21
8	25
22	27
8	28
37	38
7	34
23	40
# tree 466
1	20
20	3
1	2
3	8
2	5
2	7
5	16
3	15
7	35
8	37
16	17
15	9
2	19
2	22
35	10
37	23
37	39
2	31
17	11
9	12
8	13
19	18
37	21
8	25
22	27
8	28
10	34
37	38
23	40
# tree 467
1	20
20	3
1	2
3	8
2	5
2	7
5	16
3	15
2	31
8	37
7	35
16	17
15	9
2	19
31	22
37	23
37	39
35	10
17	11
9	12
8	13
19	18
37	21
8	25
22	27
8	28
37	38
7	34
23	40
# tree 468
1	20
20	3
1	2
3	8
2	5
2	7
8	37
5	16
3	15
7	35
16	17
15	9
2	19
2	22
37	39
37	21
37	23
35	10
2	31
37	38
17	11
9	12
19	18
8	25
22	27
8	28
39	40
21	13
7	34
# tree 469
1	20
20	3
1	2
3	8
2	5
2	7
8	37
5	16
3	15
37	23
7	35
16	17
15	9
2	19
2	22
37	21
23	39
35	10
2	31
37	38
17	11
9	12
19	18
8	25
22	27
8	28
21	13
7	34
23	40
# tree 470
1	20
20	3
1	2
3	8
2	5
2	7
5	16
3	15
7	35
8	37
16	17
15	9
2	19
2	22
35	10
37	21
37	23
37	39
2	31
37	38
17	11
9	12
19	18
8	25
22	27
8	28
10	34
21	13
23	40
# tree 471
1	20
20	3
1	2
3	8
2	5
2	7
5	16
3	15
2	31
8	37
7	35
16	17
15	9
2	19
31	22
37	21
37	23
37	39
35	10
37	38
17	11
9	12
19	18
8	25
22	27
8	28
21	13
7	34
23	40
# tree 472
1	20
20	3
1	2
3	8
2	5
2	7
5	16
3	15
8	37
7	35
16	17
15	9
2	19
2	22
8	21
37	23
37	39
35	10
2	31
37	38
17	11
9	12
19	18
8	25
22	27
8	28
21	13
7	34
23	40
