### 11 trees
# tree 1
3	1
0	3
8	5
5	7
3	8
13	9
8	13
7	2
8	4
8	6
8	10
1	11
9	12
# tree 2
0	3
3	8
8	5
8	13
3	1
13	9
5	7
8	4
8	6
8	10
1	11
9	12
0	2
# tree 3
0	3
3	8
8	5
8	13
3	1
13	9
5	7
8	4
8	6
8	10
1	11
9	12
5	2
# tree 4
0	3
3	8
8	5
8	13
3	1
13	9
5	7
8	4
8	6
8	10
1	11
9	12
3	2
# tree 5
0	3
3	8
8	5
8	13
5	7
3	1
13	9
7	2
8	6
8	10
1	11
9	12
0	4
# tree 6
0	3
3	8
8	5
8	13
5	7
3	1
13	9
7	2
8	4
8	10
1	11
9	12
0	6
# tree 7
0	3
3	8
8	5
8	13
5	7
3	1
13	9
7	2
8	4
8	10
1	11
9	12
3	6
# tree 8
0	3
3	8
8	5
8	13
5	7
3	1
13	9
7	2
8	4
8	6
1	11
9	12
0	10
# tree 9
0	3
3	8
8	13
8	5
3	1
13	9
5	7
8	6
8	10
1	11
9	12
3	2
0	4
# tree 10
0	3
3	8
8	13
8	5
3	1
13	9
5	7
8	4
8	10
1	11
9	12
3	2
0	6
# tree 11
0	3
3	8
8	13
8	5
3	1
13	9
5	7
8	4
8	10
1	11
9	12
3	2
3	6
