### 551 trees
# tree 1
1	2
6	3
2	4
37	5
1	6
3	7
16	11
2	12
39	13
7	16
26	20
4	26
4	27
5	33
7	37
27	39
26	9
4	10
26	17
11	18
27	24
20	25
5	28
33	29
13	31
39	35
12	36
# tree 2
1	6
1	2
7	37
6	3
7	16
27	39
3	7
4	26
2	4
37	5
4	27
16	11
26	20
5	33
39	13
2	12
4	10
26	17
11	18
27	24
20	25
5	28
33	29
13	31
39	35
12	36
4	9
# tree 3
1	6
1	2
7	37
6	3
7	16
27	39
3	7
4	26
2	4
37	5
4	27
16	11
26	20
5	33
39	13
2	12
12	36
26	9
26	17
11	18
27	24
20	25
5	28
33	29
13	31
39	35
36	10
# tree 4
1	6
1	2
7	37
6	3
7	16
3	7
4	26
2	4
37	5
4	27
16	11
26	20
5	33
2	13
27	39
2	12
26	9
4	10
26	17
11	18
27	24
20	25
5	28
33	29
13	31
39	35
12	36
# tree 5
1	6
1	2
7	37
6	3
7	16
3	7
4	26
2	4
37	5
4	27
16	11
26	20
5	33
4	13
27	39
2	12
26	9
4	10
26	17
11	18
27	24
20	25
5	28
33	29
13	31
39	35
12	36
# tree 6
1	6
1	2
7	37
6	3
7	16
3	7
4	26
2	4
37	5
4	27
16	11
26	20
5	33
27	13
27	39
2	12
26	9
4	10
26	17
11	18
27	24
20	25
5	28
33	29
13	31
39	35
12	36
# tree 7
1	6
1	2
7	37
6	3
7	16
27	39
3	7
4	26
2	4
37	5
4	27
16	11
26	20
5	33
39	13
2	12
39	35
26	9
4	10
26	17
11	18
20	25
5	28
33	29
13	31
12	36
35	24
# tree 8
1	6
1	2
7	37
6	3
7	16
27	39
3	7
4	26
2	4
37	5
4	27
16	11
26	20
5	33
39	13
2	12
26	9
4	10
26	17
11	18
20	25
5	28
33	29
13	31
39	35
12	36
4	24
# tree 9
1	6
1	2
7	37
6	3
7	16
27	39
3	7
4	26
2	4
37	5
4	27
16	11
26	20
39	13
2	12
5	33
26	9
4	10
26	17
11	18
27	24
20	25
5	28
13	31
39	35
12	36
7	29
# tree 10
1	6
1	2
7	37
6	3
7	16
27	39
3	7
4	26
2	4
37	5
4	27
16	11
26	20
5	33
2	12
39	13
26	9
4	10
26	17
11	18
27	24
20	25
5	28
33	29
39	35
12	36
2	31
# tree 11
1	6
1	2
7	37
6	3
7	16
27	39
3	7
4	26
2	4
37	5
4	27
16	11
26	20
5	33
2	12
39	13
26	9
4	10
26	17
11	18
27	24
20	25
5	28
33	29
39	35
12	36
39	31
# tree 12
1	6
1	2
7	37
6	3
7	16
27	39
3	7
4	26
2	4
37	5
4	27
16	11
26	20
5	33
2	12
39	13
26	9
4	10
26	17
11	18
27	24
20	25
5	28
33	29
39	35
12	36
4	31
# tree 13
1	6
1	2
7	37
6	3
7	16
27	39
3	7
4	26
2	4
37	5
4	27
16	11
26	20
5	33
2	12
39	13
26	9
4	10
26	17
11	18
27	24
20	25
5	28
33	29
39	35
12	36
27	31
# tree 14
1	6
1	2
7	37
6	3
7	16
27	39
3	7
4	26
2	4
37	5
4	27
16	11
26	20
5	33
39	13
2	12
26	9
4	10
26	17
11	18
27	24
20	25
5	28
33	29
13	31
12	36
4	35
# tree 15
1	6
1	2
7	37
6	3
7	16
27	39
3	7
4	26
2	4
37	5
4	27
16	11
26	20
5	33
39	13
2	12
26	9
4	10
26	17
11	18
27	24
20	25
5	28
33	29
13	31
39	35
26	36
# tree 16
1	6
1	2
7	37
6	3
7	16
2	39
3	7
4	26
2	4
37	5
16	11
4	27
26	20
5	33
39	13
2	12
26	9
4	10
26	17
11	18
27	24
20	25
5	28
33	29
13	31
39	35
12	36
# tree 17
1	6
1	2
7	37
6	3
7	16
4	39
3	7
4	26
2	4
37	5
16	11
4	27
26	20
5	33
39	13
2	12
26	9
4	10
26	17
11	18
27	24
20	25
5	28
33	29
13	31
39	35
12	36
# tree 18
3	7
1	6
4	27
6	3
2	4
1	2
7	37
7	16
4	26
37	5
2	12
16	11
26	20
5	33
2	13
27	39
12	36
26	9
26	17
11	18
27	24
20	25
5	28
33	29
13	31
39	35
36	10
# tree 19
3	7
1	6
4	27
6	3
2	4
1	2
7	37
7	16
4	26
37	5
2	12
16	11
26	20
5	33
4	13
27	39
12	36
26	9
26	17
11	18
27	24
20	25
5	28
33	29
13	31
39	35
36	10
# tree 20
3	7
1	6
4	27
6	3
2	4
1	2
7	37
7	16
4	26
37	5
2	12
16	11
26	20
5	33
27	13
27	39
12	36
26	9
26	17
11	18
27	24
20	25
5	28
33	29
13	31
39	35
36	10
# tree 21
3	7
1	6
4	27
6	3
2	4
1	2
7	37
7	16
4	26
37	5
27	39
2	12
16	11
26	20
5	33
39	13
12	36
26	9
11	18
27	24
20	25
5	28
33	29
13	31
39	35
36	10
4	17
# tree 22
3	7
1	6
4	27
6	3
2	4
1	2
7	37
7	16
4	26
37	5
27	39
2	12
16	11
26	20
5	33
39	13
12	36
26	9
26	17
11	18
20	25
5	28
33	29
13	31
39	35
36	10
1	24
# tree 23
3	7
1	6
4	27
6	3
2	4
1	2
7	37
7	16
4	26
37	5
27	39
2	12
16	11
26	20
5	33
39	13
12	36
26	9
26	17
11	18
20	25
5	28
33	29
13	31
39	35
36	10
2	24
# tree 24
3	7
1	6
4	27
6	3
2	4
1	2
7	37
7	16
4	26
37	5
27	39
2	12
16	11
26	20
5	33
39	13
12	36
26	9
26	17
11	18
20	25
5	28
33	29
13	31
39	35
36	10
4	24
# tree 25
3	7
1	6
4	27
6	3
2	4
1	2
7	37
7	16
4	26
37	5
27	39
2	12
16	11
26	20
5	33
39	13
12	36
26	9
26	17
11	18
39	24
20	25
5	28
33	29
13	31
39	35
36	10
# tree 26
3	7
1	6
4	27
6	3
2	4
1	2
7	37
7	16
4	26
37	5
27	39
2	12
16	11
26	20
39	13
12	36
5	33
26	9
26	17
11	18
27	24
20	25
5	28
13	31
39	35
36	10
7	29
# tree 27
3	7
1	6
4	27
6	3
2	4
1	2
7	37
7	16
4	26
37	5
27	39
2	12
16	11
26	20
5	33
12	36
39	13
26	9
26	17
11	18
27	24
20	25
5	28
33	29
39	35
36	10
2	31
# tree 28
3	7
1	6
4	27
6	3
2	4
1	2
7	37
7	16
4	26
37	5
27	39
2	12
16	11
26	20
5	33
12	36
39	13
26	9
26	17
11	18
27	24
20	25
5	28
33	29
39	35
36	10
39	31
# tree 29
3	7
1	6
4	27
6	3
2	4
1	2
7	37
7	16
4	26
37	5
27	39
2	12
16	11
26	20
5	33
12	36
39	13
26	9
26	17
11	18
27	24
20	25
5	28
33	29
39	35
36	10
4	31
# tree 30
3	7
1	6
4	27
6	3
2	4
1	2
7	37
7	16
4	26
37	5
27	39
2	12
16	11
26	20
5	33
12	36
39	13
26	9
26	17
11	18
27	24
20	25
5	28
33	29
39	35
36	10
27	31
# tree 31
3	7
1	6
4	27
6	3
2	4
1	2
7	37
7	16
4	26
37	5
27	39
2	12
16	11
26	20
5	33
39	13
12	36
26	9
26	17
11	18
27	24
20	25
5	28
33	29
13	31
36	10
4	35
# tree 32
3	7
1	6
4	27
6	3
2	4
1	2
7	37
7	16
4	26
37	5
27	39
16	11
26	20
5	33
39	13
26	36
2	12
26	9
26	17
11	18
27	24
20	25
5	28
33	29
13	31
39	35
36	10
# tree 33
3	7
1	6
6	3
2	4
1	2
7	37
7	16
4	26
37	5
2	39
2	12
16	11
4	27
26	20
5	33
39	13
12	36
26	9
26	17
11	18
27	24
20	25
5	28
33	29
13	31
39	35
36	10
# tree 34
3	7
1	6
6	3
2	4
1	2
7	37
7	16
4	26
37	5
4	39
2	12
16	11
4	27
26	20
5	33
39	13
12	36
26	9
26	17
11	18
27	24
20	25
5	28
33	29
13	31
39	35
36	10
# tree 35
3	7
1	6
4	27
6	3
2	4
1	2
7	37
7	16
4	26
37	5
27	39
2	12
16	11
26	20
5	33
39	13
12	36
26	17
11	18
27	24
20	25
5	28
33	29
13	31
39	35
36	10
4	9
# tree 36
3	7
1	6
4	27
6	3
2	4
1	2
7	37
7	16
4	26
37	5
27	39
16	11
26	20
5	33
39	13
2	12
26	9
4	10
26	17
11	18
20	25
5	28
33	29
13	31
39	35
12	36
1	24
# tree 37
3	7
1	6
4	27
6	3
2	4
1	2
7	37
7	16
4	26
37	5
27	39
16	11
26	20
5	33
39	13
2	12
26	9
4	10
26	17
11	18
20	25
5	28
33	29
13	31
39	35
12	36
2	24
# tree 38
3	7
1	6
4	27
6	3
2	4
1	2
7	37
7	16
4	26
37	5
27	39
16	11
26	20
5	33
39	13
2	12
26	9
4	10
26	17
11	18
39	24
20	25
5	28
33	29
13	31
39	35
12	36
# tree 39
3	7
1	6
6	3
2	4
1	2
7	37
7	16
4	26
37	5
4	27
16	11
26	20
5	33
27	13
27	39
2	12
26	9
4	10
26	17
11	18
20	25
5	28
33	29
13	31
39	35
12	36
1	24
# tree 40
3	7
1	6
6	3
2	4
1	2
7	37
7	16
4	26
37	5
4	27
16	11
26	20
5	33
27	13
27	39
2	12
26	9
4	10
26	17
11	18
20	25
5	28
33	29
13	31
39	35
12	36
2	24
# tree 41
3	7
1	6
6	3
2	4
1	2
7	37
7	16
4	26
37	5
4	27
16	11
26	20
5	33
27	13
27	39
2	12
26	9
4	10
26	17
11	18
20	25
5	28
33	29
13	31
39	35
12	36
4	24
# tree 42
3	7
1	6
6	3
2	4
1	2
7	37
7	16
4	26
37	5
4	27
16	11
26	20
5	33
27	13
27	39
2	12
26	9
4	10
26	17
11	18
39	24
20	25
5	28
33	29
13	31
39	35
12	36
# tree 43
3	7
1	6
6	3
2	4
1	2
7	37
7	16
4	26
37	5
4	27
16	11
26	20
27	13
27	39
2	12
5	33
26	9
4	10
26	17
11	18
27	24
20	25
5	28
13	31
39	35
12	36
7	29
# tree 44
3	7
1	6
6	3
2	4
1	2
7	37
7	16
4	26
37	5
4	27
16	11
26	20
5	33
27	39
2	12
27	13
26	9
4	10
26	17
11	18
27	24
20	25
5	28
33	29
39	35
12	36
2	31
# tree 45
3	7
1	6
6	3
2	4
1	2
7	37
7	16
4	26
37	5
4	27
16	11
26	20
5	33
27	39
2	12
27	13
26	9
4	10
26	17
11	18
27	24
20	25
5	28
33	29
39	35
12	36
39	31
# tree 46
3	7
1	6
6	3
2	4
1	2
7	37
7	16
4	26
37	5
4	27
16	11
26	20
5	33
27	39
2	12
27	13
26	9
4	10
26	17
11	18
27	24
20	25
5	28
33	29
39	35
12	36
4	31
# tree 47
3	7
1	6
6	3
2	4
1	2
7	37
7	16
4	26
37	5
4	27
16	11
26	20
5	33
27	39
2	12
27	13
26	9
4	10
26	17
11	18
27	24
20	25
5	28
33	29
39	35
12	36
27	31
# tree 48
3	7
1	6
6	3
2	4
1	2
7	37
7	16
4	26
37	5
4	27
16	11
26	20
5	33
27	13
2	12
27	39
26	9
4	10
26	17
11	18
27	24
20	25
5	28
33	29
13	31
12	36
4	35
# tree 49
3	7
1	6
6	3
2	4
1	2
7	37
7	16
4	26
37	5
4	27
16	11
26	20
5	33
27	13
27	39
2	12
26	9
4	10
26	17
11	18
27	24
20	25
5	28
33	29
13	31
39	35
26	36
# tree 50
3	7
1	6
6	3
2	4
1	2
7	37
7	16
4	26
37	5
4	27
16	11
26	20
5	33
27	13
2	39
2	12
26	9
4	10
26	17
11	18
27	24
20	25
5	28
33	29
13	31
39	35
12	36
# tree 51
3	7
1	6
6	3
2	4
1	2
7	37
7	16
4	26
37	5
4	27
16	11
26	20
5	33
27	13
4	39
2	12
26	9
4	10
26	17
11	18
27	24
20	25
5	28
33	29
13	31
39	35
12	36
# tree 52
3	7
1	6
6	3
2	4
1	2
7	37
7	16
4	26
37	5
4	27
16	11
26	20
5	33
27	13
27	39
2	12
4	10
26	17
11	18
27	24
20	25
5	28
33	29
13	31
39	35
12	36
4	9
# tree 53
3	7
1	6
4	27
6	3
2	4
1	2
7	37
7	16
4	26
37	5
27	39
16	11
26	20
5	33
39	13
2	12
26	9
4	10
11	18
27	24
20	25
5	28
33	29
13	31
39	35
4	17
26	36
# tree 54
3	7
1	6
4	27
6	3
2	4
1	2
7	37
7	16
4	26
37	5
27	39
16	11
26	20
39	13
2	12
39	35
5	33
26	9
4	10
26	17
11	18
20	25
5	28
13	31
12	36
35	24
7	29
# tree 55
3	7
1	6
4	27
6	3
2	4
1	2
7	37
7	16
4	26
37	5
27	39
16	11
26	20
5	33
2	12
39	35
39	13
26	9
4	10
26	17
11	18
20	25
5	28
33	29
12	36
35	24
2	31
# tree 56
3	7
1	6
4	27
6	3
2	4
1	2
7	37
7	16
4	26
37	5
27	39
16	11
26	20
5	33
2	12
39	35
39	13
26	9
4	10
26	17
11	18
20	25
5	28
33	29
12	36
35	24
39	31
# tree 57
3	7
1	6
4	27
6	3
2	4
1	2
7	37
7	16
4	26
37	5
27	39
16	11
26	20
5	33
2	12
39	35
39	13
26	9
4	10
26	17
11	18
20	25
5	28
33	29
12	36
35	24
4	31
# tree 58
3	7
1	6
4	27
6	3
2	4
1	2
7	37
7	16
4	26
37	5
27	39
16	11
26	20
5	33
2	12
39	35
39	13
26	9
4	10
26	17
11	18
20	25
5	28
33	29
12	36
35	24
27	31
# tree 59
3	7
1	6
4	27
6	3
2	4
1	2
7	37
7	16
4	26
37	5
27	39
16	11
26	20
5	33
39	13
2	12
4	35
26	9
4	10
26	17
11	18
20	25
5	28
33	29
13	31
12	36
35	24
# tree 60
3	7
1	6
4	27
6	3
2	4
1	2
7	37
7	16
4	26
37	5
27	39
16	11
26	20
5	33
39	13
39	35
2	12
26	9
4	10
26	17
11	18
20	25
5	28
33	29
13	31
35	24
26	36
# tree 61
3	7
1	6
6	3
2	4
1	2
7	37
7	16
4	26
37	5
2	39
16	11
26	20
5	33
39	13
2	12
39	35
4	27
26	9
4	10
26	17
11	18
20	25
5	28
33	29
13	31
12	36
35	24
# tree 62
3	7
1	6
6	3
2	4
1	2
7	37
7	16
4	26
37	5
4	39
16	11
26	20
5	33
39	13
2	12
39	35
4	27
26	9
4	10
26	17
11	18
20	25
5	28
33	29
13	31
12	36
35	24
# tree 63
3	7
1	6
4	27
6	3
2	4
1	2
7	37
7	16
4	26
37	5
27	39
16	11
26	20
5	33
39	13
2	12
39	35
4	10
26	17
11	18
20	25
5	28
33	29
13	31
12	36
35	24
4	9
# tree 64
3	7
1	6
4	27
6	3
2	4
1	2
7	37
7	16
4	26
27	39
37	5
16	11
26	20
2	12
39	13
5	33
26	9
4	10
26	17
11	18
27	24
20	25
5	28
39	35
12	36
7	29
2	31
# tree 65
3	7
1	6
4	27
6	3
2	4
1	2
7	37
7	16
4	26
27	39
37	5
16	11
26	20
2	12
39	13
5	33
26	9
4	10
26	17
11	18
27	24
20	25
5	28
39	35
12	36
7	29
39	31
# tree 66
3	7
1	6
4	27
6	3
2	4
1	2
7	37
7	16
4	26
27	39
37	5
16	11
26	20
2	12
39	13
5	33
26	9
4	10
26	17
11	18
27	24
20	25
5	28
39	35
12	36
7	29
4	31
# tree 67
3	7
1	6
4	27
6	3
2	4
1	2
7	37
7	16
4	26
27	39
37	5
16	11
26	20
2	12
39	13
5	33
26	9
4	10
26	17
11	18
27	24
20	25
5	28
39	35
12	36
7	29
27	31
# tree 68
3	7
1	6
4	27
6	3
2	4
1	2
7	37
7	16
4	26
27	39
37	5
16	11
26	20
39	13
2	12
5	33
26	9
4	10
26	17
11	18
27	24
20	25
5	28
13	31
12	36
7	29
4	35
# tree 69
3	7
1	6
4	27
6	3
2	4
1	2
7	37
7	16
4	26
27	39
37	5
16	11
26	20
39	13
2	12
5	33
26	9
4	10
26	17
11	18
27	24
20	25
5	28
13	31
39	35
7	29
26	36
# tree 70
3	7
1	6
6	3
2	4
1	2
7	37
7	16
4	26
2	39
37	5
16	11
4	27
26	20
39	13
2	12
5	33
26	9
4	10
26	17
11	18
27	24
20	25
5	28
13	31
39	35
12	36
7	29
# tree 71
3	7
1	6
6	3
2	4
1	2
7	37
7	16
4	26
4	39
37	5
16	11
4	27
26	20
39	13
2	12
5	33
26	9
4	10
26	17
11	18
27	24
20	25
5	28
13	31
39	35
12	36
7	29
# tree 72
3	7
1	6
4	27
6	3
2	4
1	2
7	37
7	16
4	26
27	39
37	5
16	11
26	20
39	13
2	12
5	33
4	10
26	17
11	18
27	24
20	25
5	28
13	31
39	35
12	36
7	29
4	9
# tree 73
3	7
1	6
4	27
6	3
2	4
1	2
7	37
7	16
4	26
37	5
27	39
16	11
26	20
5	33
2	12
39	13
26	9
4	10
26	17
11	18
27	24
20	25
5	28
33	29
12	36
27	31
4	35
# tree 74
3	7
1	6
4	27
6	3
2	4
1	2
7	37
7	16
4	26
37	5
27	39
16	11
26	20
5	33
2	12
39	13
26	9
4	10
26	17
11	18
27	24
20	25
5	28
33	29
39	35
27	31
26	36
# tree 75
3	7
1	6
6	3
2	4
1	2
7	37
7	16
4	26
37	5
2	39
16	11
4	27
26	20
5	33
2	12
39	13
26	9
4	10
26	17
11	18
27	24
20	25
5	28
33	29
39	35
12	36
27	31
# tree 76
3	7
1	6
6	3
2	4
1	2
7	37
7	16
4	26
37	5
4	39
16	11
4	27
26	20
5	33
2	12
39	13
26	9
4	10
26	17
11	18
27	24
20	25
5	28
33	29
39	35
12	36
27	31
# tree 77
3	7
1	6
4	27
6	3
2	4
1	2
7	37
7	16
4	26
37	5
27	39
16	11
26	20
5	33
2	12
39	13
4	10
26	17
11	18
27	24
20	25
5	28
33	29
39	35
12	36
27	31
4	9
# tree 78
3	7
1	6
4	27
6	3
2	4
1	2
7	37
7	16
4	26
37	5
27	39
16	11
26	20
5	33
39	13
2	12
26	9
4	10
26	17
11	18
27	24
20	25
5	28
33	29
13	31
4	35
26	36
# tree 79
3	7
1	6
6	3
2	4
1	2
7	37
7	16
4	26
37	5
2	39
16	11
4	27
26	20
5	33
39	13
2	12
26	9
4	10
26	17
11	18
27	24
20	25
5	28
33	29
13	31
12	36
4	35
# tree 80
3	7
1	6
6	3
2	4
1	2
7	37
7	16
4	26
37	5
4	39
16	11
4	27
26	20
5	33
39	13
2	12
26	9
4	10
26	17
11	18
27	24
20	25
5	28
33	29
13	31
12	36
4	35
# tree 81
3	7
1	6
4	27
6	3
2	4
1	2
7	37
7	16
4	26
37	5
27	39
16	11
26	20
5	33
39	13
2	12
4	10
26	17
11	18
27	24
20	25
5	28
33	29
13	31
12	36
4	35
4	9
# tree 82
3	7
1	6
6	3
2	4
1	2
7	37
7	16
4	26
37	5
2	39
16	11
4	27
26	20
5	33
39	13
2	12
26	9
4	10
26	17
11	18
27	24
20	25
5	28
33	29
13	31
39	35
26	36
# tree 83
3	7
1	6
6	3
2	4
1	2
7	37
7	16
4	26
37	5
4	39
16	11
4	27
26	20
5	33
39	13
2	12
26	9
4	10
26	17
11	18
27	24
20	25
5	28
33	29
13	31
39	35
26	36
# tree 84
3	7
1	6
4	27
6	3
2	4
1	2
7	37
7	16
4	26
37	5
27	39
16	11
26	20
5	33
39	13
2	12
4	10
26	17
11	18
27	24
20	25
5	28
33	29
13	31
39	35
26	36
4	9
# tree 85
3	7
1	6
2	4
6	3
1	2
7	37
7	16
4	26
37	5
4	39
16	11
4	27
26	20
5	33
39	13
2	12
4	10
26	17
11	18
27	24
20	25
5	28
33	29
13	31
39	35
12	36
4	9
# tree 86
6	3
2	4
1	6
1	2
3	7
7	37
7	16
4	26
37	5
4	27
2	12
16	11
26	20
5	33
27	13
27	39
12	36
26	9
11	18
27	24
20	25
5	28
33	29
13	31
39	35
36	10
4	17
# tree 87
6	3
2	4
1	6
1	2
3	7
7	37
7	16
4	26
37	5
4	27
2	12
16	11
26	20
5	33
27	13
27	39
12	36
26	9
26	17
11	18
20	25
5	28
33	29
13	31
39	35
36	10
1	24
# tree 88
6	3
2	4
1	6
1	2
3	7
7	37
7	16
4	26
37	5
4	27
2	12
16	11
26	20
5	33
27	13
27	39
12	36
26	9
26	17
11	18
20	25
5	28
33	29
13	31
39	35
36	10
2	24
# tree 89
6	3
2	4
1	6
1	2
3	7
7	37
7	16
4	26
37	5
4	27
2	12
16	11
26	20
5	33
27	13
27	39
12	36
26	9
26	17
11	18
20	25
5	28
33	29
13	31
39	35
36	10
4	24
# tree 90
6	3
2	4
1	6
1	2
3	7
7	37
7	16
4	26
37	5
4	27
2	12
16	11
26	20
5	33
27	13
27	39
12	36
26	9
26	17
11	18
39	24
20	25
5	28
33	29
13	31
39	35
36	10
# tree 91
6	3
2	4
1	6
1	2
3	7
7	37
7	16
4	26
37	5
4	27
2	12
16	11
26	20
27	13
27	39
12	36
5	33
26	9
26	17
11	18
27	24
20	25
5	28
13	31
39	35
36	10
7	29
# tree 92
6	3
2	4
1	6
1	2
3	7
7	37
7	16
4	26
37	5
4	27
2	12
16	11
26	20
5	33
27	39
12	36
27	13
26	9
26	17
11	18
27	24
20	25
5	28
33	29
39	35
36	10
2	31
# tree 93
6	3
2	4
1	6
1	2
3	7
7	37
7	16
4	26
37	5
4	27
2	12
16	11
26	20
5	33
27	39
12	36
27	13
26	9
26	17
11	18
27	24
20	25
5	28
33	29
39	35
36	10
39	31
# tree 94
6	3
2	4
1	6
1	2
3	7
7	37
7	16
4	26
37	5
4	27
2	12
16	11
26	20
5	33
27	39
12	36
27	13
26	9
26	17
11	18
27	24
20	25
5	28
33	29
39	35
36	10
4	31
# tree 95
6	3
2	4
1	6
1	2
3	7
7	37
7	16
4	26
37	5
4	27
2	12
16	11
26	20
5	33
27	39
12	36
27	13
26	9
26	17
11	18
27	24
20	25
5	28
33	29
39	35
36	10
27	31
# tree 96
6	3
2	4
1	6
1	2
3	7
7	37
7	16
4	26
37	5
4	27
2	12
16	11
26	20
5	33
27	13
12	36
27	39
26	9
26	17
11	18
27	24
20	25
5	28
33	29
13	31
36	10
4	35
# tree 97
6	3
2	4
1	6
1	2
3	7
7	37
7	16
4	26
37	5
4	27
16	11
26	20
5	33
27	13
27	39
26	36
2	12
26	9
26	17
11	18
27	24
20	25
5	28
33	29
13	31
39	35
36	10
# tree 98
6	3
2	4
1	6
1	2
3	7
7	37
7	16
4	26
37	5
4	27
2	12
16	11
26	20
5	33
27	13
2	39
12	36
26	9
26	17
11	18
27	24
20	25
5	28
33	29
13	31
39	35
36	10
# tree 99
6	3
2	4
1	6
1	2
3	7
7	37
7	16
4	26
37	5
4	27
2	12
16	11
26	20
5	33
27	13
4	39
12	36
26	9
26	17
11	18
27	24
20	25
5	28
33	29
13	31
39	35
36	10
# tree 100
6	3
2	4
1	6
1	2
3	7
7	37
7	16
4	26
37	5
4	27
2	12
16	11
26	20
5	33
27	13
27	39
12	36
26	17
11	18
27	24
20	25
5	28
33	29
13	31
39	35
36	10
4	9
# tree 101
6	3
2	4
1	6
1	2
3	7
7	37
4	27
7	16
4	26
37	5
27	39
2	12
16	11
26	20
5	33
39	13
12	36
26	9
11	18
20	25
5	28
33	29
13	31
39	35
36	10
4	17
1	24
# tree 102
6	3
2	4
1	6
1	2
3	7
7	37
4	27
7	16
4	26
37	5
27	39
2	12
16	11
26	20
5	33
39	13
12	36
26	9
11	18
20	25
5	28
33	29
13	31
39	35
36	10
4	17
2	24
# tree 103
6	3
2	4
1	6
1	2
3	7
7	37
4	27
7	16
4	26
37	5
27	39
2	12
16	11
26	20
5	33
39	13
12	36
26	9
11	18
20	25
5	28
33	29
13	31
39	35
36	10
4	17
4	24
# tree 104
6	3
2	4
1	6
1	2
3	7
7	37
4	27
7	16
4	26
37	5
27	39
2	12
16	11
26	20
5	33
39	13
12	36
26	9
11	18
39	24
20	25
5	28
33	29
13	31
39	35
36	10
4	17
# tree 105
6	3
2	4
1	6
1	2
3	7
7	37
4	27
7	16
4	26
37	5
27	39
2	12
16	11
26	20
39	13
12	36
5	33
26	9
11	18
27	24
20	25
5	28
13	31
39	35
36	10
4	17
7	29
# tree 106
6	3
2	4
1	6
1	2
3	7
7	37
4	27
7	16
4	26
37	5
27	39
2	12
16	11
26	20
5	33
12	36
39	13
26	9
11	18
27	24
20	25
5	28
33	29
39	35
36	10
4	17
2	31
# tree 107
6	3
2	4
1	6
1	2
3	7
7	37
4	27
7	16
4	26
37	5
27	39
2	12
16	11
26	20
5	33
12	36
39	13
26	9
11	18
27	24
20	25
5	28
33	29
39	35
36	10
4	17
39	31
# tree 108
6	3
2	4
1	6
1	2
3	7
7	37
4	27
7	16
4	26
37	5
27	39
2	12
16	11
26	20
5	33
12	36
39	13
26	9
11	18
27	24
20	25
5	28
33	29
39	35
36	10
4	17
4	31
# tree 109
6	3
2	4
1	6
1	2
3	7
7	37
4	27
7	16
4	26
37	5
27	39
2	12
16	11
26	20
5	33
12	36
39	13
26	9
11	18
27	24
20	25
5	28
33	29
39	35
36	10
4	17
27	31
# tree 110
6	3
2	4
1	6
1	2
3	7
7	37
4	27
7	16
4	26
37	5
27	39
2	12
16	11
26	20
5	33
39	13
12	36
26	9
11	18
27	24
20	25
5	28
33	29
13	31
36	10
4	17
4	35
# tree 111
6	3
2	4
1	6
1	2
3	7
7	37
4	27
7	16
4	26
37	5
27	39
16	11
26	20
5	33
39	13
26	36
2	12
26	9
11	18
27	24
20	25
5	28
33	29
13	31
39	35
36	10
4	17
# tree 112
6	3
2	4
1	6
1	2
3	7
7	37
7	16
4	26
37	5
2	39
2	12
16	11
4	27
26	20
5	33
39	13
12	36
26	9
11	18
27	24
20	25
5	28
33	29
13	31
39	35
36	10
4	17
# tree 113
6	3
2	4
1	6
1	2
3	7
7	37
7	16
4	26
37	5
4	39
2	12
16	11
4	27
26	20
5	33
39	13
12	36
26	9
11	18
27	24
20	25
5	28
33	29
13	31
39	35
36	10
4	17
# tree 114
6	3
2	4
1	6
1	2
3	7
7	37
4	27
7	16
4	26
37	5
27	39
2	12
16	11
26	20
5	33
39	13
12	36
11	18
27	24
20	25
5	28
33	29
13	31
39	35
36	10
4	17
4	9
# tree 115
6	3
2	4
1	6
1	2
3	7
7	37
4	27
7	16
4	26
27	39
2	12
37	5
16	11
26	20
12	36
39	13
5	33
26	9
26	17
11	18
27	24
20	25
5	28
39	35
36	10
7	29
2	31
# tree 116
6	3
2	4
1	6
1	2
3	7
7	37
4	27
7	16
4	26
27	39
2	12
37	5
16	11
26	20
12	36
39	13
5	33
26	9
26	17
11	18
27	24
20	25
5	28
39	35
36	10
7	29
39	31
# tree 117
6	3
2	4
1	6
1	2
3	7
7	37
4	27
7	16
4	26
27	39
2	12
37	5
16	11
26	20
12	36
39	13
5	33
26	9
26	17
11	18
27	24
20	25
5	28
39	35
36	10
7	29
4	31
# tree 118
6	3
2	4
1	6
1	2
3	7
7	37
4	27
7	16
4	26
27	39
2	12
37	5
16	11
26	20
12	36
39	13
5	33
26	9
26	17
11	18
27	24
20	25
5	28
39	35
36	10
7	29
27	31
# tree 119
6	3
2	4
1	6
1	2
3	7
7	37
4	27
7	16
4	26
27	39
2	12
37	5
16	11
26	20
39	13
12	36
5	33
26	9
26	17
11	18
27	24
20	25
5	28
13	31
36	10
7	29
4	35
# tree 120
6	3
2	4
1	6
1	2
3	7
7	37
4	27
7	16
4	26
27	39
37	5
16	11
26	20
39	13
26	36
2	12
5	33
26	9
26	17
11	18
27	24
20	25
5	28
13	31
39	35
36	10
7	29
# tree 121
6	3
2	4
1	6
1	2
3	7
7	37
7	16
4	26
2	39
2	12
37	5
16	11
4	27
26	20
39	13
12	36
5	33
26	9
26	17
11	18
27	24
20	25
5	28
13	31
39	35
36	10
7	29
# tree 122
6	3
2	4
1	6
1	2
3	7
7	37
7	16
4	26
4	39
2	12
37	5
16	11
4	27
26	20
39	13
12	36
5	33
26	9
26	17
11	18
27	24
20	25
5	28
13	31
39	35
36	10
7	29
# tree 123
6	3
2	4
1	6
1	2
3	7
7	37
4	27
7	16
4	26
27	39
2	12
37	5
16	11
26	20
39	13
12	36
5	33
26	17
11	18
27	24
20	25
5	28
13	31
39	35
36	10
7	29
4	9
# tree 124
6	3
2	4
1	6
1	2
3	7
7	37
4	27
7	16
4	26
37	5
2	12
27	39
16	11
26	20
5	33
12	36
39	13
26	9
26	17
11	18
27	24
20	25
5	28
33	29
36	10
27	31
4	35
# tree 125
6	3
2	4
1	6
1	2
3	7
7	37
4	27
7	16
4	26
37	5
27	39
16	11
26	20
5	33
26	36
2	12
39	13
26	9
26	17
11	18
27	24
20	25
5	28
33	29
39	35
36	10
27	31
# tree 126
6	3
2	4
1	6
1	2
3	7
7	37
7	16
4	26
37	5
2	12
2	39
16	11
4	27
26	20
5	33
12	36
39	13
26	9
26	17
11	18
27	24
20	25
5	28
33	29
39	35
36	10
27	31
# tree 127
6	3
2	4
1	6
1	2
3	7
7	37
7	16
4	26
37	5
2	12
4	39
16	11
4	27
26	20
5	33
12	36
39	13
26	9
26	17
11	18
27	24
20	25
5	28
33	29
39	35
36	10
27	31
# tree 128
6	3
2	4
1	6
1	2
3	7
7	37
4	27
7	16
4	26
37	5
2	12
27	39
16	11
26	20
5	33
12	36
39	13
26	17
11	18
27	24
20	25
5	28
33	29
39	35
36	10
27	31
4	9
# tree 129
6	3
2	4
1	6
1	2
3	7
7	37
4	27
7	16
4	26
37	5
27	39
16	11
26	20
5	33
39	13
26	36
2	12
26	9
26	17
11	18
27	24
20	25
5	28
33	29
13	31
36	10
4	35
# tree 130
6	3
2	4
1	6
1	2
3	7
7	37
7	16
4	26
37	5
2	39
2	12
16	11
4	27
26	20
5	33
39	13
12	36
26	9
26	17
11	18
27	24
20	25
5	28
33	29
13	31
36	10
4	35
# tree 131
6	3
2	4
1	6
1	2
3	7
7	37
7	16
4	26
37	5
4	39
2	12
16	11
4	27
26	20
5	33
39	13
12	36
26	9
26	17
11	18
27	24
20	25
5	28
33	29
13	31
36	10
4	35
# tree 132
6	3
2	4
1	6
1	2
3	7
7	37
4	27
7	16
4	26
37	5
27	39
2	12
16	11
26	20
5	33
39	13
12	36
26	17
11	18
27	24
20	25
5	28
33	29
13	31
36	10
4	35
4	9
# tree 133
6	3
2	4
1	6
1	2
3	7
7	37
7	16
4	26
37	5
2	39
16	11
4	27
26	20
5	33
39	13
26	36
2	12
26	9
26	17
11	18
27	24
20	25
5	28
33	29
13	31
39	35
36	10
# tree 134
6	3
2	4
1	6
1	2
3	7
7	37
7	16
4	26
37	5
4	39
16	11
4	27
26	20
5	33
39	13
26	36
2	12
26	9
26	17
11	18
27	24
20	25
5	28
33	29
13	31
39	35
36	10
# tree 135
6	3
2	4
1	6
1	2
3	7
7	37
4	27
7	16
4	26
37	5
27	39
16	11
26	20
5	33
39	13
26	36
2	12
26	17
11	18
27	24
20	25
5	28
33	29
13	31
39	35
36	10
4	9
# tree 136
6	3
1	6
1	2
3	7
2	4
7	37
7	16
4	26
37	5
4	39
2	12
16	11
4	27
26	20
5	33
39	13
12	36
26	17
11	18
27	24
20	25
5	28
33	29
13	31
39	35
36	10
4	9
# tree 137
6	3
1	6
1	2
3	7
2	4
7	37
7	16
4	26
37	5
4	27
16	11
26	20
5	33
27	13
27	39
2	12
26	9
4	10
11	18
27	24
20	25
5	28
33	29
13	31
39	35
4	17
26	36
# tree 138
6	3
1	6
1	2
3	7
2	4
7	37
7	16
4	26
4	27
37	5
16	11
26	20
27	39
2	12
27	13
5	33
26	9
4	10
26	17
11	18
27	24
20	25
5	28
39	35
12	36
7	29
2	31
# tree 139
6	3
1	6
1	2
3	7
2	4
7	37
7	16
4	26
4	27
37	5
16	11
26	20
27	39
2	12
27	13
5	33
26	9
4	10
26	17
11	18
27	24
20	25
5	28
39	35
12	36
7	29
39	31
# tree 140
6	3
1	6
1	2
3	7
2	4
7	37
7	16
4	26
4	27
37	5
16	11
26	20
27	39
2	12
27	13
5	33
26	9
4	10
26	17
11	18
27	24
20	25
5	28
39	35
12	36
7	29
4	31
# tree 141
6	3
1	6
1	2
3	7
2	4
7	37
7	16
4	26
4	27
37	5
16	11
26	20
27	39
2	12
27	13
5	33
26	9
4	10
26	17
11	18
27	24
20	25
5	28
39	35
12	36
7	29
27	31
# tree 142
6	3
1	6
1	2
3	7
2	4
7	37
7	16
4	26
4	27
37	5
16	11
26	20
27	13
2	12
27	39
5	33
26	9
4	10
26	17
11	18
27	24
20	25
5	28
13	31
12	36
7	29
4	35
# tree 143
6	3
1	6
1	2
3	7
2	4
7	37
7	16
4	26
4	27
37	5
16	11
26	20
27	13
27	39
2	12
5	33
26	9
4	10
26	17
11	18
27	24
20	25
5	28
13	31
39	35
7	29
26	36
# tree 144
6	3
1	6
1	2
3	7
2	4
7	37
7	16
4	26
4	27
37	5
16	11
26	20
27	13
2	39
2	12
5	33
26	9
4	10
26	17
11	18
27	24
20	25
5	28
13	31
39	35
12	36
7	29
# tree 145
6	3
1	6
1	2
3	7
2	4
7	37
7	16
4	26
4	27
37	5
16	11
26	20
27	13
4	39
2	12
5	33
26	9
4	10
26	17
11	18
27	24
20	25
5	28
13	31
39	35
12	36
7	29
# tree 146
6	3
1	6
1	2
3	7
2	4
7	37
7	16
4	26
4	27
37	5
16	11
26	20
27	13
27	39
2	12
5	33
4	10
26	17
11	18
27	24
20	25
5	28
13	31
39	35
12	36
7	29
4	9
# tree 147
6	3
1	6
1	2
3	7
2	4
7	37
7	16
4	26
37	5
4	27
16	11
26	20
5	33
2	12
27	39
27	13
26	9
4	10
26	17
11	18
27	24
20	25
5	28
33	29
12	36
27	31
4	35
# tree 148
6	3
1	6
1	2
3	7
2	4
7	37
7	16
4	26
37	5
4	27
16	11
26	20
5	33
27	39
2	12
27	13
26	9
4	10
26	17
11	18
27	24
20	25
5	28
33	29
39	35
27	31
26	36
# tree 149
6	3
1	6
1	2
3	7
2	4
7	37
7	16
4	26
37	5
4	27
16	11
26	20
5	33
2	39
2	12
27	13
26	9
4	10
26	17
11	18
27	24
20	25
5	28
33	29
39	35
12	36
27	31
# tree 150
6	3
1	6
1	2
3	7
2	4
7	37
7	16
4	26
37	5
4	27
16	11
26	20
5	33
4	39
2	12
27	13
26	9
4	10
26	17
11	18
27	24
20	25
5	28
33	29
39	35
12	36
27	31
# tree 151
6	3
1	6
1	2
3	7
2	4
7	37
7	16
4	26
37	5
4	27
16	11
26	20
5	33
27	39
2	12
27	13
4	10
26	17
11	18
27	24
20	25
5	28
33	29
39	35
12	36
27	31
4	9
# tree 152
6	3
1	6
1	2
3	7
2	4
7	37
7	16
4	26
37	5
4	27
16	11
26	20
5	33
27	13
2	12
27	39
26	9
4	10
26	17
11	18
27	24
20	25
5	28
33	29
13	31
4	35
26	36
# tree 153
6	3
1	6
1	2
3	7
2	4
7	37
7	16
4	26
37	5
4	27
16	11
26	20
5	33
27	13
2	12
26	9
4	10
26	17
11	18
27	24
20	25
5	28
33	29
13	31
12	36
4	35
2	39
# tree 154
6	3
1	6
1	2
3	7
2	4
7	37
7	16
4	26
37	5
4	27
16	11
26	20
5	33
27	13
2	12
26	9
4	10
26	17
11	18
27	24
20	25
5	28
33	29
13	31
12	36
4	35
4	39
# tree 155
6	3
1	6
1	2
3	7
2	4
7	37
7	16
4	26
37	5
4	27
16	11
26	20
5	33
27	13
2	12
27	39
4	10
26	17
11	18
27	24
20	25
5	28
33	29
13	31
12	36
4	35
4	9
# tree 156
6	3
1	6
1	2
3	7
2	4
7	37
7	16
4	26
37	5
4	27
16	11
26	20
5	33
27	13
2	39
2	12
26	9
4	10
26	17
11	18
27	24
20	25
5	28
33	29
13	31
39	35
26	36
# tree 157
6	3
1	6
1	2
3	7
2	4
7	37
7	16
4	26
37	5
4	27
16	11
26	20
5	33
27	13
4	39
2	12
26	9
4	10
26	17
11	18
27	24
20	25
5	28
33	29
13	31
39	35
26	36
# tree 158
6	3
1	6
1	2
3	7
2	4
7	37
7	16
4	26
37	5
4	27
16	11
26	20
5	33
27	13
27	39
2	12
4	10
26	17
11	18
27	24
20	25
5	28
33	29
13	31
39	35
26	36
4	9
# tree 159
6	3
1	6
1	2
3	7
2	4
7	37
7	16
4	26
37	5
4	27
16	11
26	20
5	33
27	13
4	39
2	12
4	10
26	17
11	18
27	24
20	25
5	28
33	29
13	31
39	35
12	36
4	9
# tree 160
6	3
2	4
1	6
1	2
3	7
7	37
4	27
7	16
4	26
27	39
37	5
16	11
26	20
39	13
2	12
5	33
26	9
4	10
11	18
27	24
20	25
5	28
13	31
39	35
4	17
7	29
26	36
# tree 161
6	3
2	4
1	6
1	2
3	7
7	37
4	27
7	16
4	26
37	5
27	39
16	11
26	20
5	33
2	12
39	13
26	9
4	10
11	18
27	24
20	25
5	28
33	29
39	35
4	17
27	31
26	36
# tree 162
6	3
2	4
1	6
1	2
3	7
7	37
4	27
7	16
4	26
37	5
27	39
16	11
26	20
5	33
39	13
2	12
26	9
4	10
11	18
27	24
20	25
5	28
33	29
13	31
4	17
4	35
26	36
# tree 163
6	3
2	4
1	6
1	2
3	7
7	37
7	16
4	26
37	5
2	39
16	11
4	27
26	20
5	33
39	13
2	12
26	9
4	10
11	18
27	24
20	25
5	28
33	29
13	31
39	35
4	17
26	36
# tree 164
6	3
2	4
1	6
1	2
3	7
7	37
7	16
4	26
37	5
4	39
16	11
4	27
26	20
5	33
39	13
2	12
26	9
4	10
11	18
27	24
20	25
5	28
33	29
13	31
39	35
4	17
26	36
# tree 165
6	3
2	4
1	6
1	2
3	7
7	37
4	27
7	16
4	26
37	5
27	39
16	11
26	20
5	33
39	13
2	12
4	10
11	18
27	24
20	25
5	28
33	29
13	31
39	35
4	17
26	36
4	9
# tree 166
6	3
2	4
1	6
1	2
3	7
7	37
4	27
7	16
4	26
27	39
37	5
16	11
26	20
2	12
39	35
39	13
5	33
26	9
4	10
26	17
11	18
20	25
5	28
12	36
35	24
7	29
2	31
# tree 167
6	3
2	4
1	6
1	2
3	7
7	37
4	27
7	16
4	26
27	39
37	5
16	11
26	20
2	12
39	35
39	13
5	33
26	9
4	10
26	17
11	18
20	25
5	28
12	36
35	24
7	29
39	31
# tree 168
6	3
2	4
1	6
1	2
3	7
7	37
4	27
7	16
4	26
27	39
37	5
16	11
26	20
2	12
39	35
39	13
5	33
26	9
4	10
26	17
11	18
20	25
5	28
12	36
35	24
7	29
4	31
# tree 169
6	3
2	4
1	6
1	2
3	7
7	37
4	27
7	16
4	26
27	39
37	5
16	11
26	20
2	12
39	35
39	13
5	33
26	9
4	10
26	17
11	18
20	25
5	28
12	36
35	24
7	29
27	31
# tree 170
6	3
2	4
1	6
1	2
3	7
7	37
4	27
7	16
4	26
27	39
37	5
16	11
26	20
39	13
2	12
4	35
5	33
26	9
4	10
26	17
11	18
20	25
5	28
13	31
12	36
35	24
7	29
# tree 171
6	3
2	4
1	6
1	2
3	7
7	37
4	27
7	16
4	26
27	39
37	5
16	11
26	20
39	13
39	35
2	12
5	33
26	9
4	10
26	17
11	18
20	25
5	28
13	31
35	24
7	29
26	36
# tree 172
6	3
2	4
1	6
1	2
3	7
7	37
7	16
4	26
2	39
37	5
16	11
26	20
39	13
2	12
39	35
4	27
5	33
26	9
4	10
26	17
11	18
20	25
5	28
13	31
12	36
35	24
7	29
# tree 173
6	3
2	4
1	6
1	2
3	7
7	37
7	16
4	26
4	39
37	5
16	11
26	20
39	13
2	12
39	35
4	27
5	33
26	9
4	10
26	17
11	18
20	25
5	28
13	31
12	36
35	24
7	29
# tree 174
6	3
2	4
1	6
1	2
3	7
7	37
4	27
7	16
4	26
27	39
37	5
16	11
26	20
39	13
2	12
39	35
5	33
4	10
26	17
11	18
20	25
5	28
13	31
12	36
35	24
7	29
4	9
# tree 175
6	3
2	4
1	6
1	2
3	7
7	37
4	27
7	16
4	26
37	5
27	39
16	11
26	20
5	33
2	12
4	35
39	13
26	9
4	10
26	17
11	18
20	25
5	28
33	29
12	36
35	24
27	31
# tree 176
6	3
2	4
1	6
1	2
3	7
7	37
4	27
7	16
4	26
37	5
27	39
16	11
26	20
5	33
39	35
2	12
39	13
26	9
4	10
26	17
11	18
20	25
5	28
33	29
35	24
27	31
26	36
# tree 177
6	3
2	4
1	6
1	2
3	7
7	37
7	16
4	26
37	5
2	39
16	11
26	20
5	33
2	12
39	35
4	27
39	13
26	9
4	10
26	17
11	18
20	25
5	28
33	29
12	36
35	24
27	31
# tree 178
6	3
2	4
1	6
1	2
3	7
7	37
7	16
4	26
37	5
4	39
16	11
26	20
5	33
2	12
39	35
4	27
39	13
26	9
4	10
26	17
11	18
20	25
5	28
33	29
12	36
35	24
27	31
# tree 179
6	3
2	4
1	6
1	2
3	7
7	37
4	27
7	16
4	26
37	5
27	39
16	11
26	20
5	33
2	12
39	35
39	13
4	10
26	17
11	18
20	25
5	28
33	29
12	36
35	24
27	31
4	9
# tree 180
6	3
2	4
1	6
1	2
3	7
7	37
4	27
7	16
4	26
37	5
27	39
16	11
26	20
5	33
39	13
4	35
2	12
26	9
4	10
26	17
11	18
20	25
5	28
33	29
13	31
35	24
26	36
# tree 181
6	3
2	4
1	6
1	2
3	7
7	37
7	16
4	26
37	5
2	39
16	11
26	20
5	33
39	13
2	12
4	35
4	27
26	9
4	10
26	17
11	18
20	25
5	28
33	29
13	31
12	36
35	24
# tree 182
6	3
2	4
1	6
1	2
3	7
7	37
7	16
4	26
37	5
4	39
16	11
26	20
5	33
39	13
2	12
4	35
4	27
26	9
4	10
26	17
11	18
20	25
5	28
33	29
13	31
12	36
35	24
# tree 183
6	3
2	4
1	6
1	2
3	7
7	37
4	27
7	16
4	26
37	5
27	39
16	11
26	20
5	33
39	13
2	12
4	35
4	10
26	17
11	18
20	25
5	28
33	29
13	31
12	36
35	24
4	9
# tree 184
6	3
2	4
1	6
1	2
3	7
7	37
7	16
4	26
37	5
2	39
16	11
26	20
5	33
39	13
39	35
4	27
2	12
26	9
4	10
26	17
11	18
20	25
5	28
33	29
13	31
35	24
26	36
# tree 185
6	3
2	4
1	6
1	2
3	7
7	37
7	16
4	26
37	5
4	39
16	11
26	20
5	33
39	13
39	35
4	27
2	12
26	9
4	10
26	17
11	18
20	25
5	28
33	29
13	31
35	24
26	36
# tree 186
6	3
2	4
1	6
1	2
3	7
7	37
4	27
7	16
4	26
37	5
27	39
16	11
26	20
5	33
39	13
39	35
2	12
4	10
26	17
11	18
20	25
5	28
33	29
13	31
35	24
26	36
4	9
# tree 187
6	3
1	6
1	2
3	7
2	4
7	37
7	16
4	26
37	5
4	39
16	11
26	20
5	33
39	13
2	12
39	35
4	27
4	10
26	17
11	18
20	25
5	28
33	29
13	31
12	36
35	24
4	9
# tree 188
6	3
2	4
1	6
1	2
3	7
4	27
7	37
7	16
4	26
27	39
37	5
16	11
26	20
2	12
39	13
5	33
26	9
4	10
26	17
11	18
27	24
20	25
5	28
12	36
7	29
27	31
4	35
# tree 189
6	3
2	4
1	6
1	2
3	7
4	27
7	37
7	16
4	26
27	39
37	5
16	11
26	20
2	12
39	13
5	33
26	9
4	10
26	17
11	18
27	24
20	25
5	28
39	35
7	29
27	31
26	36
# tree 190
6	3
2	4
1	6
1	2
3	7
7	37
7	16
4	26
2	39
37	5
16	11
4	27
26	20
2	12
39	13
5	33
26	9
4	10
26	17
11	18
27	24
20	25
5	28
39	35
12	36
7	29
27	31
# tree 191
6	3
2	4
1	6
1	2
3	7
7	37
7	16
4	26
4	39
37	5
16	11
4	27
26	20
2	12
39	13
5	33
26	9
4	10
26	17
11	18
27	24
20	25
5	28
39	35
12	36
7	29
27	31
# tree 192
6	3
2	4
1	6
1	2
3	7
4	27
7	37
7	16
4	26
27	39
37	5
16	11
26	20
2	12
39	13
5	33
4	10
26	17
11	18
27	24
20	25
5	28
39	35
12	36
7	29
27	31
4	9
# tree 193
6	3
2	4
1	6
1	2
3	7
4	27
7	37
7	16
4	26
27	39
37	5
16	11
26	20
39	13
2	12
5	33
26	9
4	10
26	17
11	18
27	24
20	25
5	28
13	31
7	29
4	35
26	36
# tree 194
6	3
2	4
1	6
1	2
3	7
7	37
7	16
4	26
2	39
37	5
16	11
4	27
26	20
39	13
2	12
5	33
26	9
4	10
26	17
11	18
27	24
20	25
5	28
13	31
12	36
7	29
4	35
# tree 195
6	3
2	4
1	6
1	2
3	7
7	37
7	16
4	26
4	39
37	5
16	11
4	27
26	20
39	13
2	12
5	33
26	9
4	10
26	17
11	18
27	24
20	25
5	28
13	31
12	36
7	29
4	35
# tree 196
6	3
2	4
1	6
1	2
3	7
4	27
7	37
7	16
4	26
27	39
37	5
16	11
26	20
39	13
2	12
5	33
4	10
26	17
11	18
27	24
20	25
5	28
13	31
12	36
7	29
4	35
4	9
# tree 197
6	3
2	4
1	6
1	2
3	7
7	37
7	16
4	26
2	39
37	5
16	11
4	27
26	20
39	13
2	12
5	33
26	9
4	10
26	17
11	18
27	24
20	25
5	28
13	31
39	35
7	29
26	36
# tree 198
6	3
2	4
1	6
1	2
3	7
7	37
7	16
4	26
4	39
37	5
16	11
4	27
26	20
39	13
2	12
5	33
26	9
4	10
26	17
11	18
27	24
20	25
5	28
13	31
39	35
7	29
26	36
# tree 199
6	3
2	4
1	6
1	2
3	7
4	27
7	37
7	16
4	26
27	39
37	5
16	11
26	20
39	13
2	12
5	33
4	10
26	17
11	18
27	24
20	25
5	28
13	31
39	35
7	29
26	36
4	9
# tree 200
6	3
1	6
1	2
3	7
2	4
7	37
7	16
4	26
4	39
37	5
16	11
4	27
26	20
39	13
2	12
5	33
4	10
26	17
11	18
27	24
20	25
5	28
13	31
39	35
12	36
7	29
4	9
# tree 201
6	3
2	4
1	6
1	2
3	7
7	37
4	27
7	16
4	26
37	5
27	39
16	11
26	20
5	33
2	12
39	13
26	9
4	10
26	17
11	18
27	24
20	25
5	28
33	29
27	31
4	35
26	36
# tree 202
6	3
2	4
1	6
1	2
3	7
7	37
7	16
4	26
37	5
2	39
16	11
4	27
26	20
5	33
2	12
39	13
26	9
4	10
26	17
11	18
27	24
20	25
5	28
33	29
12	36
27	31
4	35
# tree 203
6	3
2	4
1	6
1	2
3	7
7	37
7	16
4	26
37	5
4	39
16	11
4	27
26	20
5	33
2	12
39	13
26	9
4	10
26	17
11	18
27	24
20	25
5	28
33	29
12	36
27	31
4	35
# tree 204
6	3
2	4
1	6
1	2
3	7
7	37
4	27
7	16
4	26
37	5
27	39
16	11
26	20
5	33
2	12
39	13
4	10
26	17
11	18
27	24
20	25
5	28
33	29
12	36
27	31
4	35
4	9
# tree 205
6	3
2	4
1	6
1	2
3	7
7	37
7	16
4	26
37	5
2	39
16	11
4	27
26	20
5	33
2	12
39	13
26	9
4	10
26	17
11	18
27	24
20	25
5	28
33	29
39	35
27	31
26	36
# tree 206
6	3
2	4
1	6
1	2
3	7
7	37
7	16
4	26
37	5
4	39
16	11
4	27
26	20
5	33
2	12
39	13
26	9
4	10
26	17
11	18
27	24
20	25
5	28
33	29
39	35
27	31
26	36
# tree 207
6	3
2	4
1	6
1	2
3	7
7	37
4	27
7	16
4	26
37	5
27	39
16	11
26	20
5	33
2	12
39	13
4	10
26	17
11	18
27	24
20	25
5	28
33	29
39	35
27	31
26	36
4	9
# tree 208
6	3
1	6
1	2
3	7
2	4
7	37
7	16
4	26
37	5
4	39
16	11
4	27
26	20
5	33
2	12
39	13
4	10
26	17
11	18
27	24
20	25
5	28
33	29
39	35
12	36
27	31
4	9
# tree 209
6	3
2	4
1	6
1	2
3	7
7	37
7	16
4	26
37	5
2	39
16	11
4	27
26	20
5	33
39	13
2	12
26	9
4	10
26	17
11	18
27	24
20	25
5	28
33	29
13	31
4	35
26	36
# tree 210
6	3
2	4
1	6
1	2
3	7
7	37
7	16
4	26
37	5
4	39
16	11
4	27
26	20
5	33
39	13
2	12
26	9
4	10
26	17
11	18
27	24
20	25
5	28
33	29
13	31
4	35
26	36
# tree 211
6	3
2	4
1	6
1	2
3	7
7	37
4	27
7	16
4	26
37	5
27	39
16	11
26	20
5	33
39	13
2	12
4	10
26	17
11	18
27	24
20	25
5	28
33	29
13	31
4	35
26	36
4	9
# tree 212
6	3
1	6
1	2
3	7
2	4
7	37
7	16
4	26
37	5
4	39
16	11
4	27
26	20
5	33
39	13
2	12
4	10
26	17
11	18
27	24
20	25
5	28
33	29
13	31
12	36
4	35
4	9
# tree 213
6	3
1	6
1	2
3	7
2	4
7	37
7	16
4	26
37	5
4	39
16	11
4	27
26	20
5	33
39	13
2	12
4	10
26	17
11	18
27	24
20	25
5	28
33	29
13	31
39	35
26	36
4	9
# tree 214
1	6
1	2
6	3
3	7
2	4
7	37
7	16
4	26
37	5
4	27
2	12
16	11
26	20
5	33
27	13
27	39
12	36
26	9
11	18
20	25
5	28
33	29
13	31
39	35
36	10
4	17
1	24
# tree 215
1	6
1	2
6	3
3	7
2	4
7	37
7	16
4	26
37	5
4	27
2	12
16	11
26	20
5	33
27	13
27	39
12	36
26	9
11	18
20	25
5	28
33	29
13	31
39	35
36	10
4	17
2	24
# tree 216
1	6
1	2
6	3
3	7
2	4
7	37
7	16
4	26
37	5
4	27
2	12
16	11
26	20
5	33
27	13
27	39
12	36
26	9
11	18
20	25
5	28
33	29
13	31
39	35
36	10
4	17
4	24
# tree 217
1	6
1	2
6	3
3	7
2	4
7	37
7	16
4	26
37	5
4	27
2	12
16	11
26	20
5	33
27	13
27	39
12	36
26	9
11	18
39	24
20	25
5	28
33	29
13	31
39	35
36	10
4	17
# tree 218
1	6
1	2
6	3
3	7
2	4
7	37
7	16
4	26
37	5
4	27
2	12
16	11
26	20
27	13
27	39
12	36
5	33
26	9
11	18
27	24
20	25
5	28
13	31
39	35
36	10
4	17
7	29
# tree 219
1	6
1	2
6	3
3	7
2	4
7	37
7	16
4	26
37	5
4	27
2	12
16	11
26	20
5	33
27	39
12	36
27	13
26	9
11	18
27	24
20	25
5	28
33	29
39	35
36	10
4	17
2	31
# tree 220
1	6
1	2
6	3
3	7
2	4
7	37
7	16
4	26
37	5
4	27
2	12
16	11
26	20
5	33
27	39
12	36
27	13
26	9
11	18
27	24
20	25
5	28
33	29
39	35
36	10
4	17
39	31
# tree 221
1	6
1	2
6	3
3	7
2	4
7	37
7	16
4	26
37	5
4	27
2	12
16	11
26	20
5	33
27	39
12	36
27	13
26	9
11	18
27	24
20	25
5	28
33	29
39	35
36	10
4	17
4	31
# tree 222
1	6
1	2
6	3
3	7
2	4
7	37
7	16
4	26
37	5
4	27
2	12
16	11
26	20
5	33
27	39
12	36
27	13
26	9
11	18
27	24
20	25
5	28
33	29
39	35
36	10
4	17
27	31
# tree 223
1	6
1	2
6	3
3	7
2	4
7	37
7	16
4	26
37	5
4	27
2	12
16	11
26	20
5	33
27	13
12	36
27	39
26	9
11	18
27	24
20	25
5	28
33	29
13	31
36	10
4	17
4	35
# tree 224
1	6
1	2
6	3
3	7
2	4
7	37
7	16
4	26
37	5
4	27
16	11
26	20
5	33
27	13
27	39
26	36
2	12
26	9
11	18
27	24
20	25
5	28
33	29
13	31
39	35
36	10
4	17
# tree 225
1	6
1	2
6	3
3	7
2	4
7	37
7	16
4	26
37	5
4	27
2	12
16	11
26	20
5	33
27	13
2	39
12	36
26	9
11	18
27	24
20	25
5	28
33	29
13	31
39	35
36	10
4	17
# tree 226
1	6
1	2
6	3
3	7
2	4
7	37
7	16
4	26
37	5
4	27
2	12
16	11
26	20
5	33
27	13
4	39
12	36
26	9
11	18
27	24
20	25
5	28
33	29
13	31
39	35
36	10
4	17
# tree 227
1	6
1	2
6	3
3	7
2	4
7	37
7	16
4	26
37	5
4	27
2	12
16	11
26	20
5	33
27	13
27	39
12	36
11	18
27	24
20	25
5	28
33	29
13	31
39	35
36	10
4	17
4	9
# tree 228
1	6
1	2
6	3
3	7
2	4
7	37
7	16
4	26
4	27
2	12
37	5
16	11
26	20
27	39
12	36
27	13
5	33
26	9
26	17
11	18
27	24
20	25
5	28
39	35
36	10
7	29
2	31
# tree 229
1	6
1	2
6	3
3	7
2	4
7	37
7	16
4	26
4	27
2	12
37	5
16	11
26	20
27	39
12	36
27	13
5	33
26	9
26	17
11	18
27	24
20	25
5	28
39	35
36	10
7	29
39	31
# tree 230
1	6
1	2
6	3
3	7
2	4
7	37
7	16
4	26
4	27
2	12
37	5
16	11
26	20
27	39
12	36
27	13
5	33
26	9
26	17
11	18
27	24
20	25
5	28
39	35
36	10
7	29
4	31
# tree 231
1	6
1	2
6	3
3	7
2	4
7	37
7	16
4	26
4	27
2	12
37	5
16	11
26	20
27	39
12	36
27	13
5	33
26	9
26	17
11	18
27	24
20	25
5	28
39	35
36	10
7	29
27	31
# tree 232
1	6
1	2
6	3
3	7
2	4
7	37
7	16
4	26
4	27
2	12
37	5
16	11
26	20
27	13
12	36
27	39
5	33
26	9
26	17
11	18
27	24
20	25
5	28
13	31
36	10
7	29
4	35
# tree 233
1	6
1	2
6	3
3	7
2	4
7	37
7	16
4	26
4	27
37	5
16	11
26	20
27	13
27	39
26	36
2	12
5	33
26	9
26	17
11	18
27	24
20	25
5	28
13	31
39	35
36	10
7	29
# tree 234
1	6
1	2
6	3
3	7
2	4
7	37
7	16
4	26
4	27
2	12
37	5
16	11
26	20
27	13
2	39
12	36
5	33
26	9
26	17
11	18
27	24
20	25
5	28
13	31
39	35
36	10
7	29
# tree 235
1	6
1	2
6	3
3	7
2	4
7	37
7	16
4	26
4	27
2	12
37	5
16	11
26	20
27	13
4	39
12	36
5	33
26	9
26	17
11	18
27	24
20	25
5	28
13	31
39	35
36	10
7	29
# tree 236
1	6
1	2
6	3
3	7
2	4
7	37
7	16
4	26
4	27
2	12
37	5
16	11
26	20
27	13
27	39
12	36
5	33
26	17
11	18
27	24
20	25
5	28
13	31
39	35
36	10
7	29
4	9
# tree 237
1	6
1	2
6	3
3	7
2	4
7	37
7	16
4	26
37	5
4	27
2	12
16	11
26	20
5	33
12	36
27	39
27	13
26	9
26	17
11	18
27	24
20	25
5	28
33	29
36	10
27	31
4	35
# tree 238
1	6
1	2
6	3
3	7
2	4
7	37
7	16
4	26
37	5
4	27
16	11
26	20
5	33
27	39
26	36
2	12
27	13
26	9
26	17
11	18
27	24
20	25
5	28
33	29
39	35
36	10
27	31
# tree 239
1	6
1	2
6	3
3	7
2	4
7	37
7	16
4	26
37	5
2	12
4	27
16	11
26	20
5	33
2	39
12	36
27	13
26	9
26	17
11	18
27	24
20	25
5	28
33	29
39	35
36	10
27	31
# tree 240
1	6
1	2
6	3
3	7
2	4
7	37
7	16
4	26
37	5
2	12
4	27
16	11
26	20
5	33
4	39
12	36
27	13
26	9
26	17
11	18
27	24
20	25
5	28
33	29
39	35
36	10
27	31
# tree 241
1	6
1	2
6	3
3	7
2	4
7	37
7	16
4	26
37	5
4	27
2	12
16	11
26	20
5	33
27	39
12	36
27	13
26	17
11	18
27	24
20	25
5	28
33	29
39	35
36	10
27	31
4	9
# tree 242
1	6
1	2
6	3
3	7
2	4
7	37
7	16
4	26
37	5
4	27
16	11
26	20
5	33
27	13
26	36
2	12
27	39
26	9
26	17
11	18
27	24
20	25
5	28
33	29
13	31
36	10
4	35
# tree 243
1	6
1	2
6	3
3	7
2	4
7	37
7	16
4	26
37	5
4	27
2	12
16	11
26	20
5	33
27	13
12	36
26	9
26	17
11	18
27	24
20	25
5	28
33	29
13	31
36	10
4	35
2	39
# tree 244
1	6
1	2
6	3
3	7
2	4
7	37
7	16
4	26
37	5
4	27
2	12
16	11
26	20
5	33
27	13
12	36
26	9
26	17
11	18
27	24
20	25
5	28
33	29
13	31
36	10
4	35
4	39
# tree 245
1	6
1	2
6	3
3	7
2	4
7	37
7	16
4	26
37	5
4	27
2	12
16	11
26	20
5	33
27	13
12	36
27	39
26	17
11	18
27	24
20	25
5	28
33	29
13	31
36	10
4	35
4	9
# tree 246
1	6
1	2
6	3
3	7
2	4
7	37
7	16
4	26
37	5
4	27
16	11
26	20
5	33
27	13
2	39
26	36
2	12
26	9
26	17
11	18
27	24
20	25
5	28
33	29
13	31
39	35
36	10
# tree 247
1	6
1	2
6	3
3	7
2	4
7	37
7	16
4	26
37	5
4	27
16	11
26	20
5	33
27	13
4	39
26	36
2	12
26	9
26	17
11	18
27	24
20	25
5	28
33	29
13	31
39	35
36	10
# tree 248
1	6
1	2
6	3
3	7
2	4
7	37
7	16
4	26
37	5
4	27
16	11
26	20
5	33
27	13
27	39
26	36
2	12
26	17
11	18
27	24
20	25
5	28
33	29
13	31
39	35
36	10
4	9
# tree 249
1	6
1	2
6	3
3	7
2	4
7	37
7	16
4	26
37	5
4	27
2	12
16	11
26	20
5	33
27	13
4	39
12	36
26	17
11	18
27	24
20	25
5	28
33	29
13	31
39	35
36	10
4	9
# tree 250
1	6
1	2
6	3
3	7
2	4
7	37
4	27
7	16
4	26
27	39
2	12
37	5
16	11
26	20
12	36
39	13
5	33
26	9
11	18
27	24
20	25
5	28
39	35
36	10
4	17
7	29
2	31
# tree 251
1	6
1	2
6	3
3	7
2	4
7	37
4	27
7	16
4	26
27	39
2	12
37	5
16	11
26	20
12	36
39	13
5	33
26	9
11	18
27	24
20	25
5	28
39	35
36	10
4	17
7	29
39	31
# tree 252
1	6
1	2
6	3
3	7
2	4
7	37
4	27
7	16
4	26
27	39
2	12
37	5
16	11
26	20
12	36
39	13
5	33
26	9
11	18
27	24
20	25
5	28
39	35
36	10
4	17
7	29
4	31
# tree 253
1	6
1	2
6	3
3	7
2	4
7	37
4	27
7	16
4	26
27	39
2	12
37	5
16	11
26	20
12	36
39	13
5	33
26	9
11	18
27	24
20	25
5	28
39	35
36	10
4	17
7	29
27	31
# tree 254
1	6
1	2
6	3
3	7
2	4
7	37
4	27
7	16
4	26
27	39
2	12
37	5
16	11
26	20
39	13
12	36
5	33
26	9
11	18
27	24
20	25
5	28
13	31
36	10
4	17
7	29
4	35
# tree 255
1	6
1	2
6	3
3	7
2	4
7	37
4	27
7	16
4	26
27	39
37	5
16	11
26	20
39	13
26	36
2	12
5	33
26	9
11	18
27	24
20	25
5	28
13	31
39	35
36	10
4	17
7	29
# tree 256
1	6
1	2
6	3
3	7
2	4
7	37
7	16
4	26
2	39
2	12
37	5
16	11
4	27
26	20
39	13
12	36
5	33
26	9
11	18
27	24
20	25
5	28
13	31
39	35
36	10
4	17
7	29
# tree 257
1	6
1	2
6	3
3	7
2	4
7	37
7	16
4	26
4	39
2	12
37	5
16	11
4	27
26	20
39	13
12	36
5	33
26	9
11	18
27	24
20	25
5	28
13	31
39	35
36	10
4	17
7	29
# tree 258
1	6
1	2
6	3
3	7
2	4
7	37
4	27
7	16
4	26
27	39
2	12
37	5
16	11
26	20
39	13
12	36
5	33
11	18
27	24
20	25
5	28
13	31
39	35
36	10
4	17
7	29
4	9
# tree 259
1	6
1	2
6	3
3	7
2	4
7	37
4	27
7	16
4	26
37	5
2	12
27	39
16	11
26	20
5	33
12	36
39	13
26	9
11	18
27	24
20	25
5	28
33	29
36	10
4	17
27	31
4	35
# tree 260
1	6
1	2
6	3
3	7
2	4
7	37
4	27
7	16
4	26
37	5
27	39
16	11
26	20
5	33
26	36
2	12
39	13
26	9
11	18
27	24
20	25
5	28
33	29
39	35
36	10
4	17
27	31
# tree 261
1	6
1	2
6	3
3	7
2	4
7	37
7	16
4	26
37	5
2	12
2	39
16	11
4	27
26	20
5	33
12	36
39	13
26	9
11	18
27	24
20	25
5	28
33	29
39	35
36	10
4	17
27	31
# tree 262
1	6
1	2
6	3
3	7
2	4
7	37
7	16
4	26
37	5
2	12
4	39
16	11
4	27
26	20
5	33
12	36
39	13
26	9
11	18
27	24
20	25
5	28
33	29
39	35
36	10
4	17
27	31
# tree 263
1	6
1	2
6	3
3	7
2	4
7	37
4	27
7	16
4	26
37	5
2	12
27	39
16	11
26	20
5	33
12	36
39	13
11	18
27	24
20	25
5	28
33	29
39	35
36	10
4	17
27	31
4	9
# tree 264
1	6
1	2
6	3
3	7
2	4
7	37
4	27
7	16
4	26
37	5
27	39
16	11
26	20
5	33
39	13
26	36
2	12
26	9
11	18
27	24
20	25
5	28
33	29
13	31
36	10
4	17
4	35
# tree 265
1	6
1	2
6	3
3	7
2	4
7	37
7	16
4	26
37	5
2	39
2	12
16	11
4	27
26	20
5	33
39	13
12	36
26	9
11	18
27	24
20	25
5	28
33	29
13	31
36	10
4	17
4	35
# tree 266
1	6
1	2
6	3
3	7
2	4
7	37
7	16
4	26
37	5
4	39
2	12
16	11
4	27
26	20
5	33
39	13
12	36
26	9
11	18
27	24
20	25
5	28
33	29
13	31
36	10
4	17
4	35
# tree 267
1	6
1	2
6	3
3	7
2	4
7	37
4	27
7	16
4	26
37	5
27	39
2	12
16	11
26	20
5	33
39	13
12	36
11	18
27	24
20	25
5	28
33	29
13	31
36	10
4	17
4	35
4	9
# tree 268
1	6
1	2
6	3
3	7
2	4
7	37
7	16
4	26
37	5
2	39
16	11
4	27
26	20
5	33
39	13
26	36
2	12
26	9
11	18
27	24
20	25
5	28
33	29
13	31
39	35
36	10
4	17
# tree 269
1	6
1	2
6	3
3	7
2	4
7	37
7	16
4	26
37	5
4	39
16	11
4	27
26	20
5	33
39	13
26	36
2	12
26	9
11	18
27	24
20	25
5	28
33	29
13	31
39	35
36	10
4	17
# tree 270
1	6
1	2
6	3
3	7
2	4
7	37
4	27
7	16
4	26
37	5
27	39
16	11
26	20
5	33
39	13
26	36
2	12
11	18
27	24
20	25
5	28
33	29
13	31
39	35
36	10
4	17
4	9
# tree 271
1	6
1	2
6	3
3	7
2	4
7	37
7	16
4	26
37	5
4	39
2	12
16	11
4	27
26	20
5	33
39	13
12	36
11	18
27	24
20	25
5	28
33	29
13	31
39	35
36	10
4	17
4	9
# tree 272
1	6
1	2
6	3
3	7
2	4
4	27
7	37
7	16
4	26
2	12
27	39
37	5
16	11
26	20
12	36
39	13
5	33
26	9
26	17
11	18
27	24
20	25
5	28
36	10
7	29
27	31
4	35
# tree 273
1	6
1	2
6	3
3	7
2	4
4	27
7	37
7	16
4	26
27	39
37	5
16	11
26	20
26	36
2	12
39	13
5	33
26	9
26	17
11	18
27	24
20	25
5	28
39	35
36	10
7	29
27	31
# tree 274
1	6
1	2
6	3
3	7
2	4
7	37
7	16
4	26
2	12
2	39
37	5
16	11
4	27
26	20
12	36
39	13
5	33
26	9
26	17
11	18
27	24
20	25
5	28
39	35
36	10
7	29
27	31
# tree 275
1	6
1	2
6	3
3	7
2	4
7	37
7	16
4	26
2	12
4	39
37	5
16	11
4	27
26	20
12	36
39	13
5	33
26	9
26	17
11	18
27	24
20	25
5	28
39	35
36	10
7	29
27	31
# tree 276
1	6
1	2
6	3
3	7
2	4
4	27
7	37
7	16
4	26
2	12
27	39
37	5
16	11
26	20
12	36
39	13
5	33
26	17
11	18
27	24
20	25
5	28
39	35
36	10
7	29
27	31
4	9
# tree 277
1	6
1	2
6	3
3	7
2	4
4	27
7	37
7	16
4	26
27	39
37	5
16	11
26	20
39	13
26	36
2	12
5	33
26	9
26	17
11	18
27	24
20	25
5	28
13	31
36	10
7	29
4	35
# tree 278
1	6
1	2
6	3
3	7
2	4
7	37
7	16
4	26
2	39
2	12
37	5
16	11
4	27
26	20
39	13
12	36
5	33
26	9
26	17
11	18
27	24
20	25
5	28
13	31
36	10
7	29
4	35
# tree 279
1	6
1	2
6	3
3	7
2	4
7	37
7	16
4	26
4	39
2	12
37	5
16	11
4	27
26	20
39	13
12	36
5	33
26	9
26	17
11	18
27	24
20	25
5	28
13	31
36	10
7	29
4	35
# tree 280
1	6
1	2
6	3
3	7
2	4
4	27
7	37
7	16
4	26
27	39
2	12
37	5
16	11
26	20
39	13
12	36
5	33
26	17
11	18
27	24
20	25
5	28
13	31
36	10
7	29
4	35
4	9
# tree 281
1	6
1	2
6	3
3	7
2	4
7	37
7	16
4	26
2	39
37	5
16	11
4	27
26	20
39	13
26	36
2	12
5	33
26	9
26	17
11	18
27	24
20	25
5	28
13	31
39	35
36	10
7	29
# tree 282
1	6
1	2
6	3
3	7
2	4
7	37
7	16
4	26
4	39
37	5
16	11
4	27
26	20
39	13
26	36
2	12
5	33
26	9
26	17
11	18
27	24
20	25
5	28
13	31
39	35
36	10
7	29
# tree 283
1	6
1	2
6	3
3	7
2	4
4	27
7	37
7	16
4	26
27	39
37	5
16	11
26	20
39	13
26	36
2	12
5	33
26	17
11	18
27	24
20	25
5	28
13	31
39	35
36	10
7	29
4	9
# tree 284
1	6
1	2
6	3
3	7
2	4
7	37
7	16
4	26
4	39
2	12
37	5
16	11
4	27
26	20
39	13
12	36
5	33
26	17
11	18
27	24
20	25
5	28
13	31
39	35
36	10
7	29
4	9
# tree 285
1	6
1	2
6	3
3	7
2	4
7	37
4	27
7	16
4	26
37	5
27	39
16	11
26	20
5	33
26	36
2	12
39	13
26	9
26	17
11	18
27	24
20	25
5	28
33	29
36	10
27	31
4	35
# tree 286
1	6
1	2
6	3
3	7
2	4
7	37
7	16
4	26
37	5
2	12
2	39
16	11
4	27
26	20
5	33
12	36
39	13
26	9
26	17
11	18
27	24
20	25
5	28
33	29
36	10
27	31
4	35
# tree 287
1	6
1	2
6	3
3	7
2	4
7	37
7	16
4	26
37	5
2	12
4	39
16	11
4	27
26	20
5	33
12	36
39	13
26	9
26	17
11	18
27	24
20	25
5	28
33	29
36	10
27	31
4	35
# tree 288
1	6
1	2
6	3
3	7
2	4
7	37
4	27
7	16
4	26
37	5
2	12
27	39
16	11
26	20
5	33
12	36
39	13
26	17
11	18
27	24
20	25
5	28
33	29
36	10
27	31
4	35
4	9
# tree 289
1	6
1	2
6	3
3	7
2	4
7	37
7	16
4	26
37	5
2	39
16	11
4	27
26	20
5	33
26	36
2	12
39	13
26	9
26	17
11	18
27	24
20	25
5	28
33	29
39	35
36	10
27	31
# tree 290
1	6
1	2
6	3
3	7
2	4
7	37
7	16
4	26
37	5
4	39
16	11
4	27
26	20
5	33
26	36
2	12
39	13
26	9
26	17
11	18
27	24
20	25
5	28
33	29
39	35
36	10
27	31
# tree 291
1	6
1	2
6	3
3	7
2	4
7	37
4	27
7	16
4	26
37	5
27	39
16	11
26	20
5	33
26	36
2	12
39	13
26	17
11	18
27	24
20	25
5	28
33	29
39	35
36	10
27	31
4	9
# tree 292
1	6
1	2
6	3
3	7
2	4
7	37
7	16
4	26
37	5
2	12
4	39
16	11
4	27
26	20
5	33
12	36
39	13
26	17
11	18
27	24
20	25
5	28
33	29
39	35
36	10
27	31
4	9
# tree 293
1	6
1	2
6	3
3	7
2	4
7	37
7	16
4	26
37	5
2	39
16	11
4	27
26	20
5	33
39	13
26	36
2	12
26	9
26	17
11	18
27	24
20	25
5	28
33	29
13	31
36	10
4	35
# tree 294
1	6
1	2
6	3
3	7
2	4
7	37
7	16
4	26
37	5
4	39
16	11
4	27
26	20
5	33
39	13
26	36
2	12
26	9
26	17
11	18
27	24
20	25
5	28
33	29
13	31
36	10
4	35
# tree 295
1	6
1	2
6	3
3	7
2	4
7	37
4	27
7	16
4	26
37	5
27	39
16	11
26	20
5	33
39	13
26	36
2	12
26	17
11	18
27	24
20	25
5	28
33	29
13	31
36	10
4	35
4	9
# tree 296
1	6
1	2
6	3
3	7
2	4
7	37
7	16
4	26
37	5
4	39
2	12
16	11
4	27
26	20
5	33
39	13
12	36
26	17
11	18
27	24
20	25
5	28
33	29
13	31
36	10
4	35
4	9
# tree 297
1	6
1	2
6	3
3	7
2	4
7	37
7	16
4	26
37	5
4	39
16	11
4	27
26	20
5	33
39	13
26	36
2	12
26	17
11	18
27	24
20	25
5	28
33	29
13	31
39	35
36	10
4	9
# tree 298
1	6
6	3
1	2
3	7
2	4
7	37
7	16
4	26
4	27
37	5
16	11
26	20
27	13
27	39
2	12
5	33
26	9
4	10
11	18
27	24
20	25
5	28
13	31
39	35
4	17
7	29
26	36
# tree 299
1	6
6	3
1	2
3	7
2	4
7	37
7	16
4	26
37	5
4	27
16	11
26	20
5	33
27	39
2	12
27	13
26	9
4	10
11	18
27	24
20	25
5	28
33	29
39	35
4	17
27	31
26	36
# tree 300
1	6
6	3
1	2
3	7
2	4
7	37
7	16
4	26
37	5
4	27
16	11
26	20
5	33
27	13
2	12
27	39
26	9
4	10
11	18
27	24
20	25
5	28
33	29
13	31
4	17
4	35
26	36
# tree 301
1	6
6	3
1	2
3	7
2	4
7	37
7	16
4	26
37	5
4	27
16	11
26	20
5	33
27	13
2	39
2	12
26	9
4	10
11	18
27	24
20	25
5	28
33	29
13	31
39	35
4	17
26	36
# tree 302
1	6
6	3
1	2
3	7
2	4
7	37
7	16
4	26
37	5
4	27
16	11
26	20
5	33
27	13
4	39
2	12
26	9
4	10
11	18
27	24
20	25
5	28
33	29
13	31
39	35
4	17
26	36
# tree 303
1	6
6	3
1	2
3	7
2	4
7	37
7	16
4	26
37	5
4	27
16	11
26	20
5	33
27	13
27	39
2	12
4	10
11	18
27	24
20	25
5	28
33	29
13	31
39	35
4	17
26	36
4	9
# tree 304
1	6
6	3
1	2
3	7
2	4
7	37
7	16
4	26
4	27
37	5
16	11
26	20
2	12
27	39
27	13
5	33
26	9
4	10
26	17
11	18
27	24
20	25
5	28
12	36
7	29
27	31
4	35
# tree 305
1	6
6	3
1	2
3	7
2	4
7	37
7	16
4	26
4	27
37	5
16	11
26	20
27	39
2	12
27	13
5	33
26	9
4	10
26	17
11	18
27	24
20	25
5	28
39	35
7	29
27	31
26	36
# tree 306
1	6
6	3
1	2
3	7
2	4
7	37
7	16
4	26
4	27
37	5
16	11
26	20
2	39
2	12
27	13
5	33
26	9
4	10
26	17
11	18
27	24
20	25
5	28
39	35
12	36
7	29
27	31
# tree 307
1	6
6	3
1	2
3	7
2	4
7	37
7	16
4	26
4	27
37	5
16	11
26	20
4	39
2	12
27	13
5	33
26	9
4	10
26	17
11	18
27	24
20	25
5	28
39	35
12	36
7	29
27	31
# tree 308
1	6
6	3
1	2
3	7
2	4
7	37
7	16
4	26
4	27
37	5
16	11
26	20
27	39
2	12
27	13
5	33
4	10
26	17
11	18
27	24
20	25
5	28
39	35
12	36
7	29
27	31
4	9
# tree 309
1	6
6	3
1	2
3	7
2	4
7	37
7	16
4	26
4	27
37	5
16	11
26	20
27	13
2	12
27	39
5	33
26	9
4	10
26	17
11	18
27	24
20	25
5	28
13	31
7	29
4	35
26	36
# tree 310
1	6
6	3
1	2
3	7
2	4
7	37
7	16
4	26
4	27
37	5
16	11
26	20
27	13
2	12
5	33
26	9
4	10
26	17
11	18
27	24
20	25
5	28
13	31
12	36
7	29
4	35
2	39
# tree 311
1	6
6	3
1	2
3	7
2	4
7	37
7	16
4	26
4	27
37	5
16	11
26	20
27	13
2	12
5	33
26	9
4	10
26	17
11	18
27	24
20	25
5	28
13	31
12	36
7	29
4	35
4	39
# tree 312
1	6
6	3
1	2
3	7
2	4
7	37
7	16
4	26
4	27
37	5
16	11
26	20
27	13
2	12
27	39
5	33
4	10
26	17
11	18
27	24
20	25
5	28
13	31
12	36
7	29
4	35
4	9
# tree 313
1	6
6	3
1	2
3	7
2	4
7	37
7	16
4	26
4	27
37	5
16	11
26	20
27	13
2	39
2	12
5	33
26	9
4	10
26	17
11	18
27	24
20	25
5	28
13	31
39	35
7	29
26	36
# tree 314
1	6
6	3
1	2
3	7
2	4
7	37
7	16
4	26
4	27
37	5
16	11
26	20
27	13
4	39
2	12
5	33
26	9
4	10
26	17
11	18
27	24
20	25
5	28
13	31
39	35
7	29
26	36
# tree 315
1	6
6	3
1	2
3	7
2	4
7	37
7	16
4	26
4	27
37	5
16	11
26	20
27	13
27	39
2	12
5	33
4	10
26	17
11	18
27	24
20	25
5	28
13	31
39	35
7	29
26	36
4	9
# tree 316
1	6
6	3
1	2
3	7
2	4
7	37
7	16
4	26
4	27
37	5
16	11
26	20
27	13
4	39
2	12
5	33
4	10
26	17
11	18
27	24
20	25
5	28
13	31
39	35
12	36
7	29
4	9
# tree 317
1	6
6	3
1	2
3	7
2	4
7	37
7	16
4	26
37	5
4	27
16	11
26	20
5	33
2	12
27	39
27	13
26	9
4	10
26	17
11	18
27	24
20	25
5	28
33	29
27	31
4	35
26	36
# tree 318
1	6
6	3
1	2
3	7
2	4
7	37
7	16
4	26
37	5
4	27
16	11
26	20
5	33
2	12
27	13
26	9
4	10
26	17
11	18
27	24
20	25
5	28
33	29
12	36
27	31
4	35
2	39
# tree 319
1	6
6	3
1	2
3	7
2	4
7	37
7	16
4	26
37	5
4	27
16	11
26	20
5	33
2	12
27	13
26	9
4	10
26	17
11	18
27	24
20	25
5	28
33	29
12	36
27	31
4	35
4	39
# tree 320
1	6
6	3
1	2
3	7
2	4
7	37
7	16
4	26
37	5
4	27
16	11
26	20
5	33
2	12
27	39
27	13
4	10
26	17
11	18
27	24
20	25
5	28
33	29
12	36
27	31
4	35
4	9
# tree 321
1	6
6	3
1	2
3	7
2	4
7	37
7	16
4	26
37	5
4	27
16	11
26	20
5	33
2	39
2	12
27	13
26	9
4	10
26	17
11	18
27	24
20	25
5	28
33	29
39	35
27	31
26	36
# tree 322
1	6
6	3
1	2
3	7
2	4
7	37
7	16
4	26
37	5
4	27
16	11
26	20
5	33
4	39
2	12
27	13
26	9
4	10
26	17
11	18
27	24
20	25
5	28
33	29
39	35
27	31
26	36
# tree 323
1	6
6	3
1	2
3	7
2	4
7	37
7	16
4	26
37	5
4	27
16	11
26	20
5	33
27	39
2	12
27	13
4	10
26	17
11	18
27	24
20	25
5	28
33	29
39	35
27	31
26	36
4	9
# tree 324
1	6
6	3
1	2
3	7
2	4
7	37
7	16
4	26
37	5
4	27
16	11
26	20
5	33
4	39
2	12
27	13
4	10
26	17
11	18
27	24
20	25
5	28
33	29
39	35
12	36
27	31
4	9
# tree 325
1	6
6	3
1	2
3	7
2	4
7	37
7	16
4	26
37	5
4	27
16	11
26	20
5	33
27	13
2	12
26	9
4	10
26	17
11	18
27	24
20	25
5	28
33	29
13	31
4	35
26	36
2	39
# tree 326
1	6
6	3
1	2
3	7
2	4
7	37
7	16
4	26
37	5
4	27
16	11
26	20
5	33
27	13
2	12
26	9
4	10
26	17
11	18
27	24
20	25
5	28
33	29
13	31
4	35
26	36
4	39
# tree 327
1	6
6	3
1	2
3	7
2	4
7	37
7	16
4	26
37	5
4	27
16	11
26	20
5	33
27	13
2	12
27	39
4	10
26	17
11	18
27	24
20	25
5	28
33	29
13	31
4	35
26	36
4	9
# tree 328
1	6
6	3
1	2
3	7
2	4
7	37
7	16
4	26
37	5
4	27
16	11
26	20
5	33
27	13
2	12
4	10
26	17
11	18
27	24
20	25
5	28
33	29
13	31
12	36
4	35
4	39
4	9
# tree 329
1	6
6	3
1	2
3	7
2	4
7	37
7	16
4	26
37	5
4	27
16	11
26	20
5	33
27	13
4	39
2	12
4	10
26	17
11	18
27	24
20	25
5	28
33	29
13	31
39	35
26	36
4	9
# tree 330
1	6
1	2
6	3
3	7
2	4
4	27
7	37
7	16
4	26
27	39
37	5
16	11
26	20
2	12
39	13
5	33
26	9
4	10
11	18
27	24
20	25
5	28
39	35
4	17
7	29
27	31
26	36
# tree 331
1	6
1	2
6	3
3	7
2	4
4	27
7	37
7	16
4	26
27	39
37	5
16	11
26	20
39	13
2	12
5	33
26	9
4	10
11	18
27	24
20	25
5	28
13	31
4	17
7	29
4	35
26	36
# tree 332
1	6
1	2
6	3
3	7
2	4
7	37
7	16
4	26
2	39
37	5
16	11
4	27
26	20
39	13
2	12
5	33
26	9
4	10
11	18
27	24
20	25
5	28
13	31
39	35
4	17
7	29
26	36
# tree 333
1	6
1	2
6	3
3	7
2	4
7	37
7	16
4	26
4	39
37	5
16	11
4	27
26	20
39	13
2	12
5	33
26	9
4	10
11	18
27	24
20	25
5	28
13	31
39	35
4	17
7	29
26	36
# tree 334
1	6
1	2
6	3
3	7
2	4
4	27
7	37
7	16
4	26
27	39
37	5
16	11
26	20
39	13
2	12
5	33
4	10
11	18
27	24
20	25
5	28
13	31
39	35
4	17
7	29
26	36
4	9
# tree 335
1	6
1	2
6	3
3	7
2	4
7	37
4	27
7	16
4	26
37	5
27	39
16	11
26	20
5	33
2	12
39	13
26	9
4	10
11	18
27	24
20	25
5	28
33	29
4	17
27	31
4	35
26	36
# tree 336
1	6
1	2
6	3
3	7
2	4
7	37
7	16
4	26
37	5
2	39
16	11
4	27
26	20
5	33
2	12
39	13
26	9
4	10
11	18
27	24
20	25
5	28
33	29
39	35
4	17
27	31
26	36
# tree 337
1	6
1	2
6	3
3	7
2	4
7	37
7	16
4	26
37	5
4	39
16	11
4	27
26	20
5	33
2	12
39	13
26	9
4	10
11	18
27	24
20	25
5	28
33	29
39	35
4	17
27	31
26	36
# tree 338
1	6
1	2
6	3
3	7
2	4
7	37
4	27
7	16
4	26
37	5
27	39
16	11
26	20
5	33
2	12
39	13
4	10
11	18
27	24
20	25
5	28
33	29
39	35
4	17
27	31
26	36
4	9
# tree 339
1	6
1	2
6	3
3	7
2	4
7	37
7	16
4	26
37	5
2	39
16	11
4	27
26	20
5	33
39	13
2	12
26	9
4	10
11	18
27	24
20	25
5	28
33	29
13	31
4	17
4	35
26	36
# tree 340
1	6
1	2
6	3
3	7
2	4
7	37
7	16
4	26
37	5
4	39
16	11
4	27
26	20
5	33
39	13
2	12
26	9
4	10
11	18
27	24
20	25
5	28
33	29
13	31
4	17
4	35
26	36
# tree 341
1	6
1	2
6	3
3	7
2	4
7	37
4	27
7	16
4	26
37	5
27	39
16	11
26	20
5	33
39	13
2	12
4	10
11	18
27	24
20	25
5	28
33	29
13	31
4	17
4	35
26	36
4	9
# tree 342
1	6
1	2
6	3
3	7
2	4
7	37
7	16
4	26
37	5
4	39
16	11
4	27
26	20
5	33
39	13
2	12
4	10
11	18
27	24
20	25
5	28
33	29
13	31
39	35
4	17
26	36
4	9
# tree 343
1	6
1	2
6	3
3	7
2	4
4	27
7	37
7	16
4	26
27	39
37	5
16	11
26	20
2	12
4	35
39	13
5	33
26	9
4	10
26	17
11	18
20	25
5	28
12	36
35	24
7	29
27	31
# tree 344
1	6
1	2
6	3
3	7
2	4
4	27
7	37
7	16
4	26
27	39
37	5
16	11
26	20
39	35
2	12
39	13
5	33
26	9
4	10
26	17
11	18
20	25
5	28
35	24
7	29
27	31
26	36
# tree 345
1	6
1	2
6	3
3	7
2	4
7	37
7	16
4	26
2	39
37	5
16	11
26	20
2	12
39	35
4	27
39	13
5	33
26	9
4	10
26	17
11	18
20	25
5	28
12	36
35	24
7	29
27	31
# tree 346
1	6
1	2
6	3
3	7
2	4
7	37
7	16
4	26
4	39
37	5
16	11
26	20
2	12
39	35
4	27
39	13
5	33
26	9
4	10
26	17
11	18
20	25
5	28
12	36
35	24
7	29
27	31
# tree 347
1	6
1	2
6	3
3	7
2	4
4	27
7	37
7	16
4	26
27	39
37	5
16	11
26	20
2	12
39	35
39	13
5	33
4	10
26	17
11	18
20	25
5	28
12	36
35	24
7	29
27	31
4	9
# tree 348
1	6
1	2
6	3
3	7
2	4
4	27
7	37
7	16
4	26
27	39
37	5
16	11
26	20
39	13
4	35
2	12
5	33
26	9
4	10
26	17
11	18
20	25
5	28
13	31
35	24
7	29
26	36
# tree 349
1	6
1	2
6	3
3	7
2	4
7	37
7	16
4	26
2	39
37	5
16	11
26	20
39	13
2	12
4	35
4	27
5	33
26	9
4	10
26	17
11	18
20	25
5	28
13	31
12	36
35	24
7	29
# tree 350
1	6
1	2
6	3
3	7
2	4
7	37
7	16
4	26
4	39
37	5
16	11
26	20
39	13
2	12
4	35
4	27
5	33
26	9
4	10
26	17
11	18
20	25
5	28
13	31
12	36
35	24
7	29
# tree 351
1	6
1	2
6	3
3	7
2	4
4	27
7	37
7	16
4	26
27	39
37	5
16	11
26	20
39	13
2	12
4	35
5	33
4	10
26	17
11	18
20	25
5	28
13	31
12	36
35	24
7	29
4	9
# tree 352
1	6
1	2
6	3
3	7
2	4
7	37
7	16
4	26
2	39
37	5
16	11
26	20
39	13
39	35
4	27
2	12
5	33
26	9
4	10
26	17
11	18
20	25
5	28
13	31
35	24
7	29
26	36
# tree 353
1	6
1	2
6	3
3	7
2	4
7	37
7	16
4	26
4	39
37	5
16	11
26	20
39	13
39	35
4	27
2	12
5	33
26	9
4	10
26	17
11	18
20	25
5	28
13	31
35	24
7	29
26	36
# tree 354
1	6
1	2
6	3
3	7
2	4
4	27
7	37
7	16
4	26
27	39
37	5
16	11
26	20
39	13
39	35
2	12
5	33
4	10
26	17
11	18
20	25
5	28
13	31
35	24
7	29
26	36
4	9
# tree 355
1	6
1	2
6	3
3	7
2	4
7	37
7	16
4	26
4	39
37	5
16	11
26	20
39	13
2	12
39	35
4	27
5	33
4	10
26	17
11	18
20	25
5	28
13	31
12	36
35	24
7	29
4	9
# tree 356
1	6
1	2
6	3
3	7
2	4
7	37
4	27
7	16
4	26
37	5
27	39
16	11
26	20
5	33
4	35
2	12
39	13
26	9
4	10
26	17
11	18
20	25
5	28
33	29
35	24
27	31
26	36
# tree 357
1	6
1	2
6	3
3	7
2	4
7	37
7	16
4	26
37	5
2	39
16	11
26	20
5	33
2	12
4	35
4	27
39	13
26	9
4	10
26	17
11	18
20	25
5	28
33	29
12	36
35	24
27	31
# tree 358
1	6
1	2
6	3
3	7
2	4
7	37
7	16
4	26
37	5
4	39
16	11
26	20
5	33
2	12
4	35
4	27
39	13
26	9
4	10
26	17
11	18
20	25
5	28
33	29
12	36
35	24
27	31
# tree 359
1	6
1	2
6	3
3	7
2	4
7	37
4	27
7	16
4	26
37	5
27	39
16	11
26	20
5	33
2	12
4	35
39	13
4	10
26	17
11	18
20	25
5	28
33	29
12	36
35	24
27	31
4	9
# tree 360
1	6
1	2
6	3
3	7
2	4
7	37
7	16
4	26
37	5
2	39
16	11
26	20
5	33
39	35
4	27
2	12
39	13
26	9
4	10
26	17
11	18
20	25
5	28
33	29
35	24
27	31
26	36
# tree 361
1	6
1	2
6	3
3	7
2	4
7	37
7	16
4	26
37	5
4	39
16	11
26	20
5	33
39	35
4	27
2	12
39	13
26	9
4	10
26	17
11	18
20	25
5	28
33	29
35	24
27	31
26	36
# tree 362
1	6
1	2
6	3
3	7
2	4
7	37
4	27
7	16
4	26
37	5
27	39
16	11
26	20
5	33
39	35
2	12
39	13
4	10
26	17
11	18
20	25
5	28
33	29
35	24
27	31
26	36
4	9
# tree 363
1	6
1	2
6	3
3	7
2	4
7	37
7	16
4	26
37	5
4	39
16	11
26	20
5	33
2	12
39	35
4	27
39	13
4	10
26	17
11	18
20	25
5	28
33	29
12	36
35	24
27	31
4	9
# tree 364
1	6
1	2
6	3
3	7
2	4
7	37
7	16
4	26
37	5
2	39
16	11
26	20
5	33
39	13
4	35
4	27
2	12
26	9
4	10
26	17
11	18
20	25
5	28
33	29
13	31
35	24
26	36
# tree 365
1	6
1	2
6	3
3	7
2	4
7	37
7	16
4	26
37	5
4	39
16	11
26	20
5	33
39	13
4	35
4	27
2	12
26	9
4	10
26	17
11	18
20	25
5	28
33	29
13	31
35	24
26	36
# tree 366
1	6
1	2
6	3
3	7
2	4
7	37
4	27
7	16
4	26
37	5
27	39
16	11
26	20
5	33
39	13
4	35
2	12
4	10
26	17
11	18
20	25
5	28
33	29
13	31
35	24
26	36
4	9
# tree 367
1	6
1	2
6	3
3	7
2	4
7	37
7	16
4	26
37	5
4	39
16	11
26	20
5	33
39	13
2	12
4	35
4	27
4	10
26	17
11	18
20	25
5	28
33	29
13	31
12	36
35	24
4	9
# tree 368
1	6
1	2
6	3
3	7
2	4
7	37
7	16
4	26
37	5
4	39
16	11
26	20
5	33
39	13
39	35
4	27
2	12
4	10
26	17
11	18
20	25
5	28
33	29
13	31
35	24
26	36
4	9
# tree 369
1	6
1	2
6	3
2	4
3	7
4	27
7	37
7	16
4	26
27	39
37	5
16	11
26	20
2	12
39	13
5	33
26	9
4	10
26	17
11	18
27	24
20	25
5	28
7	29
27	31
4	35
26	36
# tree 370
1	6
1	2
6	3
2	4
3	7
7	37
7	16
4	26
2	39
37	5
16	11
4	27
26	20
2	12
39	13
5	33
26	9
4	10
26	17
11	18
27	24
20	25
5	28
12	36
7	29
27	31
4	35
# tree 371
1	6
1	2
6	3
2	4
3	7
7	37
7	16
4	26
4	39
37	5
16	11
4	27
26	20
2	12
39	13
5	33
26	9
4	10
26	17
11	18
27	24
20	25
5	28
12	36
7	29
27	31
4	35
# tree 372
1	6
1	2
6	3
2	4
3	7
4	27
7	37
7	16
4	26
27	39
37	5
16	11
26	20
2	12
39	13
5	33
4	10
26	17
11	18
27	24
20	25
5	28
12	36
7	29
27	31
4	35
4	9
# tree 373
1	6
1	2
6	3
2	4
3	7
7	37
7	16
4	26
2	39
37	5
16	11
4	27
26	20
2	12
39	13
5	33
26	9
4	10
26	17
11	18
27	24
20	25
5	28
39	35
7	29
27	31
26	36
# tree 374
1	6
1	2
6	3
2	4
3	7
7	37
7	16
4	26
4	39
37	5
16	11
4	27
26	20
2	12
39	13
5	33
26	9
4	10
26	17
11	18
27	24
20	25
5	28
39	35
7	29
27	31
26	36
# tree 375
1	6
1	2
6	3
2	4
3	7
4	27
7	37
7	16
4	26
27	39
37	5
16	11
26	20
2	12
39	13
5	33
4	10
26	17
11	18
27	24
20	25
5	28
39	35
7	29
27	31
26	36
4	9
# tree 376
1	6
1	2
6	3
3	7
2	4
7	37
7	16
4	26
4	39
37	5
16	11
4	27
26	20
2	12
39	13
5	33
4	10
26	17
11	18
27	24
20	25
5	28
39	35
12	36
7	29
27	31
4	9
# tree 377
1	6
1	2
6	3
2	4
3	7
7	37
7	16
4	26
2	39
37	5
16	11
4	27
26	20
39	13
2	12
5	33
26	9
4	10
26	17
11	18
27	24
20	25
5	28
13	31
7	29
4	35
26	36
# tree 378
1	6
1	2
6	3
2	4
3	7
7	37
7	16
4	26
4	39
37	5
16	11
4	27
26	20
39	13
2	12
5	33
26	9
4	10
26	17
11	18
27	24
20	25
5	28
13	31
7	29
4	35
26	36
# tree 379
1	6
1	2
6	3
2	4
3	7
4	27
7	37
7	16
4	26
27	39
37	5
16	11
26	20
39	13
2	12
5	33
4	10
26	17
11	18
27	24
20	25
5	28
13	31
7	29
4	35
26	36
4	9
# tree 380
1	6
1	2
6	3
3	7
2	4
7	37
7	16
4	26
4	39
37	5
16	11
4	27
26	20
39	13
2	12
5	33
4	10
26	17
11	18
27	24
20	25
5	28
13	31
12	36
7	29
4	35
4	9
# tree 381
1	6
1	2
6	3
3	7
2	4
7	37
7	16
4	26
4	39
37	5
16	11
4	27
26	20
39	13
2	12
5	33
4	10
26	17
11	18
27	24
20	25
5	28
13	31
39	35
7	29
26	36
4	9
# tree 382
1	6
1	2
6	3
3	7
2	4
7	37
7	16
4	26
37	5
2	39
16	11
4	27
26	20
5	33
2	12
39	13
26	9
4	10
26	17
11	18
27	24
20	25
5	28
33	29
27	31
4	35
26	36
# tree 383
1	6
1	2
6	3
3	7
2	4
7	37
7	16
4	26
37	5
4	39
16	11
4	27
26	20
5	33
2	12
39	13
26	9
4	10
26	17
11	18
27	24
20	25
5	28
33	29
27	31
4	35
26	36
# tree 384
1	6
1	2
6	3
3	7
2	4
7	37
4	27
7	16
4	26
37	5
27	39
16	11
26	20
5	33
2	12
39	13
4	10
26	17
11	18
27	24
20	25
5	28
33	29
27	31
4	35
26	36
4	9
# tree 385
1	6
1	2
6	3
3	7
2	4
7	37
7	16
4	26
37	5
4	39
16	11
4	27
26	20
5	33
2	12
39	13
4	10
26	17
11	18
27	24
20	25
5	28
33	29
12	36
27	31
4	35
4	9
# tree 386
1	6
1	2
6	3
3	7
2	4
7	37
7	16
4	26
37	5
4	39
16	11
4	27
26	20
5	33
2	12
39	13
4	10
26	17
11	18
27	24
20	25
5	28
33	29
39	35
27	31
26	36
4	9
# tree 387
1	6
1	2
6	3
3	7
2	4
7	37
7	16
4	26
37	5
4	39
16	11
4	27
26	20
5	33
39	13
2	12
4	10
26	17
11	18
27	24
20	25
5	28
33	29
13	31
4	35
26	36
4	9
# tree 388
1	6
6	3
1	2
3	7
2	4
7	37
7	16
4	26
4	27
2	12
37	5
16	11
26	20
27	39
12	36
27	13
5	33
26	9
11	18
27	24
20	25
5	28
39	35
36	10
4	17
7	29
2	31
# tree 389
1	6
6	3
1	2
3	7
2	4
7	37
7	16
4	26
4	27
2	12
37	5
16	11
26	20
27	39
12	36
27	13
5	33
26	9
11	18
27	24
20	25
5	28
39	35
36	10
4	17
7	29
39	31
# tree 390
1	6
6	3
1	2
3	7
2	4
7	37
7	16
4	26
4	27
2	12
37	5
16	11
26	20
27	39
12	36
27	13
5	33
26	9
11	18
27	24
20	25
5	28
39	35
36	10
4	17
7	29
4	31
# tree 391
1	6
6	3
1	2
3	7
2	4
7	37
7	16
4	26
4	27
2	12
37	5
16	11
26	20
27	39
12	36
27	13
5	33
26	9
11	18
27	24
20	25
5	28
39	35
36	10
4	17
7	29
27	31
# tree 392
1	6
6	3
1	2
3	7
2	4
7	37
7	16
4	26
4	27
2	12
37	5
16	11
26	20
27	13
12	36
27	39
5	33
26	9
11	18
27	24
20	25
5	28
13	31
36	10
4	17
7	29
4	35
# tree 393
1	6
6	3
1	2
3	7
2	4
7	37
7	16
4	26
4	27
37	5
16	11
26	20
27	13
27	39
26	36
2	12
5	33
26	9
11	18
27	24
20	25
5	28
13	31
39	35
36	10
4	17
7	29
# tree 394
1	6
6	3
1	2
3	7
2	4
7	37
7	16
4	26
4	27
2	12
37	5
16	11
26	20
27	13
2	39
12	36
5	33
26	9
11	18
27	24
20	25
5	28
13	31
39	35
36	10
4	17
7	29
# tree 395
1	6
6	3
1	2
3	7
2	4
7	37
7	16
4	26
4	27
2	12
37	5
16	11
26	20
27	13
4	39
12	36
5	33
26	9
11	18
27	24
20	25
5	28
13	31
39	35
36	10
4	17
7	29
# tree 396
1	6
6	3
1	2
3	7
2	4
7	37
7	16
4	26
4	27
2	12
37	5
16	11
26	20
27	13
27	39
12	36
5	33
11	18
27	24
20	25
5	28
13	31
39	35
36	10
4	17
7	29
4	9
# tree 397
1	6
6	3
1	2
3	7
2	4
7	37
7	16
4	26
37	5
4	27
2	12
16	11
26	20
5	33
12	36
27	39
27	13
26	9
11	18
27	24
20	25
5	28
33	29
36	10
4	17
27	31
4	35
# tree 398
1	6
6	3
1	2
3	7
2	4
7	37
7	16
4	26
37	5
4	27
16	11
26	20
5	33
27	39
26	36
2	12
27	13
26	9
11	18
27	24
20	25
5	28
33	29
39	35
36	10
4	17
27	31
# tree 399
1	6
6	3
1	2
3	7
2	4
7	37
7	16
4	26
37	5
2	12
4	27
16	11
26	20
5	33
2	39
12	36
27	13
26	9
11	18
27	24
20	25
5	28
33	29
39	35
36	10
4	17
27	31
# tree 400
1	6
6	3
1	2
3	7
2	4
7	37
7	16
4	26
37	5
2	12
4	27
16	11
26	20
5	33
4	39
12	36
27	13
26	9
11	18
27	24
20	25
5	28
33	29
39	35
36	10
4	17
27	31
# tree 401
1	6
6	3
1	2
3	7
2	4
7	37
7	16
4	26
37	5
4	27
2	12
16	11
26	20
5	33
27	39
12	36
27	13
11	18
27	24
20	25
5	28
33	29
39	35
36	10
4	17
27	31
4	9
# tree 402
1	6
6	3
1	2
3	7
2	4
7	37
7	16
4	26
37	5
4	27
16	11
26	20
5	33
27	13
26	36
2	12
27	39
26	9
11	18
27	24
20	25
5	28
33	29
13	31
36	10
4	17
4	35
# tree 403
1	6
6	3
1	2
3	7
2	4
7	37
7	16
4	26
37	5
4	27
2	12
16	11
26	20
5	33
27	13
12	36
26	9
11	18
27	24
20	25
5	28
33	29
13	31
36	10
4	17
4	35
2	39
# tree 404
1	6
6	3
1	2
3	7
2	4
7	37
7	16
4	26
37	5
4	27
2	12
16	11
26	20
5	33
27	13
12	36
26	9
11	18
27	24
20	25
5	28
33	29
13	31
36	10
4	17
4	35
4	39
# tree 405
1	6
6	3
1	2
3	7
2	4
7	37
7	16
4	26
37	5
4	27
2	12
16	11
26	20
5	33
27	13
12	36
27	39
11	18
27	24
20	25
5	28
33	29
13	31
36	10
4	17
4	35
4	9
# tree 406
1	6
6	3
1	2
3	7
2	4
7	37
7	16
4	26
37	5
4	27
16	11
26	20
5	33
27	13
2	39
26	36
2	12
26	9
11	18
27	24
20	25
5	28
33	29
13	31
39	35
36	10
4	17
# tree 407
1	6
6	3
1	2
3	7
2	4
7	37
7	16
4	26
37	5
4	27
16	11
26	20
5	33
27	13
4	39
26	36
2	12
26	9
11	18
27	24
20	25
5	28
33	29
13	31
39	35
36	10
4	17
# tree 408
1	6
6	3
1	2
3	7
2	4
7	37
7	16
4	26
37	5
4	27
16	11
26	20
5	33
27	13
27	39
26	36
2	12
11	18
27	24
20	25
5	28
33	29
13	31
39	35
36	10
4	17
4	9
# tree 409
1	6
6	3
1	2
3	7
2	4
7	37
7	16
4	26
37	5
4	27
2	12
16	11
26	20
5	33
27	13
4	39
12	36
11	18
27	24
20	25
5	28
33	29
13	31
39	35
36	10
4	17
4	9
# tree 410
1	6
6	3
1	2
3	7
2	4
7	37
7	16
4	26
4	27
2	12
37	5
16	11
26	20
12	36
27	39
27	13
5	33
26	9
26	17
11	18
27	24
20	25
5	28
36	10
7	29
27	31
4	35
# tree 411
1	6
6	3
1	2
3	7
2	4
7	37
7	16
4	26
4	27
37	5
16	11
26	20
27	39
26	36
2	12
27	13
5	33
26	9
26	17
11	18
27	24
20	25
5	28
39	35
36	10
7	29
27	31
# tree 412
1	6
6	3
1	2
3	7
2	4
7	37
7	16
4	26
2	12
4	27
37	5
16	11
26	20
2	39
12	36
27	13
5	33
26	9
26	17
11	18
27	24
20	25
5	28
39	35
36	10
7	29
27	31
# tree 413
1	6
6	3
1	2
3	7
2	4
7	37
7	16
4	26
2	12
4	27
37	5
16	11
26	20
4	39
12	36
27	13
5	33
26	9
26	17
11	18
27	24
20	25
5	28
39	35
36	10
7	29
27	31
# tree 414
1	6
6	3
1	2
3	7
2	4
7	37
7	16
4	26
4	27
2	12
37	5
16	11
26	20
27	39
12	36
27	13
5	33
26	17
11	18
27	24
20	25
5	28
39	35
36	10
7	29
27	31
4	9
# tree 415
1	6
6	3
1	2
3	7
2	4
7	37
7	16
4	26
4	27
37	5
16	11
26	20
27	13
26	36
2	12
27	39
5	33
26	9
26	17
11	18
27	24
20	25
5	28
13	31
36	10
7	29
4	35
# tree 416
1	6
6	3
1	2
3	7
2	4
7	37
7	16
4	26
4	27
2	12
37	5
16	11
26	20
27	13
12	36
5	33
26	9
26	17
11	18
27	24
20	25
5	28
13	31
36	10
7	29
4	35
2	39
# tree 417
1	6
6	3
1	2
3	7
2	4
7	37
7	16
4	26
4	27
2	12
37	5
16	11
26	20
27	13
12	36
5	33
26	9
26	17
11	18
27	24
20	25
5	28
13	31
36	10
7	29
4	35
4	39
# tree 418
1	6
6	3
1	2
3	7
2	4
7	37
7	16
4	26
4	27
2	12
37	5
16	11
26	20
27	13
12	36
27	39
5	33
26	17
11	18
27	24
20	25
5	28
13	31
36	10
7	29
4	35
4	9
# tree 419
1	6
6	3
1	2
3	7
2	4
7	37
7	16
4	26
4	27
37	5
16	11
26	20
27	13
2	39
26	36
2	12
5	33
26	9
26	17
11	18
27	24
20	25
5	28
13	31
39	35
36	10
7	29
# tree 420
1	6
6	3
1	2
3	7
2	4
7	37
7	16
4	26
4	27
37	5
16	11
26	20
27	13
4	39
26	36
2	12
5	33
26	9
26	17
11	18
27	24
20	25
5	28
13	31
39	35
36	10
7	29
# tree 421
1	6
6	3
1	2
3	7
2	4
7	37
7	16
4	26
4	27
37	5
16	11
26	20
27	13
27	39
26	36
2	12
5	33
26	17
11	18
27	24
20	25
5	28
13	31
39	35
36	10
7	29
4	9
# tree 422
1	6
6	3
1	2
3	7
2	4
7	37
7	16
4	26
4	27
2	12
37	5
16	11
26	20
27	13
4	39
12	36
5	33
26	17
11	18
27	24
20	25
5	28
13	31
39	35
36	10
7	29
4	9
# tree 423
1	6
6	3
1	2
3	7
2	4
7	37
7	16
4	26
37	5
4	27
16	11
26	20
5	33
26	36
2	12
27	39
27	13
26	9
26	17
11	18
27	24
20	25
5	28
33	29
36	10
27	31
4	35
# tree 424
1	6
6	3
1	2
3	7
2	4
7	37
7	16
4	26
37	5
2	12
4	27
16	11
26	20
5	33
12	36
27	13
26	9
26	17
11	18
27	24
20	25
5	28
33	29
36	10
27	31
4	35
2	39
# tree 425
1	6
6	3
1	2
3	7
2	4
7	37
7	16
4	26
37	5
2	12
4	27
16	11
26	20
5	33
12	36
27	13
26	9
26	17
11	18
27	24
20	25
5	28
33	29
36	10
27	31
4	35
4	39
# tree 426
1	6
6	3
1	2
3	7
2	4
7	37
7	16
4	26
37	5
2	12
4	27
16	11
26	20
5	33
12	36
27	39
27	13
26	17
11	18
27	24
20	25
5	28
33	29
36	10
27	31
4	35
4	9
# tree 427
1	6
6	3
1	2
3	7
2	4
7	37
7	16
4	26
37	5
4	27
16	11
26	20
5	33
2	39
26	36
2	12
27	13
26	9
26	17
11	18
27	24
20	25
5	28
33	29
39	35
36	10
27	31
# tree 428
1	6
6	3
1	2
3	7
2	4
7	37
7	16
4	26
37	5
4	27
16	11
26	20
5	33
4	39
26	36
2	12
27	13
26	9
26	17
11	18
27	24
20	25
5	28
33	29
39	35
36	10
27	31
# tree 429
1	6
6	3
1	2
3	7
2	4
7	37
7	16
4	26
37	5
4	27
16	11
26	20
5	33
27	39
26	36
2	12
27	13
26	17
11	18
27	24
20	25
5	28
33	29
39	35
36	10
27	31
4	9
# tree 430
1	6
6	3
1	2
3	7
2	4
7	37
7	16
4	26
37	5
2	12
4	27
16	11
26	20
5	33
4	39
12	36
27	13
26	17
11	18
27	24
20	25
5	28
33	29
39	35
36	10
27	31
4	9
# tree 431
1	6
6	3
1	2
3	7
2	4
7	37
7	16
4	26
37	5
4	27
16	11
26	20
5	33
27	13
26	36
2	12
26	9
26	17
11	18
27	24
20	25
5	28
33	29
13	31
36	10
4	35
2	39
# tree 432
1	6
6	3
1	2
3	7
2	4
7	37
7	16
4	26
37	5
4	27
16	11
26	20
5	33
27	13
26	36
2	12
26	9
26	17
11	18
27	24
20	25
5	28
33	29
13	31
36	10
4	35
4	39
# tree 433
1	6
6	3
1	2
3	7
2	4
7	37
7	16
4	26
37	5
4	27
16	11
26	20
5	33
27	13
26	36
2	12
27	39
26	17
11	18
27	24
20	25
5	28
33	29
13	31
36	10
4	35
4	9
# tree 434
1	6
6	3
1	2
3	7
2	4
7	37
7	16
4	26
37	5
4	27
2	12
16	11
26	20
5	33
27	13
12	36
26	17
11	18
27	24
20	25
5	28
33	29
13	31
36	10
4	35
4	39
4	9
# tree 435
1	6
6	3
1	2
3	7
2	4
7	37
7	16
4	26
37	5
4	27
16	11
26	20
5	33
27	13
4	39
26	36
2	12
26	17
11	18
27	24
20	25
5	28
33	29
13	31
39	35
36	10
4	9
# tree 436
1	6
6	3
1	2
3	7
2	4
4	27
7	37
7	16
4	26
2	12
27	39
37	5
16	11
26	20
12	36
39	13
5	33
26	9
11	18
27	24
20	25
5	28
36	10
4	17
7	29
27	31
4	35
# tree 437
1	6
6	3
1	2
3	7
2	4
4	27
7	37
7	16
4	26
27	39
37	5
16	11
26	20
26	36
2	12
39	13
5	33
26	9
11	18
27	24
20	25
5	28
39	35
36	10
4	17
7	29
27	31
# tree 438
1	6
6	3
1	2
3	7
2	4
7	37
7	16
4	26
2	12
2	39
37	5
16	11
4	27
26	20
12	36
39	13
5	33
26	9
11	18
27	24
20	25
5	28
39	35
36	10
4	17
7	29
27	31
# tree 439
1	6
6	3
1	2
3	7
2	4
7	37
7	16
4	26
2	12
4	39
37	5
16	11
4	27
26	20
12	36
39	13
5	33
26	9
11	18
27	24
20	25
5	28
39	35
36	10
4	17
7	29
27	31
# tree 440
1	6
6	3
1	2
3	7
2	4
4	27
7	37
7	16
4	26
2	12
27	39
37	5
16	11
26	20
12	36
39	13
5	33
11	18
27	24
20	25
5	28
39	35
36	10
4	17
7	29
27	31
4	9
# tree 441
1	6
6	3
1	2
3	7
2	4
4	27
7	37
7	16
4	26
27	39
37	5
16	11
26	20
39	13
26	36
2	12
5	33
26	9
11	18
27	24
20	25
5	28
13	31
36	10
4	17
7	29
4	35
# tree 442
1	6
6	3
1	2
3	7
2	4
7	37
7	16
4	26
2	39
2	12
37	5
16	11
4	27
26	20
39	13
12	36
5	33
26	9
11	18
27	24
20	25
5	28
13	31
36	10
4	17
7	29
4	35
# tree 443
1	6
6	3
1	2
3	7
2	4
7	37
7	16
4	26
4	39
2	12
37	5
16	11
4	27
26	20
39	13
12	36
5	33
26	9
11	18
27	24
20	25
5	28
13	31
36	10
4	17
7	29
4	35
# tree 444
1	6
6	3
1	2
3	7
2	4
4	27
7	37
7	16
4	26
27	39
2	12
37	5
16	11
26	20
39	13
12	36
5	33
11	18
27	24
20	25
5	28
13	31
36	10
4	17
7	29
4	35
4	9
# tree 445
1	6
6	3
1	2
3	7
2	4
7	37
7	16
4	26
2	39
37	5
16	11
4	27
26	20
39	13
26	36
2	12
5	33
26	9
11	18
27	24
20	25
5	28
13	31
39	35
36	10
4	17
7	29
# tree 446
1	6
6	3
1	2
3	7
2	4
7	37
7	16
4	26
4	39
37	5
16	11
4	27
26	20
39	13
26	36
2	12
5	33
26	9
11	18
27	24
20	25
5	28
13	31
39	35
36	10
4	17
7	29
# tree 447
1	6
6	3
1	2
3	7
2	4
4	27
7	37
7	16
4	26
27	39
37	5
16	11
26	20
39	13
26	36
2	12
5	33
11	18
27	24
20	25
5	28
13	31
39	35
36	10
4	17
7	29
4	9
# tree 448
1	6
6	3
1	2
3	7
2	4
7	37
7	16
4	26
4	39
2	12
37	5
16	11
4	27
26	20
39	13
12	36
5	33
11	18
27	24
20	25
5	28
13	31
39	35
36	10
4	17
7	29
4	9
# tree 449
1	6
6	3
1	2
3	7
2	4
7	37
4	27
7	16
4	26
37	5
27	39
16	11
26	20
5	33
26	36
2	12
39	13
26	9
11	18
27	24
20	25
5	28
33	29
36	10
4	17
27	31
4	35
# tree 450
1	6
6	3
1	2
3	7
2	4
7	37
7	16
4	26
37	5
2	12
2	39
16	11
4	27
26	20
5	33
12	36
39	13
26	9
11	18
27	24
20	25
5	28
33	29
36	10
4	17
27	31
4	35
# tree 451
1	6
6	3
1	2
3	7
2	4
7	37
7	16
4	26
37	5
2	12
4	39
16	11
4	27
26	20
5	33
12	36
39	13
26	9
11	18
27	24
20	25
5	28
33	29
36	10
4	17
27	31
4	35
# tree 452
1	6
6	3
1	2
3	7
2	4
7	37
4	27
7	16
4	26
37	5
2	12
27	39
16	11
26	20
5	33
12	36
39	13
11	18
27	24
20	25
5	28
33	29
36	10
4	17
27	31
4	35
4	9
# tree 453
1	6
6	3
1	2
3	7
2	4
7	37
7	16
4	26
37	5
2	39
16	11
4	27
26	20
5	33
26	36
2	12
39	13
26	9
11	18
27	24
20	25
5	28
33	29
39	35
36	10
4	17
27	31
# tree 454
1	6
6	3
1	2
3	7
2	4
7	37
7	16
4	26
37	5
4	39
16	11
4	27
26	20
5	33
26	36
2	12
39	13
26	9
11	18
27	24
20	25
5	28
33	29
39	35
36	10
4	17
27	31
# tree 455
1	6
6	3
1	2
3	7
2	4
7	37
4	27
7	16
4	26
37	5
27	39
16	11
26	20
5	33
26	36
2	12
39	13
11	18
27	24
20	25
5	28
33	29
39	35
36	10
4	17
27	31
4	9
# tree 456
1	6
6	3
1	2
3	7
2	4
7	37
7	16
4	26
37	5
2	12
4	39
16	11
4	27
26	20
5	33
12	36
39	13
11	18
27	24
20	25
5	28
33	29
39	35
36	10
4	17
27	31
4	9
# tree 457
1	6
6	3
1	2
3	7
2	4
7	37
7	16
4	26
37	5
2	39
16	11
4	27
26	20
5	33
39	13
26	36
2	12
26	9
11	18
27	24
20	25
5	28
33	29
13	31
36	10
4	17
4	35
# tree 458
1	6
6	3
1	2
3	7
2	4
7	37
7	16
4	26
37	5
4	39
16	11
4	27
26	20
5	33
39	13
26	36
2	12
26	9
11	18
27	24
20	25
5	28
33	29
13	31
36	10
4	17
4	35
# tree 459
1	6
6	3
1	2
3	7
2	4
7	37
4	27
7	16
4	26
37	5
27	39
16	11
26	20
5	33
39	13
26	36
2	12
11	18
27	24
20	25
5	28
33	29
13	31
36	10
4	17
4	35
4	9
# tree 460
1	6
6	3
1	2
3	7
2	4
7	37
7	16
4	26
37	5
4	39
2	12
16	11
4	27
26	20
5	33
39	13
12	36
11	18
27	24
20	25
5	28
33	29
13	31
36	10
4	17
4	35
4	9
# tree 461
1	6
6	3
1	2
3	7
2	4
7	37
7	16
4	26
37	5
4	39
16	11
4	27
26	20
5	33
39	13
26	36
2	12
11	18
27	24
20	25
5	28
33	29
13	31
39	35
36	10
4	17
4	9
# tree 462
1	6
6	3
1	2
2	4
3	7
4	27
7	37
7	16
4	26
27	39
37	5
16	11
26	20
26	36
2	12
39	13
5	33
26	9
26	17
11	18
27	24
20	25
5	28
36	10
7	29
27	31
4	35
# tree 463
1	6
6	3
1	2
2	4
3	7
7	37
7	16
4	26
2	12
2	39
37	5
16	11
4	27
26	20
12	36
39	13
5	33
26	9
26	17
11	18
27	24
20	25
5	28
36	10
7	29
27	31
4	35
# tree 464
1	6
6	3
1	2
2	4
3	7
7	37
7	16
4	26
2	12
4	39
37	5
16	11
4	27
26	20
12	36
39	13
5	33
26	9
26	17
11	18
27	24
20	25
5	28
36	10
7	29
27	31
4	35
# tree 465
1	6
6	3
1	2
2	4
3	7
4	27
7	37
7	16
4	26
2	12
27	39
37	5
16	11
26	20
12	36
39	13
5	33
26	17
11	18
27	24
20	25
5	28
36	10
7	29
27	31
4	35
4	9
# tree 466
1	6
6	3
1	2
2	4
3	7
7	37
7	16
4	26
2	39
37	5
16	11
4	27
26	20
26	36
2	12
39	13
5	33
26	9
26	17
11	18
27	24
20	25
5	28
39	35
36	10
7	29
27	31
# tree 467
1	6
6	3
1	2
2	4
3	7
7	37
7	16
4	26
4	39
37	5
16	11
4	27
26	20
26	36
2	12
39	13
5	33
26	9
26	17
11	18
27	24
20	25
5	28
39	35
36	10
7	29
27	31
# tree 468
1	6
6	3
1	2
2	4
3	7
4	27
7	37
7	16
4	26
27	39
37	5
16	11
26	20
26	36
2	12
39	13
5	33
26	17
11	18
27	24
20	25
5	28
39	35
36	10
7	29
27	31
4	9
# tree 469
1	6
6	3
1	2
3	7
2	4
7	37
7	16
4	26
2	12
4	39
37	5
16	11
4	27
26	20
12	36
39	13
5	33
26	17
11	18
27	24
20	25
5	28
39	35
36	10
7	29
27	31
4	9
# tree 470
1	6
6	3
1	2
2	4
3	7
7	37
7	16
4	26
2	39
37	5
16	11
4	27
26	20
39	13
26	36
2	12
5	33
26	9
26	17
11	18
27	24
20	25
5	28
13	31
36	10
7	29
4	35
# tree 471
1	6
6	3
1	2
2	4
3	7
7	37
7	16
4	26
4	39
37	5
16	11
4	27
26	20
39	13
26	36
2	12
5	33
26	9
26	17
11	18
27	24
20	25
5	28
13	31
36	10
7	29
4	35
# tree 472
1	6
6	3
1	2
2	4
3	7
4	27
7	37
7	16
4	26
27	39
37	5
16	11
26	20
39	13
26	36
2	12
5	33
26	17
11	18
27	24
20	25
5	28
13	31
36	10
7	29
4	35
4	9
# tree 473
1	6
6	3
1	2
3	7
2	4
7	37
7	16
4	26
4	39
2	12
37	5
16	11
4	27
26	20
39	13
12	36
5	33
26	17
11	18
27	24
20	25
5	28
13	31
36	10
7	29
4	35
4	9
# tree 474
1	6
6	3
1	2
3	7
2	4
7	37
7	16
4	26
4	39
37	5
16	11
4	27
26	20
39	13
26	36
2	12
5	33
26	17
11	18
27	24
20	25
5	28
13	31
39	35
36	10
7	29
4	9
# tree 475
1	6
6	3
1	2
3	7
2	4
7	37
7	16
4	26
37	5
2	39
16	11
4	27
26	20
5	33
26	36
2	12
39	13
26	9
26	17
11	18
27	24
20	25
5	28
33	29
36	10
27	31
4	35
# tree 476
1	6
6	3
1	2
3	7
2	4
7	37
7	16
4	26
37	5
4	39
16	11
4	27
26	20
5	33
26	36
2	12
39	13
26	9
26	17
11	18
27	24
20	25
5	28
33	29
36	10
27	31
4	35
# tree 477
1	6
6	3
1	2
3	7
2	4
7	37
4	27
7	16
4	26
37	5
27	39
16	11
26	20
5	33
26	36
2	12
39	13
26	17
11	18
27	24
20	25
5	28
33	29
36	10
27	31
4	35
4	9
# tree 478
1	6
6	3
1	2
3	7
2	4
7	37
7	16
4	26
37	5
2	12
4	39
16	11
4	27
26	20
5	33
12	36
39	13
26	17
11	18
27	24
20	25
5	28
33	29
36	10
27	31
4	35
4	9
# tree 479
1	6
6	3
1	2
3	7
2	4
7	37
7	16
4	26
37	5
4	39
16	11
4	27
26	20
5	33
26	36
2	12
39	13
26	17
11	18
27	24
20	25
5	28
33	29
39	35
36	10
27	31
4	9
# tree 480
1	6
6	3
1	2
3	7
2	4
7	37
7	16
4	26
37	5
4	39
16	11
4	27
26	20
5	33
39	13
26	36
2	12
26	17
11	18
27	24
20	25
5	28
33	29
13	31
36	10
4	35
4	9
# tree 481
1	6
6	3
1	2
3	7
2	4
7	37
7	16
4	26
4	27
37	5
16	11
26	20
27	39
2	12
27	13
5	33
26	9
4	10
11	18
27	24
20	25
5	28
39	35
4	17
7	29
27	31
26	36
# tree 482
1	6
6	3
1	2
3	7
2	4
7	37
7	16
4	26
4	27
37	5
16	11
26	20
27	13
2	12
27	39
5	33
26	9
4	10
11	18
27	24
20	25
5	28
13	31
4	17
7	29
4	35
26	36
# tree 483
1	6
6	3
1	2
3	7
2	4
7	37
7	16
4	26
4	27
37	5
16	11
26	20
27	13
2	39
2	12
5	33
26	9
4	10
11	18
27	24
20	25
5	28
13	31
39	35
4	17
7	29
26	36
# tree 484
1	6
6	3
1	2
3	7
2	4
7	37
7	16
4	26
4	27
37	5
16	11
26	20
27	13
4	39
2	12
5	33
26	9
4	10
11	18
27	24
20	25
5	28
13	31
39	35
4	17
7	29
26	36
# tree 485
1	6
6	3
1	2
3	7
2	4
7	37
7	16
4	26
4	27
37	5
16	11
26	20
27	13
27	39
2	12
5	33
4	10
11	18
27	24
20	25
5	28
13	31
39	35
4	17
7	29
26	36
4	9
# tree 486
1	6
6	3
1	2
3	7
2	4
7	37
7	16
4	26
37	5
4	27
16	11
26	20
5	33
2	12
27	39
27	13
26	9
4	10
11	18
27	24
20	25
5	28
33	29
4	17
27	31
4	35
26	36
# tree 487
1	6
6	3
1	2
3	7
2	4
7	37
7	16
4	26
37	5
4	27
16	11
26	20
5	33
2	39
2	12
27	13
26	9
4	10
11	18
27	24
20	25
5	28
33	29
39	35
4	17
27	31
26	36
# tree 488
1	6
6	3
1	2
3	7
2	4
7	37
7	16
4	26
37	5
4	27
16	11
26	20
5	33
4	39
2	12
27	13
26	9
4	10
11	18
27	24
20	25
5	28
33	29
39	35
4	17
27	31
26	36
# tree 489
1	6
6	3
1	2
3	7
2	4
7	37
7	16
4	26
37	5
4	27
16	11
26	20
5	33
27	39
2	12
27	13
4	10
11	18
27	24
20	25
5	28
33	29
39	35
4	17
27	31
26	36
4	9
# tree 490
1	6
6	3
1	2
3	7
2	4
7	37
7	16
4	26
37	5
4	27
16	11
26	20
5	33
27	13
2	12
26	9
4	10
11	18
27	24
20	25
5	28
33	29
13	31
4	17
4	35
26	36
2	39
# tree 491
1	6
6	3
1	2
3	7
2	4
7	37
7	16
4	26
37	5
4	27
16	11
26	20
5	33
27	13
2	12
26	9
4	10
11	18
27	24
20	25
5	28
33	29
13	31
4	17
4	35
26	36
4	39
# tree 492
1	6
6	3
1	2
3	7
2	4
7	37
7	16
4	26
37	5
4	27
16	11
26	20
5	33
27	13
2	12
27	39
4	10
11	18
27	24
20	25
5	28
33	29
13	31
4	17
4	35
26	36
4	9
# tree 493
1	6
6	3
1	2
3	7
2	4
7	37
7	16
4	26
37	5
4	27
16	11
26	20
5	33
27	13
4	39
2	12
4	10
11	18
27	24
20	25
5	28
33	29
13	31
39	35
4	17
26	36
4	9
# tree 494
1	6
6	3
1	2
3	7
2	4
7	37
7	16
4	26
4	27
37	5
16	11
26	20
2	12
27	39
27	13
5	33
26	9
4	10
26	17
11	18
27	24
20	25
5	28
7	29
27	31
4	35
26	36
# tree 495
1	6
6	3
1	2
3	7
2	4
7	37
7	16
4	26
4	27
37	5
16	11
26	20
2	12
27	13
5	33
26	9
4	10
26	17
11	18
27	24
20	25
5	28
12	36
7	29
27	31
4	35
2	39
# tree 496
1	6
6	3
1	2
3	7
2	4
7	37
7	16
4	26
4	27
37	5
16	11
26	20
2	12
27	13
5	33
26	9
4	10
26	17
11	18
27	24
20	25
5	28
12	36
7	29
27	31
4	35
4	39
# tree 497
1	6
6	3
1	2
3	7
2	4
7	37
7	16
4	26
4	27
37	5
16	11
26	20
2	12
27	39
27	13
5	33
4	10
26	17
11	18
27	24
20	25
5	28
12	36
7	29
27	31
4	35
4	9
# tree 498
1	6
6	3
1	2
3	7
2	4
7	37
7	16
4	26
4	27
37	5
16	11
26	20
2	39
2	12
27	13
5	33
26	9
4	10
26	17
11	18
27	24
20	25
5	28
39	35
7	29
27	31
26	36
# tree 499
1	6
6	3
1	2
3	7
2	4
7	37
7	16
4	26
4	27
37	5
16	11
26	20
4	39
2	12
27	13
5	33
26	9
4	10
26	17
11	18
27	24
20	25
5	28
39	35
7	29
27	31
26	36
# tree 500
1	6
6	3
1	2
3	7
2	4
7	37
7	16
4	26
4	27
37	5
16	11
26	20
27	39
2	12
27	13
5	33
4	10
26	17
11	18
27	24
20	25
5	28
39	35
7	29
27	31
26	36
4	9
# tree 501
1	6
6	3
1	2
3	7
2	4
7	37
7	16
4	26
4	27
37	5
16	11
26	20
4	39
2	12
27	13
5	33
4	10
26	17
11	18
27	24
20	25
5	28
39	35
12	36
7	29
27	31
4	9
# tree 502
1	6
6	3
1	2
3	7
2	4
7	37
7	16
4	26
4	27
37	5
16	11
26	20
27	13
2	12
5	33
26	9
4	10
26	17
11	18
27	24
20	25
5	28
13	31
7	29
4	35
26	36
2	39
# tree 503
1	6
6	3
1	2
3	7
2	4
7	37
7	16
4	26
4	27
37	5
16	11
26	20
27	13
2	12
5	33
26	9
4	10
26	17
11	18
27	24
20	25
5	28
13	31
7	29
4	35
26	36
4	39
# tree 504
1	6
6	3
1	2
3	7
2	4
7	37
7	16
4	26
4	27
37	5
16	11
26	20
27	13
2	12
27	39
5	33
4	10
26	17
11	18
27	24
20	25
5	28
13	31
7	29
4	35
26	36
4	9
# tree 505
1	6
6	3
1	2
3	7
2	4
7	37
7	16
4	26
4	27
37	5
16	11
26	20
27	13
2	12
5	33
4	10
26	17
11	18
27	24
20	25
5	28
13	31
12	36
7	29
4	35
4	39
4	9
# tree 506
1	6
6	3
1	2
3	7
2	4
7	37
7	16
4	26
4	27
37	5
16	11
26	20
27	13
4	39
2	12
5	33
4	10
26	17
11	18
27	24
20	25
5	28
13	31
39	35
7	29
26	36
4	9
# tree 507
1	6
6	3
1	2
3	7
2	4
7	37
7	16
4	26
37	5
4	27
16	11
26	20
5	33
2	12
27	13
26	9
4	10
26	17
11	18
27	24
20	25
5	28
33	29
27	31
4	35
26	36
2	39
# tree 508
1	6
6	3
1	2
3	7
2	4
7	37
7	16
4	26
37	5
4	27
16	11
26	20
5	33
2	12
27	13
26	9
4	10
26	17
11	18
27	24
20	25
5	28
33	29
27	31
4	35
26	36
4	39
# tree 509
1	6
6	3
1	2
3	7
2	4
7	37
7	16
4	26
37	5
4	27
16	11
26	20
5	33
2	12
27	39
27	13
4	10
26	17
11	18
27	24
20	25
5	28
33	29
27	31
4	35
26	36
4	9
# tree 510
1	6
6	3
1	2
3	7
2	4
7	37
7	16
4	26
37	5
4	27
16	11
26	20
5	33
2	12
27	13
4	10
26	17
11	18
27	24
20	25
5	28
33	29
12	36
27	31
4	35
4	39
4	9
# tree 511
1	6
6	3
1	2
3	7
2	4
7	37
7	16
4	26
37	5
4	27
16	11
26	20
5	33
4	39
2	12
27	13
4	10
26	17
11	18
27	24
20	25
5	28
33	29
39	35
27	31
26	36
4	9
# tree 512
1	6
6	3
1	2
3	7
2	4
7	37
7	16
4	26
37	5
4	27
16	11
26	20
5	33
27	13
2	12
4	10
26	17
11	18
27	24
20	25
5	28
33	29
13	31
4	35
26	36
4	39
4	9
# tree 513
1	6
6	3
1	2
2	4
3	7
4	27
7	37
7	16
4	26
27	39
37	5
16	11
26	20
2	12
39	13
5	33
26	9
4	10
11	18
27	24
20	25
5	28
4	17
7	29
27	31
4	35
26	36
# tree 514
1	6
6	3
1	2
2	4
3	7
7	37
7	16
4	26
2	39
37	5
16	11
4	27
26	20
2	12
39	13
5	33
26	9
4	10
11	18
27	24
20	25
5	28
39	35
4	17
7	29
27	31
26	36
# tree 515
1	6
6	3
1	2
2	4
3	7
7	37
7	16
4	26
4	39
37	5
16	11
4	27
26	20
2	12
39	13
5	33
26	9
4	10
11	18
27	24
20	25
5	28
39	35
4	17
7	29
27	31
26	36
# tree 516
1	6
6	3
1	2
2	4
3	7
4	27
7	37
7	16
4	26
27	39
37	5
16	11
26	20
2	12
39	13
5	33
4	10
11	18
27	24
20	25
5	28
39	35
4	17
7	29
27	31
26	36
4	9
# tree 517
1	6
6	3
1	2
2	4
3	7
7	37
7	16
4	26
2	39
37	5
16	11
4	27
26	20
39	13
2	12
5	33
26	9
4	10
11	18
27	24
20	25
5	28
13	31
4	17
7	29
4	35
26	36
# tree 518
1	6
6	3
1	2
2	4
3	7
7	37
7	16
4	26
4	39
37	5
16	11
4	27
26	20
39	13
2	12
5	33
26	9
4	10
11	18
27	24
20	25
5	28
13	31
4	17
7	29
4	35
26	36
# tree 519
1	6
6	3
1	2
2	4
3	7
4	27
7	37
7	16
4	26
27	39
37	5
16	11
26	20
39	13
2	12
5	33
4	10
11	18
27	24
20	25
5	28
13	31
4	17
7	29
4	35
26	36
4	9
# tree 520
1	6
6	3
1	2
3	7
2	4
7	37
7	16
4	26
4	39
37	5
16	11
4	27
26	20
39	13
2	12
5	33
4	10
11	18
27	24
20	25
5	28
13	31
39	35
4	17
7	29
26	36
4	9
# tree 521
1	6
6	3
1	2
3	7
2	4
7	37
7	16
4	26
37	5
2	39
16	11
4	27
26	20
5	33
2	12
39	13
26	9
4	10
11	18
27	24
20	25
5	28
33	29
4	17
27	31
4	35
26	36
# tree 522
1	6
6	3
1	2
3	7
2	4
7	37
7	16
4	26
37	5
4	39
16	11
4	27
26	20
5	33
2	12
39	13
26	9
4	10
11	18
27	24
20	25
5	28
33	29
4	17
27	31
4	35
26	36
# tree 523
1	6
6	3
1	2
3	7
2	4
7	37
4	27
7	16
4	26
37	5
27	39
16	11
26	20
5	33
2	12
39	13
4	10
11	18
27	24
20	25
5	28
33	29
4	17
27	31
4	35
26	36
4	9
# tree 524
1	6
6	3
1	2
3	7
2	4
7	37
7	16
4	26
37	5
4	39
16	11
4	27
26	20
5	33
2	12
39	13
4	10
11	18
27	24
20	25
5	28
33	29
39	35
4	17
27	31
26	36
4	9
# tree 525
1	6
6	3
1	2
3	7
2	4
7	37
7	16
4	26
37	5
4	39
16	11
4	27
26	20
5	33
39	13
2	12
4	10
11	18
27	24
20	25
5	28
33	29
13	31
4	17
4	35
26	36
4	9
# tree 526
1	6
6	3
1	2
2	4
3	7
4	27
7	37
7	16
4	26
27	39
37	5
16	11
26	20
4	35
2	12
39	13
5	33
26	9
4	10
26	17
11	18
20	25
5	28
35	24
7	29
27	31
26	36
# tree 527
1	6
6	3
1	2
2	4
3	7
7	37
7	16
4	26
2	39
37	5
16	11
26	20
2	12
4	35
4	27
39	13
5	33
26	9
4	10
26	17
11	18
20	25
5	28
12	36
35	24
7	29
27	31
# tree 528
1	6
6	3
1	2
2	4
3	7
7	37
7	16
4	26
4	39
37	5
16	11
26	20
2	12
4	35
4	27
39	13
5	33
26	9
4	10
26	17
11	18
20	25
5	28
12	36
35	24
7	29
27	31
# tree 529
1	6
6	3
1	2
2	4
3	7
4	27
7	37
7	16
4	26
27	39
37	5
16	11
26	20
2	12
4	35
39	13
5	33
4	10
26	17
11	18
20	25
5	28
12	36
35	24
7	29
27	31
4	9
# tree 530
1	6
6	3
1	2
2	4
3	7
7	37
7	16
4	26
2	39
37	5
16	11
26	20
39	35
4	27
2	12
39	13
5	33
26	9
4	10
26	17
11	18
20	25
5	28
35	24
7	29
27	31
26	36
# tree 531
1	6
6	3
1	2
2	4
3	7
7	37
7	16
4	26
4	39
37	5
16	11
26	20
39	35
4	27
2	12
39	13
5	33
26	9
4	10
26	17
11	18
20	25
5	28
35	24
7	29
27	31
26	36
# tree 532
1	6
6	3
1	2
2	4
3	7
4	27
7	37
7	16
4	26
27	39
37	5
16	11
26	20
39	35
2	12
39	13
5	33
4	10
26	17
11	18
20	25
5	28
35	24
7	29
27	31
26	36
4	9
# tree 533
1	6
6	3
1	2
3	7
2	4
7	37
7	16
4	26
4	39
37	5
16	11
26	20
2	12
39	35
4	27
39	13
5	33
4	10
26	17
11	18
20	25
5	28
12	36
35	24
7	29
27	31
4	9
# tree 534
1	6
6	3
1	2
2	4
3	7
7	37
7	16
4	26
2	39
37	5
16	11
26	20
39	13
4	35
4	27
2	12
5	33
26	9
4	10
26	17
11	18
20	25
5	28
13	31
35	24
7	29
26	36
# tree 535
1	6
6	3
1	2
2	4
3	7
7	37
7	16
4	26
4	39
37	5
16	11
26	20
39	13
4	35
4	27
2	12
5	33
26	9
4	10
26	17
11	18
20	25
5	28
13	31
35	24
7	29
26	36
# tree 536
1	6
6	3
1	2
2	4
3	7
4	27
7	37
7	16
4	26
27	39
37	5
16	11
26	20
39	13
4	35
2	12
5	33
4	10
26	17
11	18
20	25
5	28
13	31
35	24
7	29
26	36
4	9
# tree 537
1	6
6	3
1	2
3	7
2	4
7	37
7	16
4	26
4	39
37	5
16	11
26	20
39	13
2	12
4	35
4	27
5	33
4	10
26	17
11	18
20	25
5	28
13	31
12	36
35	24
7	29
4	9
# tree 538
1	6
6	3
1	2
3	7
2	4
7	37
7	16
4	26
4	39
37	5
16	11
26	20
39	13
39	35
4	27
2	12
5	33
4	10
26	17
11	18
20	25
5	28
13	31
35	24
7	29
26	36
4	9
# tree 539
1	6
6	3
1	2
3	7
2	4
7	37
7	16
4	26
37	5
2	39
16	11
26	20
5	33
4	35
4	27
2	12
39	13
26	9
4	10
26	17
11	18
20	25
5	28
33	29
35	24
27	31
26	36
# tree 540
1	6
6	3
1	2
3	7
2	4
7	37
7	16
4	26
37	5
4	39
16	11
26	20
5	33
4	35
4	27
2	12
39	13
26	9
4	10
26	17
11	18
20	25
5	28
33	29
35	24
27	31
26	36
# tree 541
1	6
6	3
1	2
3	7
2	4
7	37
4	27
7	16
4	26
37	5
27	39
16	11
26	20
5	33
4	35
2	12
39	13
4	10
26	17
11	18
20	25
5	28
33	29
35	24
27	31
26	36
4	9
# tree 542
1	6
6	3
1	2
3	7
2	4
7	37
7	16
4	26
37	5
4	39
16	11
26	20
5	33
2	12
4	35
4	27
39	13
4	10
26	17
11	18
20	25
5	28
33	29
12	36
35	24
27	31
4	9
# tree 543
1	6
6	3
1	2
3	7
2	4
7	37
7	16
4	26
37	5
4	39
16	11
26	20
5	33
39	35
4	27
2	12
39	13
4	10
26	17
11	18
20	25
5	28
33	29
35	24
27	31
26	36
4	9
# tree 544
1	6
6	3
1	2
3	7
2	4
7	37
7	16
4	26
37	5
4	39
16	11
26	20
5	33
39	13
4	35
4	27
2	12
4	10
26	17
11	18
20	25
5	28
33	29
13	31
35	24
26	36
4	9
# tree 545
1	6
1	2
6	3
2	4
3	7
7	37
7	16
4	26
2	39
37	5
16	11
4	27
26	20
2	12
39	13
5	33
26	9
4	10
26	17
11	18
27	24
20	25
5	28
7	29
27	31
4	35
26	36
# tree 546
1	6
1	2
6	3
2	4
3	7
7	37
7	16
4	26
4	39
37	5
16	11
4	27
26	20
2	12
39	13
5	33
26	9
4	10
26	17
11	18
27	24
20	25
5	28
7	29
27	31
4	35
26	36
# tree 547
1	6
1	2
6	3
2	4
3	7
4	27
7	37
7	16
4	26
27	39
37	5
16	11
26	20
2	12
39	13
5	33
4	10
26	17
11	18
27	24
20	25
5	28
7	29
27	31
4	35
26	36
4	9
# tree 548
1	6
1	2
6	3
3	7
2	4
7	37
7	16
4	26
4	39
37	5
16	11
4	27
26	20
2	12
39	13
5	33
4	10
26	17
11	18
27	24
20	25
5	28
12	36
7	29
27	31
4	35
4	9
# tree 549
1	6
1	2
6	3
3	7
2	4
7	37
7	16
4	26
4	39
37	5
16	11
4	27
26	20
2	12
39	13
5	33
4	10
26	17
11	18
27	24
20	25
5	28
39	35
7	29
27	31
26	36
4	9
# tree 550
1	6
1	2
6	3
3	7
2	4
7	37
7	16
4	26
4	39
37	5
16	11
4	27
26	20
39	13
2	12
5	33
4	10
26	17
11	18
27	24
20	25
5	28
13	31
7	29
4	35
26	36
4	9
# tree 551
1	6
6	3
1	2
3	7
2	4
7	37
7	16
4	26
37	5
4	39
16	11
4	27
26	20
5	33
2	12
39	13
4	10
26	17
11	18
27	24
20	25
5	28
33	29
27	31
4	35
26	36
4	9
