### 518 trees
# tree 1
1	2
2	4
4	7
4	8
12	10
4	11
4	12
8	20
12	3
10	5
11	6
20	15
4	17
4	18
7	22
# tree 2
1	2
2	4
4	12
4	8
4	11
8	20
4	7
12	10
12	3
11	6
20	15
4	17
4	18
7	22
1	5
# tree 3
1	2
2	4
4	12
4	8
4	11
8	20
4	7
12	10
12	3
11	6
20	15
4	17
4	18
7	22
2	5
# tree 4
1	2
2	4
4	12
4	8
4	11
8	20
4	7
12	10
12	3
11	6
20	15
4	17
4	18
7	22
12	5
# tree 5
1	2
2	4
4	12
4	8
4	11
8	20
4	7
12	10
12	3
11	6
20	15
4	17
4	18
7	22
4	5
# tree 6
1	2
2	4
4	12
4	8
12	10
8	20
4	7
4	11
12	3
10	5
20	15
4	17
4	18
7	22
2	6
# tree 7
1	2
2	4
4	12
4	8
12	10
8	20
4	7
4	11
12	3
10	5
20	15
4	17
4	18
7	22
4	6
# tree 8
1	2
2	4
4	12
4	8
12	10
4	11
8	20
2	7
12	3
10	5
11	6
20	15
4	17
4	18
7	22
# tree 9
1	2
2	4
4	12
2	8
12	10
4	11
8	20
4	7
12	3
10	5
11	6
20	15
4	17
4	18
7	22
# tree 10
1	2
2	4
4	8
4	12
4	10
4	11
8	20
4	7
12	3
10	5
11	6
20	15
4	17
4	18
7	22
# tree 11
1	2
2	4
4	12
4	8
12	10
2	11
8	20
4	7
12	3
10	5
11	6
20	15
4	17
4	18
7	22
# tree 12
1	2
2	4
4	12
4	8
12	10
4	11
4	7
8	20
12	3
10	5
11	6
4	17
4	18
7	22
4	15
# tree 13
1	2
2	4
4	12
4	8
12	10
4	11
4	7
8	20
12	3
10	5
11	6
4	17
4	18
7	22
8	15
# tree 14
1	2
2	4
4	12
12	10
4	11
2	20
4	7
4	8
12	3
10	5
11	6
20	15
4	17
4	18
7	22
# tree 15
1	2
2	4
4	12
12	10
4	11
4	20
4	7
4	8
12	3
10	5
11	6
20	15
4	17
4	18
7	22
# tree 16
1	2
2	4
4	12
4	8
12	10
4	11
8	20
4	7
12	3
10	5
11	6
20	15
4	17
4	18
4	22
# tree 17
1	2
2	4
4	8
4	12
4	10
2	11
8	20
4	7
12	3
10	5
11	6
20	15
4	17
4	18
7	22
# tree 18
1	2
2	4
4	8
4	12
4	10
4	11
4	7
8	20
12	3
10	5
11	6
4	17
4	18
7	22
4	15
# tree 19
1	2
2	4
4	8
4	12
4	10
4	11
4	7
8	20
12	3
10	5
11	6
4	17
4	18
7	22
8	15
# tree 20
1	2
2	4
4	12
4	10
4	11
2	20
4	7
4	8
12	3
10	5
11	6
20	15
4	17
4	18
7	22
# tree 21
1	2
2	4
4	12
4	10
4	11
4	20
4	7
4	8
12	3
10	5
11	6
20	15
4	17
4	18
7	22
# tree 22
1	2
2	4
4	8
4	12
4	10
4	11
8	20
4	7
12	3
10	5
11	6
20	15
4	17
4	18
4	22
# tree 23
1	2
2	4
4	8
4	12
4	11
8	20
4	7
4	10
12	3
11	6
20	15
4	17
4	18
7	22
1	5
# tree 24
1	2
2	4
4	8
4	12
4	11
8	20
4	7
4	10
12	3
11	6
20	15
4	17
4	18
7	22
2	5
# tree 25
1	2
2	4
4	8
4	12
4	11
8	20
4	7
4	10
12	3
11	6
20	15
4	17
4	18
7	22
12	5
# tree 26
1	2
2	4
4	8
4	12
4	11
8	20
4	7
4	10
12	3
11	6
20	15
4	17
4	18
7	22
4	5
# tree 27
1	2
2	4
4	8
4	12
4	10
8	20
4	7
4	11
12	3
10	5
20	15
4	17
4	18
7	22
2	6
# tree 28
1	2
2	4
4	8
4	12
4	10
8	20
4	7
4	11
12	3
10	5
20	15
4	17
4	18
7	22
4	6
# tree 29
1	2
2	4
4	8
4	12
4	10
4	11
8	20
2	7
12	3
10	5
11	6
20	15
4	17
4	18
7	22
# tree 30
1	2
2	4
2	8
4	12
4	10
4	11
8	20
4	7
12	3
10	5
11	6
20	15
4	17
4	18
7	22
# tree 31
1	2
2	4
4	12
4	8
12	10
2	11
4	7
8	20
12	3
10	5
11	6
4	17
4	18
7	22
4	15
# tree 32
1	2
2	4
4	12
4	8
12	10
2	11
4	7
8	20
12	3
10	5
11	6
4	17
4	18
7	22
8	15
# tree 33
1	2
2	4
4	12
12	10
2	11
2	20
4	7
4	8
12	3
10	5
11	6
20	15
4	17
4	18
7	22
# tree 34
1	2
2	4
4	12
12	10
2	11
4	20
4	7
4	8
12	3
10	5
11	6
20	15
4	17
4	18
7	22
# tree 35
1	2
2	4
4	12
4	8
12	10
2	11
8	20
4	7
12	3
10	5
11	6
20	15
4	17
4	18
4	22
# tree 36
1	2
2	4
4	12
4	8
2	11
8	20
4	7
12	10
12	3
11	6
20	15
4	17
4	18
7	22
1	5
# tree 37
1	2
2	4
4	12
4	8
2	11
8	20
4	7
12	10
12	3
11	6
20	15
4	17
4	18
7	22
2	5
# tree 38
1	2
2	4
4	12
4	8
2	11
8	20
4	7
12	10
12	3
11	6
20	15
4	17
4	18
7	22
12	5
# tree 39
1	2
2	4
4	12
4	8
2	11
8	20
4	7
12	10
12	3
11	6
20	15
4	17
4	18
7	22
4	5
# tree 40
1	2
2	4
4	12
4	8
12	10
8	20
4	7
2	11
12	3
10	5
20	15
4	17
4	18
7	22
4	6
# tree 41
1	2
2	4
4	12
4	8
12	10
2	11
8	20
2	7
12	3
10	5
11	6
20	15
4	17
4	18
7	22
# tree 42
1	2
2	4
4	12
2	8
12	10
2	11
8	20
4	7
12	3
10	5
11	6
20	15
4	17
4	18
7	22
# tree 43
1	2
2	4
4	12
12	10
4	11
4	7
4	8
12	3
10	5
11	6
4	17
4	18
7	22
8	15
2	20
# tree 44
1	2
2	4
4	12
12	10
4	11
4	7
4	8
12	3
10	5
11	6
4	17
4	18
7	22
8	15
4	20
# tree 45
1	2
2	4
4	12
4	8
12	10
4	11
4	7
8	20
12	3
10	5
11	6
4	17
4	18
8	15
4	22
# tree 46
1	2
2	4
4	12
4	8
4	11
4	7
12	10
8	20
12	3
11	6
4	17
4	18
7	22
8	15
1	5
# tree 47
1	2
2	4
4	12
4	8
4	11
4	7
12	10
8	20
12	3
11	6
4	17
4	18
7	22
8	15
2	5
# tree 48
1	2
2	4
4	12
4	8
4	11
4	7
12	10
8	20
12	3
11	6
4	17
4	18
7	22
8	15
12	5
# tree 49
1	2
2	4
4	12
4	8
4	11
4	7
12	10
8	20
12	3
11	6
4	17
4	18
7	22
8	15
4	5
# tree 50
1	2
2	4
4	12
4	8
12	10
4	7
4	11
8	20
12	3
10	5
4	17
4	18
7	22
8	15
2	6
# tree 51
1	2
2	4
4	12
4	8
12	10
4	7
4	11
8	20
12	3
10	5
4	17
4	18
7	22
8	15
4	6
# tree 52
1	2
2	4
4	12
4	8
12	10
4	11
2	7
8	20
12	3
10	5
11	6
4	17
4	18
7	22
8	15
# tree 53
1	2
2	4
4	12
2	8
12	10
4	11
4	7
8	20
12	3
10	5
11	6
4	17
4	18
7	22
8	15
# tree 54
1	2
2	4
4	12
12	10
4	11
4	20
4	7
4	8
12	3
10	5
11	6
20	15
4	17
4	18
4	22
# tree 55
1	2
2	4
4	12
4	11
4	20
4	7
12	10
4	8
12	3
11	6
20	15
4	17
4	18
7	22
1	5
# tree 56
1	2
2	4
4	12
4	11
4	20
4	7
12	10
4	8
12	3
11	6
20	15
4	17
4	18
7	22
2	5
# tree 57
1	2
2	4
4	12
4	11
4	20
4	7
12	10
4	8
12	3
11	6
20	15
4	17
4	18
7	22
12	5
# tree 58
1	2
2	4
4	12
4	11
4	20
4	7
12	10
4	8
12	3
11	6
20	15
4	17
4	18
7	22
4	5
# tree 59
1	2
2	4
4	12
12	10
4	20
4	7
4	11
4	8
12	3
10	5
20	15
4	17
4	18
7	22
2	6
# tree 60
1	2
2	4
4	12
12	10
4	20
4	7
4	11
4	8
12	3
10	5
20	15
4	17
4	18
7	22
4	6
# tree 61
1	2
2	4
4	12
12	10
4	11
4	20
2	7
4	8
12	3
10	5
11	6
20	15
4	17
4	18
7	22
# tree 62
1	2
2	4
4	12
12	10
4	11
4	20
4	7
12	3
10	5
11	6
20	15
4	17
4	18
7	22
2	8
# tree 63
1	2
2	4
4	12
4	8
4	11
8	20
12	10
4	7
12	3
11	6
20	15
4	17
4	18
4	22
1	5
# tree 64
1	2
2	4
4	12
4	8
4	11
8	20
12	10
4	7
12	3
11	6
20	15
4	17
4	18
4	22
2	5
# tree 65
1	2
2	4
4	12
4	8
4	11
8	20
12	10
4	7
12	3
11	6
20	15
4	17
4	18
4	22
12	5
# tree 66
1	2
2	4
4	12
4	8
4	11
8	20
12	10
4	7
12	3
11	6
20	15
4	17
4	18
4	22
4	5
# tree 67
1	2
2	4
4	12
4	8
12	10
8	20
4	11
4	7
12	3
10	5
20	15
4	17
4	18
4	22
2	6
# tree 68
1	2
2	4
4	12
4	8
12	10
8	20
4	11
4	7
12	3
10	5
20	15
4	17
4	18
4	22
4	6
# tree 69
1	2
2	4
4	12
4	8
12	10
4	11
8	20
12	3
10	5
11	6
20	15
4	17
4	18
4	22
2	7
# tree 70
1	2
2	4
4	12
2	8
12	10
4	11
8	20
4	7
12	3
10	5
11	6
20	15
4	17
4	18
4	22
# tree 71
1	2
2	4
4	8
4	12
8	20
4	7
4	11
12	10
12	3
20	15
4	17
4	18
7	22
4	5
2	6
# tree 72
1	2
2	4
4	8
4	12
8	20
4	7
4	11
12	10
12	3
20	15
4	17
4	18
7	22
4	5
4	6
# tree 73
1	2
2	4
4	8
4	12
4	11
8	20
2	7
12	10
12	3
11	6
20	15
4	17
4	18
7	22
4	5
# tree 74
1	2
2	4
2	8
4	12
4	11
8	20
4	7
12	10
12	3
11	6
20	15
4	17
4	18
7	22
4	5
# tree 75
1	2
2	4
4	12
4	8
12	10
8	20
2	7
4	11
12	3
10	5
20	15
4	17
4	18
7	22
4	6
# tree 76
1	2
2	4
4	12
2	8
12	10
8	20
4	7
4	11
12	3
10	5
20	15
4	17
4	18
7	22
4	6
# tree 77
1	2
2	4
4	12
2	8
12	10
4	11
8	20
2	7
12	3
10	5
11	6
20	15
4	17
4	18
7	22
# tree 78
1	2
2	4
4	8
4	12
4	10
2	11
4	7
8	20
12	3
10	5
11	6
4	17
4	18
7	22
4	15
# tree 79
1	2
2	4
4	8
4	12
4	10
2	11
4	7
8	20
12	3
10	5
11	6
4	17
4	18
7	22
8	15
# tree 80
1	2
2	4
4	12
4	10
2	11
2	20
4	7
4	8
12	3
10	5
11	6
20	15
4	17
4	18
7	22
# tree 81
1	2
2	4
4	12
4	10
2	11
4	20
4	7
4	8
12	3
10	5
11	6
20	15
4	17
4	18
7	22
# tree 82
1	2
2	4
4	8
4	12
4	10
2	11
8	20
4	7
12	3
10	5
11	6
20	15
4	17
4	18
4	22
# tree 83
1	2
2	4
4	8
4	12
2	11
8	20
4	7
4	10
12	3
11	6
20	15
4	17
4	18
7	22
1	5
# tree 84
1	2
2	4
4	8
4	12
2	11
8	20
4	7
4	10
12	3
11	6
20	15
4	17
4	18
7	22
2	5
# tree 85
1	2
2	4
4	8
4	12
2	11
8	20
4	7
4	10
12	3
11	6
20	15
4	17
4	18
7	22
12	5
# tree 86
1	2
2	4
4	8
4	12
2	11
8	20
4	7
4	10
12	3
11	6
20	15
4	17
4	18
7	22
4	5
# tree 87
1	2
2	4
4	8
4	12
4	10
8	20
4	7
2	11
12	3
10	5
20	15
4	17
4	18
7	22
4	6
# tree 88
1	2
2	4
4	8
4	12
4	10
2	11
8	20
2	7
12	3
10	5
11	6
20	15
4	17
4	18
7	22
# tree 89
1	2
2	4
2	8
4	12
4	10
2	11
8	20
4	7
12	3
10	5
11	6
20	15
4	17
4	18
7	22
# tree 90
1	2
2	4
4	12
4	10
4	11
4	7
4	8
12	3
10	5
11	6
4	17
4	18
7	22
8	15
2	20
# tree 91
1	2
2	4
4	12
4	10
4	11
4	7
4	8
12	3
10	5
11	6
4	17
4	18
7	22
8	15
4	20
# tree 92
1	2
2	4
4	8
4	12
4	10
4	11
4	7
8	20
12	3
10	5
11	6
4	17
4	18
8	15
4	22
# tree 93
1	2
2	4
4	8
4	12
4	11
4	7
4	10
8	20
12	3
11	6
4	17
4	18
7	22
8	15
1	5
# tree 94
1	2
2	4
4	8
4	12
4	11
4	7
4	10
8	20
12	3
11	6
4	17
4	18
7	22
8	15
2	5
# tree 95
1	2
2	4
4	8
4	12
4	11
4	7
4	10
8	20
12	3
11	6
4	17
4	18
7	22
8	15
12	5
# tree 96
1	2
2	4
4	8
4	12
4	11
4	7
4	10
8	20
12	3
11	6
4	17
4	18
7	22
8	15
4	5
# tree 97
1	2
2	4
4	8
4	12
4	10
4	7
4	11
8	20
12	3
10	5
4	17
4	18
7	22
8	15
2	6
# tree 98
1	2
2	4
4	8
4	12
4	10
4	7
4	11
8	20
12	3
10	5
4	17
4	18
7	22
8	15
4	6
# tree 99
1	2
2	4
4	8
4	12
4	10
4	11
2	7
8	20
12	3
10	5
11	6
4	17
4	18
7	22
8	15
# tree 100
1	2
2	4
2	8
4	12
4	10
4	11
4	7
8	20
12	3
10	5
11	6
4	17
4	18
7	22
8	15
# tree 101
1	2
2	4
4	12
4	10
4	11
4	20
4	7
4	8
12	3
10	5
11	6
20	15
4	17
4	18
4	22
# tree 102
1	2
2	4
4	12
4	11
4	20
4	7
4	10
4	8
12	3
11	6
20	15
4	17
4	18
7	22
1	5
# tree 103
1	2
2	4
4	12
4	11
4	20
4	7
4	10
4	8
12	3
11	6
20	15
4	17
4	18
7	22
2	5
# tree 104
1	2
2	4
4	12
4	11
4	20
4	7
4	10
4	8
12	3
11	6
20	15
4	17
4	18
7	22
12	5
# tree 105
1	2
2	4
4	12
4	11
4	20
4	7
4	10
4	8
12	3
11	6
20	15
4	17
4	18
7	22
4	5
# tree 106
1	2
2	4
4	12
4	10
4	20
4	7
4	11
4	8
12	3
10	5
20	15
4	17
4	18
7	22
2	6
# tree 107
1	2
2	4
4	12
4	10
4	20
4	7
4	11
4	8
12	3
10	5
20	15
4	17
4	18
7	22
4	6
# tree 108
1	2
2	4
4	12
4	10
4	11
4	20
2	7
4	8
12	3
10	5
11	6
20	15
4	17
4	18
7	22
# tree 109
1	2
2	4
4	12
4	10
4	11
4	20
4	7
12	3
10	5
11	6
20	15
4	17
4	18
7	22
2	8
# tree 110
1	2
2	4
4	8
4	12
4	11
8	20
4	10
4	7
12	3
11	6
20	15
4	17
4	18
4	22
1	5
# tree 111
1	2
2	4
4	8
4	12
4	11
8	20
4	10
4	7
12	3
11	6
20	15
4	17
4	18
4	22
2	5
# tree 112
1	2
2	4
4	8
4	12
4	11
8	20
4	10
4	7
12	3
11	6
20	15
4	17
4	18
4	22
12	5
# tree 113
1	2
2	4
4	8
4	12
4	11
8	20
4	10
4	7
12	3
11	6
20	15
4	17
4	18
4	22
4	5
# tree 114
1	2
2	4
4	8
4	12
4	10
8	20
4	11
4	7
12	3
10	5
20	15
4	17
4	18
4	22
2	6
# tree 115
1	2
2	4
4	8
4	12
4	10
8	20
4	11
4	7
12	3
10	5
20	15
4	17
4	18
4	22
4	6
# tree 116
1	2
2	4
4	8
4	12
4	10
4	11
8	20
12	3
10	5
11	6
20	15
4	17
4	18
4	22
2	7
# tree 117
1	2
2	4
2	8
4	12
4	10
4	11
8	20
4	7
12	3
10	5
11	6
20	15
4	17
4	18
4	22
# tree 118
1	2
2	4
4	8
4	12
8	20
4	7
4	11
4	10
12	3
20	15
4	17
4	18
7	22
4	5
2	6
# tree 119
1	2
2	4
4	8
4	12
8	20
4	7
4	11
4	10
12	3
20	15
4	17
4	18
7	22
4	5
4	6
# tree 120
1	2
2	4
4	8
4	12
4	11
8	20
2	7
4	10
12	3
11	6
20	15
4	17
4	18
7	22
4	5
# tree 121
1	2
2	4
2	8
4	12
4	11
8	20
4	7
4	10
12	3
11	6
20	15
4	17
4	18
7	22
4	5
# tree 122
1	2
2	4
4	8
4	12
4	10
8	20
2	7
4	11
12	3
10	5
20	15
4	17
4	18
7	22
4	6
# tree 123
1	2
2	4
2	8
4	12
4	10
8	20
4	7
4	11
12	3
10	5
20	15
4	17
4	18
7	22
4	6
# tree 124
1	2
2	4
2	8
4	12
4	10
4	11
8	20
2	7
12	3
10	5
11	6
20	15
4	17
4	18
7	22
# tree 125
1	2
2	4
4	12
12	10
2	11
4	7
4	8
12	3
10	5
11	6
4	17
4	18
7	22
8	15
2	20
# tree 126
1	2
2	4
4	12
12	10
2	11
4	7
4	8
12	3
10	5
11	6
4	17
4	18
7	22
8	15
4	20
# tree 127
1	2
2	4
4	12
4	8
12	10
2	11
4	7
8	20
12	3
10	5
11	6
4	17
4	18
8	15
4	22
# tree 128
1	2
2	4
4	12
4	8
2	11
4	7
12	10
8	20
12	3
11	6
4	17
4	18
7	22
8	15
1	5
# tree 129
1	2
2	4
4	12
4	8
2	11
4	7
12	10
8	20
12	3
11	6
4	17
4	18
7	22
8	15
2	5
# tree 130
1	2
2	4
4	12
4	8
2	11
4	7
12	10
8	20
12	3
11	6
4	17
4	18
7	22
8	15
12	5
# tree 131
1	2
2	4
4	12
4	8
2	11
4	7
12	10
8	20
12	3
11	6
4	17
4	18
7	22
8	15
4	5
# tree 132
1	2
2	4
4	12
4	8
12	10
4	7
2	11
8	20
12	3
10	5
4	17
4	18
7	22
8	15
4	6
# tree 133
1	2
2	4
4	12
4	8
12	10
2	11
2	7
8	20
12	3
10	5
11	6
4	17
4	18
7	22
8	15
# tree 134
1	2
2	4
4	12
2	8
12	10
2	11
4	7
8	20
12	3
10	5
11	6
4	17
4	18
7	22
8	15
# tree 135
1	2
2	4
4	12
12	10
2	11
4	20
4	7
4	8
12	3
10	5
11	6
20	15
4	17
4	18
4	22
# tree 136
1	2
2	4
4	12
2	11
4	20
4	7
12	10
4	8
12	3
11	6
20	15
4	17
4	18
7	22
1	5
# tree 137
1	2
2	4
4	12
2	11
4	20
4	7
12	10
4	8
12	3
11	6
20	15
4	17
4	18
7	22
2	5
# tree 138
1	2
2	4
4	12
2	11
4	20
4	7
12	10
4	8
12	3
11	6
20	15
4	17
4	18
7	22
12	5
# tree 139
1	2
2	4
4	12
2	11
4	20
4	7
12	10
4	8
12	3
11	6
20	15
4	17
4	18
7	22
4	5
# tree 140
1	2
2	4
4	12
12	10
4	20
4	7
2	11
4	8
12	3
10	5
20	15
4	17
4	18
7	22
4	6
# tree 141
1	2
2	4
4	12
12	10
2	11
4	20
2	7
4	8
12	3
10	5
11	6
20	15
4	17
4	18
7	22
# tree 142
1	2
2	4
4	12
12	10
2	11
4	20
4	7
12	3
10	5
11	6
20	15
4	17
4	18
7	22
2	8
# tree 143
1	2
2	4
4	12
4	8
2	11
8	20
12	10
4	7
12	3
11	6
20	15
4	17
4	18
4	22
1	5
# tree 144
1	2
2	4
4	12
4	8
2	11
8	20
12	10
4	7
12	3
11	6
20	15
4	17
4	18
4	22
2	5
# tree 145
1	2
2	4
4	12
4	8
2	11
8	20
12	10
4	7
12	3
11	6
20	15
4	17
4	18
4	22
12	5
# tree 146
1	2
2	4
4	12
4	8
2	11
8	20
12	10
4	7
12	3
11	6
20	15
4	17
4	18
4	22
4	5
# tree 147
1	2
2	4
4	12
4	8
12	10
8	20
2	11
4	7
12	3
10	5
20	15
4	17
4	18
4	22
4	6
# tree 148
1	2
2	4
4	12
4	8
12	10
2	11
8	20
12	3
10	5
11	6
20	15
4	17
4	18
4	22
2	7
# tree 149
1	2
2	4
4	12
2	8
12	10
2	11
8	20
4	7
12	3
10	5
11	6
20	15
4	17
4	18
4	22
# tree 150
1	2
2	4
4	8
4	12
8	20
4	7
2	11
12	10
12	3
20	15
4	17
4	18
7	22
4	5
4	6
# tree 151
1	2
2	4
4	8
4	12
2	11
8	20
2	7
12	10
12	3
11	6
20	15
4	17
4	18
7	22
4	5
# tree 152
1	2
2	4
2	8
4	12
2	11
8	20
4	7
12	10
12	3
11	6
20	15
4	17
4	18
7	22
4	5
# tree 153
1	2
2	4
4	12
4	8
12	10
8	20
2	7
2	11
12	3
10	5
20	15
4	17
4	18
7	22
4	6
# tree 154
1	2
2	4
4	12
2	8
12	10
8	20
4	7
2	11
12	3
10	5
20	15
4	17
4	18
7	22
4	6
# tree 155
1	2
2	4
4	12
2	8
12	10
2	11
8	20
2	7
12	3
10	5
11	6
20	15
4	17
4	18
7	22
# tree 156
1	2
2	4
4	12
12	10
4	11
4	8
4	7
12	3
10	5
11	6
4	17
4	18
8	15
4	20
4	22
# tree 157
1	2
2	4
4	12
4	11
4	7
4	8
12	10
12	3
11	6
4	17
4	18
7	22
8	15
4	20
1	5
# tree 158
1	2
2	4
4	12
4	11
4	7
4	8
12	10
12	3
11	6
4	17
4	18
7	22
8	15
4	20
2	5
# tree 159
1	2
2	4
4	12
4	11
4	7
4	8
12	10
12	3
11	6
4	17
4	18
7	22
8	15
4	20
12	5
# tree 160
1	2
2	4
4	12
4	11
4	7
4	8
12	10
12	3
11	6
4	17
4	18
7	22
8	15
4	20
4	5
# tree 161
1	2
2	4
4	12
12	10
4	7
4	8
4	11
12	3
10	5
4	17
4	18
7	22
8	15
4	20
2	6
# tree 162
1	2
2	4
4	12
12	10
4	7
4	8
4	11
12	3
10	5
4	17
4	18
7	22
8	15
4	20
4	6
# tree 163
1	2
2	4
4	12
12	10
4	11
2	7
4	8
12	3
10	5
11	6
4	17
4	18
7	22
8	15
4	20
# tree 164
1	2
2	4
4	12
12	10
4	11
4	7
2	8
12	3
10	5
11	6
4	17
4	18
7	22
8	15
4	20
# tree 165
1	2
2	4
4	12
4	8
4	11
12	10
4	7
8	20
12	3
11	6
4	17
4	18
8	15
4	22
1	5
# tree 166
1	2
2	4
4	12
4	8
4	11
12	10
4	7
8	20
12	3
11	6
4	17
4	18
8	15
4	22
2	5
# tree 167
1	2
2	4
4	12
4	8
4	11
12	10
4	7
8	20
12	3
11	6
4	17
4	18
8	15
4	22
12	5
# tree 168
1	2
2	4
4	12
4	8
4	11
12	10
4	7
8	20
12	3
11	6
4	17
4	18
8	15
4	22
4	5
# tree 169
1	2
2	4
4	12
4	8
12	10
4	11
4	7
8	20
12	3
10	5
4	17
4	18
8	15
4	22
2	6
# tree 170
1	2
2	4
4	12
4	8
12	10
4	11
4	7
8	20
12	3
10	5
4	17
4	18
8	15
4	22
4	6
# tree 171
1	2
2	4
4	12
4	8
12	10
4	11
8	20
12	3
10	5
11	6
4	17
4	18
8	15
4	22
2	7
# tree 172
1	2
2	4
4	12
2	8
12	10
4	11
4	7
8	20
12	3
10	5
11	6
4	17
4	18
8	15
4	22
# tree 173
1	2
2	4
4	12
4	8
4	7
4	11
12	10
8	20
12	3
4	17
4	18
7	22
8	15
4	5
2	6
# tree 174
1	2
2	4
4	12
4	8
4	7
4	11
12	10
8	20
12	3
4	17
4	18
7	22
8	15
4	5
4	6
# tree 175
1	2
2	4
4	12
4	8
4	11
2	7
12	10
8	20
12	3
11	6
4	17
4	18
7	22
8	15
4	5
# tree 176
1	2
2	4
4	12
2	8
4	11
4	7
12	10
8	20
12	3
11	6
4	17
4	18
7	22
8	15
4	5
# tree 177
1	2
2	4
4	12
4	8
12	10
2	7
4	11
8	20
12	3
10	5
4	17
4	18
7	22
8	15
4	6
# tree 178
1	2
2	4
4	12
2	8
12	10
4	7
4	11
8	20
12	3
10	5
4	17
4	18
7	22
8	15
4	6
# tree 179
1	2
2	4
4	12
2	8
12	10
4	11
2	7
8	20
12	3
10	5
11	6
4	17
4	18
7	22
8	15
# tree 180
1	2
2	4
4	12
4	11
4	20
12	10
4	7
4	8
12	3
11	6
20	15
4	17
4	18
4	22
1	5
# tree 181
1	2
2	4
4	12
4	11
4	20
12	10
4	7
4	8
12	3
11	6
20	15
4	17
4	18
4	22
2	5
# tree 182
1	2
2	4
4	12
4	11
4	20
12	10
4	7
4	8
12	3
11	6
20	15
4	17
4	18
4	22
12	5
# tree 183
1	2
2	4
4	12
4	11
4	20
12	10
4	7
4	8
12	3
11	6
20	15
4	17
4	18
4	22
4	5
# tree 184
1	2
2	4
4	12
12	10
4	20
4	11
4	7
4	8
12	3
10	5
20	15
4	17
4	18
4	22
2	6
# tree 185
1	2
2	4
4	12
12	10
4	20
4	11
4	7
4	8
12	3
10	5
20	15
4	17
4	18
4	22
4	6
# tree 186
1	2
2	4
4	12
12	10
4	11
4	20
4	8
12	3
10	5
11	6
20	15
4	17
4	18
4	22
2	7
# tree 187
1	2
2	4
4	12
12	10
4	11
4	20
4	7
12	3
10	5
11	6
20	15
4	17
4	18
4	22
2	8
# tree 188
1	2
2	4
4	12
4	20
4	7
4	11
12	10
4	8
12	3
20	15
4	17
4	18
7	22
4	5
2	6
# tree 189
1	2
2	4
4	12
4	20
4	7
4	11
12	10
4	8
12	3
20	15
4	17
4	18
7	22
4	5
4	6
# tree 190
1	2
2	4
4	12
4	11
4	20
2	7
12	10
4	8
12	3
11	6
20	15
4	17
4	18
7	22
4	5
# tree 191
1	2
2	4
4	12
4	11
4	20
4	7
12	10
12	3
11	6
20	15
4	17
4	18
7	22
4	5
2	8
# tree 192
1	2
2	4
4	12
12	10
4	20
2	7
4	11
4	8
12	3
10	5
20	15
4	17
4	18
7	22
4	6
# tree 193
1	2
2	4
4	12
12	10
4	20
4	7
4	11
12	3
10	5
20	15
4	17
4	18
7	22
4	6
2	8
# tree 194
1	2
2	4
4	12
12	10
4	11
4	20
2	7
12	3
10	5
11	6
20	15
4	17
4	18
7	22
2	8
# tree 195
1	2
2	4
4	8
4	12
8	20
4	11
12	10
4	7
12	3
20	15
4	17
4	18
4	22
4	5
2	6
# tree 196
1	2
2	4
4	8
4	12
8	20
4	11
12	10
4	7
12	3
20	15
4	17
4	18
4	22
4	5
4	6
# tree 197
1	2
2	4
4	8
4	12
4	11
8	20
12	10
12	3
11	6
20	15
4	17
4	18
4	22
4	5
2	7
# tree 198
1	2
2	4
2	8
4	12
4	11
8	20
12	10
4	7
12	3
11	6
20	15
4	17
4	18
4	22
4	5
# tree 199
1	2
2	4
4	12
4	8
12	10
8	20
4	11
12	3
10	5
20	15
4	17
4	18
4	22
4	6
2	7
# tree 200
1	2
2	4
4	12
2	8
12	10
8	20
4	11
4	7
12	3
10	5
20	15
4	17
4	18
4	22
4	6
# tree 201
1	2
2	4
4	12
2	8
12	10
4	11
8	20
12	3
10	5
11	6
20	15
4	17
4	18
4	22
2	7
# tree 202
1	2
2	4
4	8
4	12
8	20
2	7
4	11
12	10
12	3
20	15
4	17
4	18
7	22
4	5
4	6
# tree 203
1	2
2	4
2	8
4	12
8	20
4	7
4	11
12	10
12	3
20	15
4	17
4	18
7	22
4	5
4	6
# tree 204
1	2
2	4
2	8
4	12
4	11
8	20
2	7
12	10
12	3
11	6
20	15
4	17
4	18
7	22
4	5
# tree 205
1	2
2	4
4	12
2	8
12	10
8	20
2	7
4	11
12	3
10	5
20	15
4	17
4	18
7	22
4	6
# tree 206
1	2
2	4
4	12
4	10
2	11
4	7
4	8
12	3
10	5
11	6
4	17
4	18
7	22
8	15
2	20
# tree 207
1	2
2	4
4	12
4	10
2	11
4	7
4	8
12	3
10	5
11	6
4	17
4	18
7	22
8	15
4	20
# tree 208
1	2
2	4
4	8
4	12
4	10
2	11
4	7
8	20
12	3
10	5
11	6
4	17
4	18
8	15
4	22
# tree 209
1	2
2	4
4	8
4	12
2	11
4	7
4	10
8	20
12	3
11	6
4	17
4	18
7	22
8	15
1	5
# tree 210
1	2
2	4
4	8
4	12
2	11
4	7
4	10
8	20
12	3
11	6
4	17
4	18
7	22
8	15
2	5
# tree 211
1	2
2	4
4	8
4	12
2	11
4	7
4	10
8	20
12	3
11	6
4	17
4	18
7	22
8	15
12	5
# tree 212
1	2
2	4
4	8
4	12
2	11
4	7
4	10
8	20
12	3
11	6
4	17
4	18
7	22
8	15
4	5
# tree 213
1	2
2	4
4	8
4	12
4	10
4	7
2	11
8	20
12	3
10	5
4	17
4	18
7	22
8	15
4	6
# tree 214
1	2
2	4
4	8
4	12
4	10
2	11
2	7
8	20
12	3
10	5
11	6
4	17
4	18
7	22
8	15
# tree 215
1	2
2	4
2	8
4	12
4	10
2	11
4	7
8	20
12	3
10	5
11	6
4	17
4	18
7	22
8	15
# tree 216
1	2
2	4
4	12
4	10
2	11
4	20
4	7
4	8
12	3
10	5
11	6
20	15
4	17
4	18
4	22
# tree 217
1	2
2	4
4	12
2	11
4	20
4	7
4	10
4	8
12	3
11	6
20	15
4	17
4	18
7	22
1	5
# tree 218
1	2
2	4
4	12
2	11
4	20
4	7
4	10
4	8
12	3
11	6
20	15
4	17
4	18
7	22
2	5
# tree 219
1	2
2	4
4	12
2	11
4	20
4	7
4	10
4	8
12	3
11	6
20	15
4	17
4	18
7	22
12	5
# tree 220
1	2
2	4
4	12
2	11
4	20
4	7
4	10
4	8
12	3
11	6
20	15
4	17
4	18
7	22
4	5
# tree 221
1	2
2	4
4	12
4	10
4	20
4	7
2	11
4	8
12	3
10	5
20	15
4	17
4	18
7	22
4	6
# tree 222
1	2
2	4
4	12
4	10
2	11
4	20
2	7
4	8
12	3
10	5
11	6
20	15
4	17
4	18
7	22
# tree 223
1	2
2	4
4	12
4	10
2	11
4	20
4	7
12	3
10	5
11	6
20	15
4	17
4	18
7	22
2	8
# tree 224
1	2
2	4
4	8
4	12
2	11
8	20
4	10
4	7
12	3
11	6
20	15
4	17
4	18
4	22
1	5
# tree 225
1	2
2	4
4	8
4	12
2	11
8	20
4	10
4	7
12	3
11	6
20	15
4	17
4	18
4	22
2	5
# tree 226
1	2
2	4
4	8
4	12
2	11
8	20
4	10
4	7
12	3
11	6
20	15
4	17
4	18
4	22
12	5
# tree 227
1	2
2	4
4	8
4	12
2	11
8	20
4	10
4	7
12	3
11	6
20	15
4	17
4	18
4	22
4	5
# tree 228
1	2
2	4
4	8
4	12
4	10
8	20
2	11
4	7
12	3
10	5
20	15
4	17
4	18
4	22
4	6
# tree 229
1	2
2	4
4	8
4	12
4	10
2	11
8	20
12	3
10	5
11	6
20	15
4	17
4	18
4	22
2	7
# tree 230
1	2
2	4
2	8
4	12
4	10
2	11
8	20
4	7
12	3
10	5
11	6
20	15
4	17
4	18
4	22
# tree 231
1	2
2	4
4	8
4	12
8	20
4	7
2	11
4	10
12	3
20	15
4	17
4	18
7	22
4	5
4	6
# tree 232
1	2
2	4
4	8
4	12
2	11
8	20
2	7
4	10
12	3
11	6
20	15
4	17
4	18
7	22
4	5
# tree 233
1	2
2	4
2	8
4	12
2	11
8	20
4	7
4	10
12	3
11	6
20	15
4	17
4	18
7	22
4	5
# tree 234
1	2
2	4
4	8
4	12
4	10
8	20
2	7
2	11
12	3
10	5
20	15
4	17
4	18
7	22
4	6
# tree 235
1	2
2	4
2	8
4	12
4	10
8	20
4	7
2	11
12	3
10	5
20	15
4	17
4	18
7	22
4	6
# tree 236
1	2
2	4
2	8
4	12
4	10
2	11
8	20
2	7
12	3
10	5
11	6
20	15
4	17
4	18
7	22
# tree 237
1	2
2	4
4	12
4	10
4	11
4	8
4	7
12	3
10	5
11	6
4	17
4	18
8	15
4	20
4	22
# tree 238
1	2
2	4
4	12
4	11
4	7
4	8
4	10
12	3
11	6
4	17
4	18
7	22
8	15
4	20
1	5
# tree 239
1	2
2	4
4	12
4	11
4	7
4	8
4	10
12	3
11	6
4	17
4	18
7	22
8	15
4	20
2	5
# tree 240
1	2
2	4
4	12
4	11
4	7
4	8
4	10
12	3
11	6
4	17
4	18
7	22
8	15
4	20
12	5
# tree 241
1	2
2	4
4	12
4	11
4	7
4	8
4	10
12	3
11	6
4	17
4	18
7	22
8	15
4	20
4	5
# tree 242
1	2
2	4
4	12
4	10
4	7
4	8
4	11
12	3
10	5
4	17
4	18
7	22
8	15
4	20
2	6
# tree 243
1	2
2	4
4	12
4	10
4	7
4	8
4	11
12	3
10	5
4	17
4	18
7	22
8	15
4	20
4	6
# tree 244
1	2
2	4
4	12
4	10
4	11
2	7
4	8
12	3
10	5
11	6
4	17
4	18
7	22
8	15
4	20
# tree 245
1	2
2	4
4	12
4	10
4	11
4	7
2	8
12	3
10	5
11	6
4	17
4	18
7	22
8	15
4	20
# tree 246
1	2
2	4
4	8
4	12
4	11
4	10
4	7
8	20
12	3
11	6
4	17
4	18
8	15
4	22
1	5
# tree 247
1	2
2	4
4	8
4	12
4	11
4	10
4	7
8	20
12	3
11	6
4	17
4	18
8	15
4	22
2	5
# tree 248
1	2
2	4
4	8
4	12
4	11
4	10
4	7
8	20
12	3
11	6
4	17
4	18
8	15
4	22
12	5
# tree 249
1	2
2	4
4	8
4	12
4	11
4	10
4	7
8	20
12	3
11	6
4	17
4	18
8	15
4	22
4	5
# tree 250
1	2
2	4
4	8
4	12
4	10
4	11
4	7
8	20
12	3
10	5
4	17
4	18
8	15
4	22
2	6
# tree 251
1	2
2	4
4	8
4	12
4	10
4	11
4	7
8	20
12	3
10	5
4	17
4	18
8	15
4	22
4	6
# tree 252
1	2
2	4
4	8
4	12
4	10
4	11
8	20
12	3
10	5
11	6
4	17
4	18
8	15
4	22
2	7
# tree 253
1	2
2	4
2	8
4	12
4	10
4	11
4	7
8	20
12	3
10	5
11	6
4	17
4	18
8	15
4	22
# tree 254
1	2
2	4
4	8
4	12
4	7
4	11
4	10
8	20
12	3
4	17
4	18
7	22
8	15
4	5
2	6
# tree 255
1	2
2	4
4	8
4	12
4	7
4	11
4	10
8	20
12	3
4	17
4	18
7	22
8	15
4	5
4	6
# tree 256
1	2
2	4
4	8
4	12
4	11
2	7
4	10
8	20
12	3
11	6
4	17
4	18
7	22
8	15
4	5
# tree 257
1	2
2	4
2	8
4	12
4	11
4	7
4	10
8	20
12	3
11	6
4	17
4	18
7	22
8	15
4	5
# tree 258
1	2
2	4
4	8
4	12
4	10
2	7
4	11
8	20
12	3
10	5
4	17
4	18
7	22
8	15
4	6
# tree 259
1	2
2	4
2	8
4	12
4	10
4	7
4	11
8	20
12	3
10	5
4	17
4	18
7	22
8	15
4	6
# tree 260
1	2
2	4
2	8
4	12
4	10
4	11
2	7
8	20
12	3
10	5
11	6
4	17
4	18
7	22
8	15
# tree 261
1	2
2	4
4	12
4	11
4	20
4	10
4	7
4	8
12	3
11	6
20	15
4	17
4	18
4	22
1	5
# tree 262
1	2
2	4
4	12
4	11
4	20
4	10
4	7
4	8
12	3
11	6
20	15
4	17
4	18
4	22
2	5
# tree 263
1	2
2	4
4	12
4	11
4	20
4	10
4	7
4	8
12	3
11	6
20	15
4	17
4	18
4	22
12	5
# tree 264
1	2
2	4
4	12
4	11
4	20
4	10
4	7
4	8
12	3
11	6
20	15
4	17
4	18
4	22
4	5
# tree 265
1	2
2	4
4	12
4	10
4	20
4	11
4	7
4	8
12	3
10	5
20	15
4	17
4	18
4	22
2	6
# tree 266
1	2
2	4
4	12
4	10
4	20
4	11
4	7
4	8
12	3
10	5
20	15
4	17
4	18
4	22
4	6
# tree 267
1	2
2	4
4	12
4	10
4	11
4	20
4	8
12	3
10	5
11	6
20	15
4	17
4	18
4	22
2	7
# tree 268
1	2
2	4
4	12
4	10
4	11
4	20
4	7
12	3
10	5
11	6
20	15
4	17
4	18
4	22
2	8
# tree 269
1	2
2	4
4	12
4	20
4	7
4	11
4	10
4	8
12	3
20	15
4	17
4	18
7	22
4	5
2	6
# tree 270
1	2
2	4
4	12
4	20
4	7
4	11
4	10
4	8
12	3
20	15
4	17
4	18
7	22
4	5
4	6
# tree 271
1	2
2	4
4	12
4	11
4	20
2	7
4	10
4	8
12	3
11	6
20	15
4	17
4	18
7	22
4	5
# tree 272
1	2
2	4
4	12
4	11
4	20
4	7
4	10
12	3
11	6
20	15
4	17
4	18
7	22
4	5
2	8
# tree 273
1	2
2	4
4	12
4	10
4	20
2	7
4	11
4	8
12	3
10	5
20	15
4	17
4	18
7	22
4	6
# tree 274
1	2
2	4
4	12
4	10
4	20
4	7
4	11
12	3
10	5
20	15
4	17
4	18
7	22
4	6
2	8
# tree 275
1	2
2	4
4	12
4	10
4	11
4	20
2	7
12	3
10	5
11	6
20	15
4	17
4	18
7	22
2	8
# tree 276
1	2
2	4
4	8
4	12
8	20
4	11
4	10
4	7
12	3
20	15
4	17
4	18
4	22
4	5
2	6
# tree 277
1	2
2	4
4	8
4	12
8	20
4	11
4	10
4	7
12	3
20	15
4	17
4	18
4	22
4	5
4	6
# tree 278
1	2
2	4
4	8
4	12
4	11
8	20
4	10
12	3
11	6
20	15
4	17
4	18
4	22
4	5
2	7
# tree 279
1	2
2	4
2	8
4	12
4	11
8	20
4	10
4	7
12	3
11	6
20	15
4	17
4	18
4	22
4	5
# tree 280
1	2
2	4
4	8
4	12
4	10
8	20
4	11
12	3
10	5
20	15
4	17
4	18
4	22
4	6
2	7
# tree 281
1	2
2	4
2	8
4	12
4	10
8	20
4	11
4	7
12	3
10	5
20	15
4	17
4	18
4	22
4	6
# tree 282
1	2
2	4
2	8
4	12
4	10
4	11
8	20
12	3
10	5
11	6
20	15
4	17
4	18
4	22
2	7
# tree 283
1	2
2	4
4	8
4	12
8	20
2	7
4	11
4	10
12	3
20	15
4	17
4	18
7	22
4	5
4	6
# tree 284
1	2
2	4
2	8
4	12
8	20
4	7
4	11
4	10
12	3
20	15
4	17
4	18
7	22
4	5
4	6
# tree 285
1	2
2	4
2	8
4	12
4	11
8	20
2	7
4	10
12	3
11	6
20	15
4	17
4	18
7	22
4	5
# tree 286
1	2
2	4
2	8
4	12
4	10
8	20
2	7
4	11
12	3
10	5
20	15
4	17
4	18
7	22
4	6
# tree 287
1	2
2	4
4	12
12	10
2	11
4	8
4	7
12	3
10	5
11	6
4	17
4	18
8	15
4	20
4	22
# tree 288
1	2
2	4
4	12
2	11
4	7
4	8
12	10
12	3
11	6
4	17
4	18
7	22
8	15
4	20
1	5
# tree 289
1	2
2	4
4	12
2	11
4	7
4	8
12	10
12	3
11	6
4	17
4	18
7	22
8	15
4	20
2	5
# tree 290
1	2
2	4
4	12
2	11
4	7
4	8
12	10
12	3
11	6
4	17
4	18
7	22
8	15
4	20
12	5
# tree 291
1	2
2	4
4	12
2	11
4	7
4	8
12	10
12	3
11	6
4	17
4	18
7	22
8	15
4	20
4	5
# tree 292
1	2
2	4
4	12
12	10
4	7
4	8
2	11
12	3
10	5
4	17
4	18
7	22
8	15
4	20
4	6
# tree 293
1	2
2	4
4	12
12	10
2	11
2	7
4	8
12	3
10	5
11	6
4	17
4	18
7	22
8	15
4	20
# tree 294
1	2
2	4
4	12
12	10
2	11
4	7
2	8
12	3
10	5
11	6
4	17
4	18
7	22
8	15
4	20
# tree 295
1	2
2	4
4	12
4	8
2	11
12	10
4	7
8	20
12	3
11	6
4	17
4	18
8	15
4	22
1	5
# tree 296
1	2
2	4
4	12
4	8
2	11
12	10
4	7
8	20
12	3
11	6
4	17
4	18
8	15
4	22
2	5
# tree 297
1	2
2	4
4	12
4	8
2	11
12	10
4	7
8	20
12	3
11	6
4	17
4	18
8	15
4	22
12	5
# tree 298
1	2
2	4
4	12
4	8
2	11
12	10
4	7
8	20
12	3
11	6
4	17
4	18
8	15
4	22
4	5
# tree 299
1	2
2	4
4	12
4	8
12	10
2	11
4	7
8	20
12	3
10	5
4	17
4	18
8	15
4	22
4	6
# tree 300
1	2
2	4
4	12
4	8
12	10
2	11
8	20
12	3
10	5
11	6
4	17
4	18
8	15
4	22
2	7
# tree 301
1	2
2	4
4	12
2	8
12	10
2	11
4	7
8	20
12	3
10	5
11	6
4	17
4	18
8	15
4	22
# tree 302
1	2
2	4
4	12
4	8
4	7
2	11
12	10
8	20
12	3
4	17
4	18
7	22
8	15
4	5
4	6
# tree 303
1	2
2	4
4	12
4	8
2	11
2	7
12	10
8	20
12	3
11	6
4	17
4	18
7	22
8	15
4	5
# tree 304
1	2
2	4
4	12
2	8
2	11
4	7
12	10
8	20
12	3
11	6
4	17
4	18
7	22
8	15
4	5
# tree 305
1	2
2	4
4	12
4	8
12	10
2	7
2	11
8	20
12	3
10	5
4	17
4	18
7	22
8	15
4	6
# tree 306
1	2
2	4
4	12
2	8
12	10
4	7
2	11
8	20
12	3
10	5
4	17
4	18
7	22
8	15
4	6
# tree 307
1	2
2	4
4	12
2	8
12	10
2	11
2	7
8	20
12	3
10	5
11	6
4	17
4	18
7	22
8	15
# tree 308
1	2
2	4
4	12
2	11
4	20
12	10
4	7
4	8
12	3
11	6
20	15
4	17
4	18
4	22
1	5
# tree 309
1	2
2	4
4	12
2	11
4	20
12	10
4	7
4	8
12	3
11	6
20	15
4	17
4	18
4	22
2	5
# tree 310
1	2
2	4
4	12
2	11
4	20
12	10
4	7
4	8
12	3
11	6
20	15
4	17
4	18
4	22
12	5
# tree 311
1	2
2	4
4	12
2	11
4	20
12	10
4	7
4	8
12	3
11	6
20	15
4	17
4	18
4	22
4	5
# tree 312
1	2
2	4
4	12
12	10
4	20
2	11
4	7
4	8
12	3
10	5
20	15
4	17
4	18
4	22
4	6
# tree 313
1	2
2	4
4	12
12	10
2	11
4	20
4	8
12	3
10	5
11	6
20	15
4	17
4	18
4	22
2	7
# tree 314
1	2
2	4
4	12
12	10
2	11
4	20
4	7
12	3
10	5
11	6
20	15
4	17
4	18
4	22
2	8
# tree 315
1	2
2	4
4	12
4	20
4	7
2	11
12	10
4	8
12	3
20	15
4	17
4	18
7	22
4	5
4	6
# tree 316
1	2
2	4
4	12
2	11
4	20
2	7
12	10
4	8
12	3
11	6
20	15
4	17
4	18
7	22
4	5
# tree 317
1	2
2	4
4	12
2	11
4	20
4	7
12	10
12	3
11	6
20	15
4	17
4	18
7	22
4	5
2	8
# tree 318
1	2
2	4
4	12
12	10
4	20
2	7
2	11
4	8
12	3
10	5
20	15
4	17
4	18
7	22
4	6
# tree 319
1	2
2	4
4	12
12	10
4	20
4	7
2	11
12	3
10	5
20	15
4	17
4	18
7	22
4	6
2	8
# tree 320
1	2
2	4
4	12
12	10
2	11
4	20
2	7
12	3
10	5
11	6
20	15
4	17
4	18
7	22
2	8
# tree 321
1	2
2	4
4	8
4	12
8	20
2	11
12	10
4	7
12	3
20	15
4	17
4	18
4	22
4	5
4	6
# tree 322
1	2
2	4
4	8
4	12
2	11
8	20
12	10
12	3
11	6
20	15
4	17
4	18
4	22
4	5
2	7
# tree 323
1	2
2	4
2	8
4	12
2	11
8	20
12	10
4	7
12	3
11	6
20	15
4	17
4	18
4	22
4	5
# tree 324
1	2
2	4
4	12
4	8
12	10
8	20
2	11
12	3
10	5
20	15
4	17
4	18
4	22
4	6
2	7
# tree 325
1	2
2	4
4	12
2	8
12	10
8	20
2	11
4	7
12	3
10	5
20	15
4	17
4	18
4	22
4	6
# tree 326
1	2
2	4
4	12
2	8
12	10
2	11
8	20
12	3
10	5
11	6
20	15
4	17
4	18
4	22
2	7
# tree 327
1	2
2	4
4	8
4	12
8	20
2	7
2	11
12	10
12	3
20	15
4	17
4	18
7	22
4	5
4	6
# tree 328
1	2
2	4
2	8
4	12
8	20
4	7
2	11
12	10
12	3
20	15
4	17
4	18
7	22
4	5
4	6
# tree 329
1	2
2	4
2	8
4	12
2	11
8	20
2	7
12	10
12	3
11	6
20	15
4	17
4	18
7	22
4	5
# tree 330
1	2
2	4
4	12
2	8
12	10
8	20
2	7
2	11
12	3
10	5
20	15
4	17
4	18
7	22
4	6
# tree 331
1	2
2	4
4	12
4	11
4	8
12	10
4	7
12	3
11	6
4	17
4	18
8	15
4	20
4	22
1	5
# tree 332
1	2
2	4
4	12
4	11
4	8
12	10
4	7
12	3
11	6
4	17
4	18
8	15
4	20
4	22
2	5
# tree 333
1	2
2	4
4	12
4	11
4	8
12	10
4	7
12	3
11	6
4	17
4	18
8	15
4	20
4	22
12	5
# tree 334
1	2
2	4
4	12
4	11
4	8
12	10
4	7
12	3
11	6
4	17
4	18
8	15
4	20
4	22
4	5
# tree 335
1	2
2	4
4	12
12	10
4	8
4	11
4	7
12	3
10	5
4	17
4	18
8	15
4	20
4	22
2	6
# tree 336
1	2
2	4
4	12
12	10
4	8
4	11
4	7
12	3
10	5
4	17
4	18
8	15
4	20
4	22
4	6
# tree 337
1	2
2	4
4	12
12	10
4	11
4	8
12	3
10	5
11	6
4	17
4	18
8	15
4	20
4	22
2	7
# tree 338
1	2
2	4
4	12
12	10
4	11
2	8
4	7
12	3
10	5
11	6
4	17
4	18
8	15
4	20
4	22
# tree 339
1	2
2	4
4	12
4	7
4	8
4	11
12	10
12	3
4	17
4	18
7	22
8	15
4	20
4	5
2	6
# tree 340
1	2
2	4
4	12
4	7
4	8
4	11
12	10
12	3
4	17
4	18
7	22
8	15
4	20
4	5
4	6
# tree 341
1	2
2	4
4	12
4	11
2	7
4	8
12	10
12	3
11	6
4	17
4	18
7	22
8	15
4	20
4	5
# tree 342
1	2
2	4
4	12
4	11
4	7
2	8
12	10
12	3
11	6
4	17
4	18
7	22
8	15
4	20
4	5
# tree 343
1	2
2	4
4	12
12	10
2	7
4	8
4	11
12	3
10	5
4	17
4	18
7	22
8	15
4	20
4	6
# tree 344
1	2
2	4
4	12
12	10
4	7
2	8
4	11
12	3
10	5
4	17
4	18
7	22
8	15
4	20
4	6
# tree 345
1	2
2	4
4	12
12	10
4	11
2	7
2	8
12	3
10	5
11	6
4	17
4	18
7	22
8	15
4	20
# tree 346
1	2
2	4
4	12
4	8
4	11
12	10
4	7
8	20
12	3
4	17
4	18
8	15
4	22
4	5
2	6
# tree 347
1	2
2	4
4	12
4	8
4	11
12	10
4	7
8	20
12	3
4	17
4	18
8	15
4	22
4	5
4	6
# tree 348
1	2
2	4
4	12
4	8
4	11
12	10
8	20
12	3
11	6
4	17
4	18
8	15
4	22
4	5
2	7
# tree 349
1	2
2	4
4	12
2	8
4	11
12	10
4	7
8	20
12	3
11	6
4	17
4	18
8	15
4	22
4	5
# tree 350
1	2
2	4
4	12
4	8
12	10
4	11
8	20
12	3
10	5
4	17
4	18
8	15
4	22
4	6
2	7
# tree 351
1	2
2	4
4	12
2	8
12	10
4	11
4	7
8	20
12	3
10	5
4	17
4	18
8	15
4	22
4	6
# tree 352
1	2
2	4
4	12
2	8
12	10
4	11
8	20
12	3
10	5
11	6
4	17
4	18
8	15
4	22
2	7
# tree 353
1	2
2	4
4	12
4	8
2	7
4	11
12	10
8	20
12	3
4	17
4	18
7	22
8	15
4	5
4	6
# tree 354
1	2
2	4
4	12
2	8
4	7
4	11
12	10
8	20
12	3
4	17
4	18
7	22
8	15
4	5
4	6
# tree 355
1	2
2	4
4	12
2	8
4	11
2	7
12	10
8	20
12	3
11	6
4	17
4	18
7	22
8	15
4	5
# tree 356
1	2
2	4
4	12
2	8
12	10
2	7
4	11
8	20
12	3
10	5
4	17
4	18
7	22
8	15
4	6
# tree 357
1	2
2	4
4	12
4	20
4	11
12	10
4	7
4	8
12	3
20	15
4	17
4	18
4	22
4	5
2	6
# tree 358
1	2
2	4
4	12
4	20
4	11
12	10
4	7
4	8
12	3
20	15
4	17
4	18
4	22
4	5
4	6
# tree 359
1	2
2	4
4	12
4	11
4	20
12	10
4	8
12	3
11	6
20	15
4	17
4	18
4	22
4	5
2	7
# tree 360
1	2
2	4
4	12
4	11
4	20
12	10
4	7
12	3
11	6
20	15
4	17
4	18
4	22
4	5
2	8
# tree 361
1	2
2	4
4	12
12	10
4	20
4	11
4	8
12	3
10	5
20	15
4	17
4	18
4	22
4	6
2	7
# tree 362
1	2
2	4
4	12
12	10
4	20
4	11
4	7
12	3
10	5
20	15
4	17
4	18
4	22
4	6
2	8
# tree 363
1	2
2	4
4	12
12	10
4	11
4	20
12	3
10	5
11	6
20	15
4	17
4	18
4	22
2	7
2	8
# tree 364
1	2
2	4
4	12
4	20
2	7
4	11
12	10
4	8
12	3
20	15
4	17
4	18
7	22
4	5
4	6
# tree 365
1	2
2	4
4	12
4	20
4	7
4	11
12	10
12	3
20	15
4	17
4	18
7	22
4	5
4	6
2	8
# tree 366
1	2
2	4
4	12
4	11
4	20
2	7
12	10
12	3
11	6
20	15
4	17
4	18
7	22
4	5
2	8
# tree 367
1	2
2	4
4	12
12	10
4	20
2	7
4	11
12	3
10	5
20	15
4	17
4	18
7	22
4	6
2	8
# tree 368
1	2
2	4
4	8
4	12
8	20
4	11
12	10
12	3
20	15
4	17
4	18
4	22
4	5
4	6
2	7
# tree 369
1	2
2	4
2	8
4	12
8	20
4	11
12	10
4	7
12	3
20	15
4	17
4	18
4	22
4	5
4	6
# tree 370
1	2
2	4
2	8
4	12
4	11
8	20
12	10
12	3
11	6
20	15
4	17
4	18
4	22
4	5
2	7
# tree 371
1	2
2	4
4	12
2	8
12	10
8	20
4	11
12	3
10	5
20	15
4	17
4	18
4	22
4	6
2	7
# tree 372
1	2
2	4
2	8
4	12
8	20
2	7
4	11
12	10
12	3
20	15
4	17
4	18
7	22
4	5
4	6
# tree 373
1	2
2	4
4	12
4	10
2	11
4	8
4	7
12	3
10	5
11	6
4	17
4	18
8	15
4	20
4	22
# tree 374
1	2
2	4
4	12
2	11
4	7
4	8
4	10
12	3
11	6
4	17
4	18
7	22
8	15
4	20
1	5
# tree 375
1	2
2	4
4	12
2	11
4	7
4	8
4	10
12	3
11	6
4	17
4	18
7	22
8	15
4	20
2	5
# tree 376
1	2
2	4
4	12
2	11
4	7
4	8
4	10
12	3
11	6
4	17
4	18
7	22
8	15
4	20
12	5
# tree 377
1	2
2	4
4	12
2	11
4	7
4	8
4	10
12	3
11	6
4	17
4	18
7	22
8	15
4	20
4	5
# tree 378
1	2
2	4
4	12
4	10
4	7
4	8
2	11
12	3
10	5
4	17
4	18
7	22
8	15
4	20
4	6
# tree 379
1	2
2	4
4	12
4	10
2	11
2	7
4	8
12	3
10	5
11	6
4	17
4	18
7	22
8	15
4	20
# tree 380
1	2
2	4
4	12
4	10
2	11
4	7
2	8
12	3
10	5
11	6
4	17
4	18
7	22
8	15
4	20
# tree 381
1	2
2	4
4	8
4	12
2	11
4	10
4	7
8	20
12	3
11	6
4	17
4	18
8	15
4	22
1	5
# tree 382
1	2
2	4
4	8
4	12
2	11
4	10
4	7
8	20
12	3
11	6
4	17
4	18
8	15
4	22
2	5
# tree 383
1	2
2	4
4	8
4	12
2	11
4	10
4	7
8	20
12	3
11	6
4	17
4	18
8	15
4	22
12	5
# tree 384
1	2
2	4
4	8
4	12
2	11
4	10
4	7
8	20
12	3
11	6
4	17
4	18
8	15
4	22
4	5
# tree 385
1	2
2	4
4	8
4	12
4	10
2	11
4	7
8	20
12	3
10	5
4	17
4	18
8	15
4	22
4	6
# tree 386
1	2
2	4
4	8
4	12
4	10
2	11
8	20
12	3
10	5
11	6
4	17
4	18
8	15
4	22
2	7
# tree 387
1	2
2	4
2	8
4	12
4	10
2	11
4	7
8	20
12	3
10	5
11	6
4	17
4	18
8	15
4	22
# tree 388
1	2
2	4
4	8
4	12
4	7
2	11
4	10
8	20
12	3
4	17
4	18
7	22
8	15
4	5
4	6
# tree 389
1	2
2	4
4	8
4	12
2	11
2	7
4	10
8	20
12	3
11	6
4	17
4	18
7	22
8	15
4	5
# tree 390
1	2
2	4
2	8
4	12
2	11
4	7
4	10
8	20
12	3
11	6
4	17
4	18
7	22
8	15
4	5
# tree 391
1	2
2	4
4	8
4	12
4	10
2	7
2	11
8	20
12	3
10	5
4	17
4	18
7	22
8	15
4	6
# tree 392
1	2
2	4
2	8
4	12
4	10
4	7
2	11
8	20
12	3
10	5
4	17
4	18
7	22
8	15
4	6
# tree 393
1	2
2	4
2	8
4	12
4	10
2	11
2	7
8	20
12	3
10	5
11	6
4	17
4	18
7	22
8	15
# tree 394
1	2
2	4
4	12
2	11
4	20
4	10
4	7
4	8
12	3
11	6
20	15
4	17
4	18
4	22
1	5
# tree 395
1	2
2	4
4	12
2	11
4	20
4	10
4	7
4	8
12	3
11	6
20	15
4	17
4	18
4	22
2	5
# tree 396
1	2
2	4
4	12
2	11
4	20
4	10
4	7
4	8
12	3
11	6
20	15
4	17
4	18
4	22
12	5
# tree 397
1	2
2	4
4	12
2	11
4	20
4	10
4	7
4	8
12	3
11	6
20	15
4	17
4	18
4	22
4	5
# tree 398
1	2
2	4
4	12
4	10
4	20
2	11
4	7
4	8
12	3
10	5
20	15
4	17
4	18
4	22
4	6
# tree 399
1	2
2	4
4	12
4	10
2	11
4	20
4	8
12	3
10	5
11	6
20	15
4	17
4	18
4	22
2	7
# tree 400
1	2
2	4
4	12
4	10
2	11
4	20
4	7
12	3
10	5
11	6
20	15
4	17
4	18
4	22
2	8
# tree 401
1	2
2	4
4	12
4	20
4	7
2	11
4	10
4	8
12	3
20	15
4	17
4	18
7	22
4	5
4	6
# tree 402
1	2
2	4
4	12
2	11
4	20
2	7
4	10
4	8
12	3
11	6
20	15
4	17
4	18
7	22
4	5
# tree 403
1	2
2	4
4	12
2	11
4	20
4	7
4	10
12	3
11	6
20	15
4	17
4	18
7	22
4	5
2	8
# tree 404
1	2
2	4
4	12
4	10
4	20
2	7
2	11
4	8
12	3
10	5
20	15
4	17
4	18
7	22
4	6
# tree 405
1	2
2	4
4	12
4	10
4	20
4	7
2	11
12	3
10	5
20	15
4	17
4	18
7	22
4	6
2	8
# tree 406
1	2
2	4
4	12
4	10
2	11
4	20
2	7
12	3
10	5
11	6
20	15
4	17
4	18
7	22
2	8
# tree 407
1	2
2	4
4	8
4	12
8	20
2	11
4	10
4	7
12	3
20	15
4	17
4	18
4	22
4	5
4	6
# tree 408
1	2
2	4
4	8
4	12
2	11
8	20
4	10
12	3
11	6
20	15
4	17
4	18
4	22
4	5
2	7
# tree 409
1	2
2	4
2	8
4	12
2	11
8	20
4	10
4	7
12	3
11	6
20	15
4	17
4	18
4	22
4	5
# tree 410
1	2
2	4
4	8
4	12
4	10
8	20
2	11
12	3
10	5
20	15
4	17
4	18
4	22
4	6
2	7
# tree 411
1	2
2	4
2	8
4	12
4	10
8	20
2	11
4	7
12	3
10	5
20	15
4	17
4	18
4	22
4	6
# tree 412
1	2
2	4
2	8
4	12
4	10
2	11
8	20
12	3
10	5
11	6
20	15
4	17
4	18
4	22
2	7
# tree 413
1	2
2	4
4	8
4	12
8	20
2	7
2	11
4	10
12	3
20	15
4	17
4	18
7	22
4	5
4	6
# tree 414
1	2
2	4
2	8
4	12
8	20
4	7
2	11
4	10
12	3
20	15
4	17
4	18
7	22
4	5
4	6
# tree 415
1	2
2	4
2	8
4	12
2	11
8	20
2	7
4	10
12	3
11	6
20	15
4	17
4	18
7	22
4	5
# tree 416
1	2
2	4
2	8
4	12
4	10
8	20
2	7
2	11
12	3
10	5
20	15
4	17
4	18
7	22
4	6
# tree 417
1	2
2	4
4	12
4	11
4	8
4	10
4	7
12	3
11	6
4	17
4	18
8	15
4	20
4	22
1	5
# tree 418
1	2
2	4
4	12
4	11
4	8
4	10
4	7
12	3
11	6
4	17
4	18
8	15
4	20
4	22
2	5
# tree 419
1	2
2	4
4	12
4	11
4	8
4	10
4	7
12	3
11	6
4	17
4	18
8	15
4	20
4	22
12	5
# tree 420
1	2
2	4
4	12
4	11
4	8
4	10
4	7
12	3
11	6
4	17
4	18
8	15
4	20
4	22
4	5
# tree 421
1	2
2	4
4	12
4	10
4	8
4	11
4	7
12	3
10	5
4	17
4	18
8	15
4	20
4	22
2	6
# tree 422
1	2
2	4
4	12
4	10
4	8
4	11
4	7
12	3
10	5
4	17
4	18
8	15
4	20
4	22
4	6
# tree 423
1	2
2	4
4	12
4	10
4	11
4	8
12	3
10	5
11	6
4	17
4	18
8	15
4	20
4	22
2	7
# tree 424
1	2
2	4
4	12
4	10
4	11
2	8
4	7
12	3
10	5
11	6
4	17
4	18
8	15
4	20
4	22
# tree 425
1	2
2	4
4	12
4	7
4	8
4	11
4	10
12	3
4	17
4	18
7	22
8	15
4	20
4	5
2	6
# tree 426
1	2
2	4
4	12
4	7
4	8
4	11
4	10
12	3
4	17
4	18
7	22
8	15
4	20
4	5
4	6
# tree 427
1	2
2	4
4	12
4	11
2	7
4	8
4	10
12	3
11	6
4	17
4	18
7	22
8	15
4	20
4	5
# tree 428
1	2
2	4
4	12
4	11
4	7
2	8
4	10
12	3
11	6
4	17
4	18
7	22
8	15
4	20
4	5
# tree 429
1	2
2	4
4	12
4	10
2	7
4	8
4	11
12	3
10	5
4	17
4	18
7	22
8	15
4	20
4	6
# tree 430
1	2
2	4
4	12
4	10
4	7
2	8
4	11
12	3
10	5
4	17
4	18
7	22
8	15
4	20
4	6
# tree 431
1	2
2	4
4	12
4	10
4	11
2	7
2	8
12	3
10	5
11	6
4	17
4	18
7	22
8	15
4	20
# tree 432
1	2
2	4
4	8
4	12
4	11
4	10
4	7
8	20
12	3
4	17
4	18
8	15
4	22
4	5
2	6
# tree 433
1	2
2	4
4	8
4	12
4	11
4	10
4	7
8	20
12	3
4	17
4	18
8	15
4	22
4	5
4	6
# tree 434
1	2
2	4
4	8
4	12
4	11
4	10
8	20
12	3
11	6
4	17
4	18
8	15
4	22
4	5
2	7
# tree 435
1	2
2	4
2	8
4	12
4	11
4	10
4	7
8	20
12	3
11	6
4	17
4	18
8	15
4	22
4	5
# tree 436
1	2
2	4
4	8
4	12
4	10
4	11
8	20
12	3
10	5
4	17
4	18
8	15
4	22
4	6
2	7
# tree 437
1	2
2	4
2	8
4	12
4	10
4	11
4	7
8	20
12	3
10	5
4	17
4	18
8	15
4	22
4	6
# tree 438
1	2
2	4
2	8
4	12
4	10
4	11
8	20
12	3
10	5
11	6
4	17
4	18
8	15
4	22
2	7
# tree 439
1	2
2	4
4	8
4	12
2	7
4	11
4	10
8	20
12	3
4	17
4	18
7	22
8	15
4	5
4	6
# tree 440
1	2
2	4
2	8
4	12
4	7
4	11
4	10
8	20
12	3
4	17
4	18
7	22
8	15
4	5
4	6
# tree 441
1	2
2	4
2	8
4	12
4	11
2	7
4	10
8	20
12	3
11	6
4	17
4	18
7	22
8	15
4	5
# tree 442
1	2
2	4
2	8
4	12
4	10
2	7
4	11
8	20
12	3
10	5
4	17
4	18
7	22
8	15
4	6
# tree 443
1	2
2	4
4	12
4	20
4	11
4	10
4	7
4	8
12	3
20	15
4	17
4	18
4	22
4	5
2	6
# tree 444
1	2
2	4
4	12
4	20
4	11
4	10
4	7
4	8
12	3
20	15
4	17
4	18
4	22
4	5
4	6
# tree 445
1	2
2	4
4	12
4	11
4	20
4	10
4	8
12	3
11	6
20	15
4	17
4	18
4	22
4	5
2	7
# tree 446
1	2
2	4
4	12
4	11
4	20
4	10
4	7
12	3
11	6
20	15
4	17
4	18
4	22
4	5
2	8
# tree 447
1	2
2	4
4	12
4	10
4	20
4	11
4	8
12	3
10	5
20	15
4	17
4	18
4	22
4	6
2	7
# tree 448
1	2
2	4
4	12
4	10
4	20
4	11
4	7
12	3
10	5
20	15
4	17
4	18
4	22
4	6
2	8
# tree 449
1	2
2	4
4	12
4	10
4	11
4	20
12	3
10	5
11	6
20	15
4	17
4	18
4	22
2	7
2	8
# tree 450
1	2
2	4
4	12
4	20
2	7
4	11
4	10
4	8
12	3
20	15
4	17
4	18
7	22
4	5
4	6
# tree 451
1	2
2	4
4	12
4	20
4	7
4	11
4	10
12	3
20	15
4	17
4	18
7	22
4	5
4	6
2	8
# tree 452
1	2
2	4
4	12
4	11
4	20
2	7
4	10
12	3
11	6
20	15
4	17
4	18
7	22
4	5
2	8
# tree 453
1	2
2	4
4	12
4	10
4	20
2	7
4	11
12	3
10	5
20	15
4	17
4	18
7	22
4	6
2	8
# tree 454
1	2
2	4
4	8
4	12
8	20
4	11
4	10
12	3
20	15
4	17
4	18
4	22
4	5
4	6
2	7
# tree 455
1	2
2	4
2	8
4	12
8	20
4	11
4	10
4	7
12	3
20	15
4	17
4	18
4	22
4	5
4	6
# tree 456
1	2
2	4
2	8
4	12
4	11
8	20
4	10
12	3
11	6
20	15
4	17
4	18
4	22
4	5
2	7
# tree 457
1	2
2	4
2	8
4	12
4	10
8	20
4	11
12	3
10	5
20	15
4	17
4	18
4	22
4	6
2	7
# tree 458
1	2
2	4
2	8
4	12
8	20
2	7
4	11
4	10
12	3
20	15
4	17
4	18
7	22
4	5
4	6
# tree 459
1	2
2	4
4	12
2	11
4	8
12	10
4	7
12	3
11	6
4	17
4	18
8	15
4	20
4	22
1	5
# tree 460
1	2
2	4
4	12
2	11
4	8
12	10
4	7
12	3
11	6
4	17
4	18
8	15
4	20
4	22
2	5
# tree 461
1	2
2	4
4	12
2	11
4	8
12	10
4	7
12	3
11	6
4	17
4	18
8	15
4	20
4	22
12	5
# tree 462
1	2
2	4
4	12
2	11
4	8
12	10
4	7
12	3
11	6
4	17
4	18
8	15
4	20
4	22
4	5
# tree 463
1	2
2	4
4	12
12	10
4	8
2	11
4	7
12	3
10	5
4	17
4	18
8	15
4	20
4	22
4	6
# tree 464
1	2
2	4
4	12
12	10
2	11
4	8
12	3
10	5
11	6
4	17
4	18
8	15
4	20
4	22
2	7
# tree 465
1	2
2	4
4	12
12	10
2	11
2	8
4	7
12	3
10	5
11	6
4	17
4	18
8	15
4	20
4	22
# tree 466
1	2
2	4
4	12
4	7
4	8
2	11
12	10
12	3
4	17
4	18
7	22
8	15
4	20
4	5
4	6
# tree 467
1	2
2	4
4	12
2	11
2	7
4	8
12	10
12	3
11	6
4	17
4	18
7	22
8	15
4	20
4	5
# tree 468
1	2
2	4
4	12
2	11
4	7
2	8
12	10
12	3
11	6
4	17
4	18
7	22
8	15
4	20
4	5
# tree 469
1	2
2	4
4	12
12	10
2	7
4	8
2	11
12	3
10	5
4	17
4	18
7	22
8	15
4	20
4	6
# tree 470
1	2
2	4
4	12
12	10
4	7
2	8
2	11
12	3
10	5
4	17
4	18
7	22
8	15
4	20
4	6
# tree 471
1	2
2	4
4	12
12	10
2	11
2	7
2	8
12	3
10	5
11	6
4	17
4	18
7	22
8	15
4	20
# tree 472
1	2
2	4
4	12
4	8
2	11
12	10
4	7
8	20
12	3
4	17
4	18
8	15
4	22
4	5
4	6
# tree 473
1	2
2	4
4	12
4	8
2	11
12	10
8	20
12	3
11	6
4	17
4	18
8	15
4	22
4	5
2	7
# tree 474
1	2
2	4
4	12
2	8
2	11
12	10
4	7
8	20
12	3
11	6
4	17
4	18
8	15
4	22
4	5
# tree 475
1	2
2	4
4	12
4	8
12	10
2	11
8	20
12	3
10	5
4	17
4	18
8	15
4	22
4	6
2	7
# tree 476
1	2
2	4
4	12
2	8
12	10
2	11
4	7
8	20
12	3
10	5
4	17
4	18
8	15
4	22
4	6
# tree 477
1	2
2	4
4	12
2	8
12	10
2	11
8	20
12	3
10	5
11	6
4	17
4	18
8	15
4	22
2	7
# tree 478
1	2
2	4
4	12
4	8
2	7
2	11
12	10
8	20
12	3
4	17
4	18
7	22
8	15
4	5
4	6
# tree 479
1	2
2	4
4	12
2	8
4	7
2	11
12	10
8	20
12	3
4	17
4	18
7	22
8	15
4	5
4	6
# tree 480
1	2
2	4
4	12
2	8
2	11
2	7
12	10
8	20
12	3
11	6
4	17
4	18
7	22
8	15
4	5
# tree 481
1	2
2	4
4	12
2	8
12	10
2	7
2	11
8	20
12	3
10	5
4	17
4	18
7	22
8	15
4	6
# tree 482
1	2
2	4
4	12
4	20
2	11
12	10
4	7
4	8
12	3
20	15
4	17
4	18
4	22
4	5
4	6
# tree 483
1	2
2	4
4	12
2	11
4	20
12	10
4	8
12	3
11	6
20	15
4	17
4	18
4	22
4	5
2	7
# tree 484
1	2
2	4
4	12
2	11
4	20
12	10
4	7
12	3
11	6
20	15
4	17
4	18
4	22
4	5
2	8
# tree 485
1	2
2	4
4	12
12	10
4	20
2	11
4	8
12	3
10	5
20	15
4	17
4	18
4	22
4	6
2	7
# tree 486
1	2
2	4
4	12
12	10
4	20
2	11
4	7
12	3
10	5
20	15
4	17
4	18
4	22
4	6
2	8
# tree 487
1	2
2	4
4	12
12	10
2	11
4	20
12	3
10	5
11	6
20	15
4	17
4	18
4	22
2	7
2	8
# tree 488
1	2
2	4
4	12
4	20
2	7
2	11
12	10
4	8
12	3
20	15
4	17
4	18
7	22
4	5
4	6
# tree 489
1	2
2	4
4	12
4	20
4	7
2	11
12	10
12	3
20	15
4	17
4	18
7	22
4	5
4	6
2	8
# tree 490
1	2
2	4
4	12
2	11
4	20
2	7
12	10
12	3
11	6
20	15
4	17
4	18
7	22
4	5
2	8
# tree 491
1	2
2	4
4	12
12	10
4	20
2	7
2	11
12	3
10	5
20	15
4	17
4	18
7	22
4	6
2	8
# tree 492
1	2
2	4
4	8
4	12
8	20
2	11
12	10
12	3
20	15
4	17
4	18
4	22
4	5
4	6
2	7
# tree 493
1	2
2	4
2	8
4	12
8	20
2	11
12	10
4	7
12	3
20	15
4	17
4	18
4	22
4	5
4	6
# tree 494
1	2
2	4
2	8
4	12
2	11
8	20
12	10
12	3
11	6
20	15
4	17
4	18
4	22
4	5
2	7
# tree 495
1	2
2	4
4	12
2	8
12	10
8	20
2	11
12	3
10	5
20	15
4	17
4	18
4	22
4	6
2	7
# tree 496
1	2
2	4
2	8
4	12
8	20
2	7
2	11
12	10
12	3
20	15
4	17
4	18
7	22
4	5
4	6
# tree 497
1	2
2	4
4	12
4	8
4	11
12	10
4	7
12	3
4	17
4	18
8	15
4	20
4	22
4	5
2	6
# tree 498
1	2
2	4
4	12
4	8
4	11
12	10
4	7
12	3
4	17
4	18
8	15
4	20
4	22
4	5
4	6
# tree 499
1	2
2	4
4	12
4	11
4	8
12	10
12	3
11	6
4	17
4	18
8	15
4	20
4	22
4	5
2	7
# tree 500
1	2
2	4
4	12
4	11
2	8
12	10
4	7
12	3
11	6
4	17
4	18
8	15
4	20
4	22
4	5
# tree 501
1	2
2	4
4	12
12	10
4	8
4	11
12	3
10	5
4	17
4	18
8	15
4	20
4	22
4	6
2	7
# tree 502
1	2
2	4
4	12
12	10
2	8
4	11
4	7
12	3
10	5
4	17
4	18
8	15
4	20
4	22
4	6
# tree 503
1	2
2	4
4	12
12	10
4	11
2	8
12	3
10	5
11	6
4	17
4	18
8	15
4	20
4	22
2	7
# tree 504
1	2
2	4
4	12
2	7
4	8
4	11
12	10
12	3
4	17
4	18
7	22
8	15
4	20
4	5
4	6
# tree 505
1	2
2	4
4	12
4	7
2	8
4	11
12	10
12	3
4	17
4	18
7	22
8	15
4	20
4	5
4	6
# tree 506
1	2
2	4
4	12
4	11
2	7
2	8
12	10
12	3
11	6
4	17
4	18
7	22
8	15
4	20
4	5
# tree 507
1	2
2	4
4	12
12	10
2	7
2	8
4	11
12	3
10	5
4	17
4	18
7	22
8	15
4	20
4	6
# tree 508
1	2
2	4
4	12
4	8
4	11
12	10
8	20
12	3
4	17
4	18
8	15
4	22
4	5
4	6
2	7
# tree 509
1	2
2	4
4	12
2	8
4	11
12	10
4	7
8	20
12	3
4	17
4	18
8	15
4	22
4	5
4	6
# tree 510
1	2
2	4
4	12
2	8
4	11
12	10
8	20
12	3
11	6
4	17
4	18
8	15
4	22
4	5
2	7
# tree 511
1	2
2	4
4	12
2	8
12	10
4	11
8	20
12	3
10	5
4	17
4	18
8	15
4	22
4	6
2	7
# tree 512
1	2
2	4
4	12
2	8
2	7
4	11
12	10
8	20
12	3
4	17
4	18
7	22
8	15
4	5
4	6
# tree 513
1	2
2	4
4	12
4	20
4	11
12	10
4	8
12	3
20	15
4	17
4	18
4	22
4	5
4	6
2	7
# tree 514
1	2
2	4
4	12
4	20
4	11
12	10
4	7
12	3
20	15
4	17
4	18
4	22
4	5
4	6
2	8
# tree 515
1	2
2	4
4	12
4	11
4	20
12	10
12	3
11	6
20	15
4	17
4	18
4	22
4	5
2	7
2	8
# tree 516
1	2
2	4
4	12
12	10
4	20
4	11
12	3
10	5
20	15
4	17
4	18
4	22
4	6
2	7
2	8
# tree 517
1	2
2	4
4	12
4	20
2	7
4	11
12	10
12	3
20	15
4	17
4	18
7	22
4	5
4	6
2	8
# tree 518
1	2
2	4
2	8
4	12
8	20
4	11
12	10
12	3
20	15
4	17
4	18
4	22
4	5
4	6
2	7
