### 15 trees
# tree 1
3	1
0	3
1	4
1	7
7	8
1	2
8	5
4	6
# tree 2
0	3
3	1
1	7
7	8
1	4
8	5
4	6
3	2
# tree 3
0	3
3	1
1	7
7	8
1	4
8	5
4	6
0	2
# tree 4
0	3
3	1
1	7
1	4
7	8
1	2
4	6
1	5
# tree 5
0	3
3	1
1	7
1	4
7	8
1	2
4	6
7	5
# tree 6
0	3
3	1
3	8
1	4
1	7
1	2
8	5
4	6
# tree 7
0	3
3	1
1	8
1	4
1	7
1	2
8	5
4	6
# tree 8
0	3
3	1
1	8
1	4
1	7
8	5
4	6
3	2
# tree 9
0	3
3	1
1	8
1	4
1	7
8	5
4	6
0	2
# tree 10
0	3
3	1
1	4
1	8
1	7
1	2
4	6
1	5
# tree 11
0	3
3	1
1	4
1	7
1	8
1	2
4	6
7	5
# tree 12
0	3
3	1
1	7
1	4
7	8
4	6
0	2
1	5
# tree 13
0	3
3	1
1	7
1	4
7	8
4	6
0	2
7	5
# tree 14
0	3
3	1
1	4
1	8
1	7
4	6
0	2
1	5
# tree 15
0	3
3	1
1	4
1	7
1	8
4	6
0	2
7	5
