### 273 trees
# tree 1
23	2
25	3
1	4
3	5
9	6
4	9
18	11
38	13
47	15
41	18
45	22
4	23
5	24
1	25
42	27
30	29
18	30
44	31
34	32
32	33
24	34
22	35
18	38
3	41
43	42
15	43
11	44
5	45
9	47
2	7
29	10
6	12
13	14
31	20
27	37
33	39
35	46
# tree 2
4	23
1	25
25	3
4	9
1	4
41	18
18	38
9	47
3	41
5	45
3	5
43	42
18	30
11	44
24	34
34	32
5	24
45	22
15	43
47	15
18	11
23	2
9	6
38	13
44	31
42	27
32	33
22	35
30	29
2	7
6	12
13	14
31	20
27	37
33	39
35	46
41	10
# tree 3
4	23
1	25
25	3
4	9
1	4
41	18
18	38
9	47
3	41
5	45
3	5
43	42
18	30
11	44
24	34
34	32
5	24
45	22
15	43
47	15
18	11
23	2
9	6
38	13
44	31
42	27
32	33
22	35
30	29
2	7
6	12
13	14
31	20
27	37
33	39
35	46
30	10
# tree 4
4	23
1	25
25	3
4	9
1	4
41	18
18	38
9	47
3	41
5	45
3	5
43	42
18	30
11	44
24	34
34	32
5	24
45	22
15	43
47	15
18	11
23	2
9	6
38	13
44	31
42	27
32	33
22	35
30	29
2	7
6	12
13	14
31	20
27	37
33	39
35	46
3	10
# tree 5
4	23
1	25
25	3
4	9
1	4
41	18
18	38
9	47
3	41
5	45
3	5
18	30
11	44
24	34
34	32
5	24
45	22
15	43
47	15
18	11
23	2
30	29
9	6
38	13
44	31
43	27
32	33
22	35
43	42
2	7
29	10
6	12
13	14
31	20
27	37
33	39
35	46
# tree 6
4	23
1	25
25	3
4	9
1	4
41	18
18	38
9	47
3	41
5	45
3	5
43	42
18	30
24	34
34	32
5	24
45	22
15	43
47	15
18	11
23	2
30	29
9	6
38	13
11	31
42	27
32	33
22	35
11	44
2	7
29	10
6	12
13	14
31	20
27	37
33	39
35	46
# tree 7
4	23
1	25
25	3
4	9
1	4
41	18
18	38
9	47
3	41
5	45
3	5
43	42
18	30
11	44
24	34
34	32
5	24
45	22
15	43
47	15
18	11
23	2
30	29
9	6
38	13
44	31
32	33
22	35
42	27
2	7
29	10
6	12
13	14
31	20
33	39
35	46
47	37
# tree 8
4	23
1	25
25	3
4	9
1	4
41	18
18	38
9	47
3	41
5	45
3	5
43	42
18	30
11	44
24	34
34	32
5	24
45	22
15	43
47	15
18	11
23	2
30	29
9	6
38	13
44	31
32	33
22	35
42	27
2	7
29	10
6	12
13	14
31	20
33	39
35	46
42	37
# tree 9
4	23
1	25
25	3
4	9
1	4
41	18
18	38
9	47
3	41
5	45
3	5
43	42
18	30
11	44
24	34
34	32
5	24
45	22
15	43
47	15
18	11
23	2
30	29
9	6
38	13
44	31
32	33
22	35
42	27
2	7
29	10
6	12
13	14
31	20
33	39
35	46
43	37
# tree 10
4	23
1	25
25	3
4	9
1	4
41	18
18	38
9	47
3	41
5	45
3	5
43	42
18	30
11	44
24	34
34	32
5	24
45	22
15	43
47	15
18	11
23	2
30	29
9	6
38	13
44	31
32	33
22	35
42	27
2	7
29	10
6	12
13	14
31	20
33	39
35	46
15	37
# tree 11
4	23
1	25
25	3
4	9
1	4
41	18
18	38
9	47
3	41
5	45
3	5
43	42
18	30
11	44
24	34
34	32
5	24
45	22
15	43
47	15
18	11
23	2
30	29
9	6
38	13
44	31
32	33
22	35
42	27
2	7
29	10
6	12
13	14
31	20
33	39
35	46
9	37
# tree 12
4	23
1	25
25	3
4	9
1	4
41	18
18	38
9	47
3	41
5	45
3	5
43	42
18	30
11	44
24	34
34	32
5	24
45	22
15	43
47	15
18	11
23	2
30	29
9	6
38	13
44	31
42	27
22	35
32	33
2	7
29	10
6	12
13	14
31	20
27	37
35	46
34	39
# tree 13
4	23
1	25
25	3
4	9
1	4
41	18
18	38
9	47
3	41
5	45
3	5
43	42
18	30
11	44
24	34
34	32
5	24
45	22
15	43
47	15
18	11
23	2
30	29
9	6
38	13
44	31
42	27
22	35
32	33
2	7
29	10
6	12
13	14
31	20
27	37
35	46
32	39
# tree 14
4	23
1	25
25	3
4	9
1	4
41	18
18	38
9	47
3	41
5	45
3	5
43	42
18	30
11	44
24	34
34	32
5	24
45	22
15	43
47	15
18	11
23	2
30	29
9	6
38	13
44	31
42	27
22	35
32	33
2	7
29	10
6	12
13	14
31	20
27	37
35	46
24	39
# tree 15
4	23
1	25
25	3
4	9
1	4
41	18
18	38
9	47
3	41
5	45
3	5
15	42
18	30
11	44
24	34
34	32
5	24
45	22
47	15
18	11
23	2
30	29
9	6
38	13
44	31
42	27
32	33
22	35
15	43
2	7
29	10
6	12
13	14
31	20
27	37
33	39
35	46
# tree 16
4	23
1	25
25	3
4	9
1	4
41	18
18	38
9	47
3	41
5	45
3	5
43	42
18	30
11	44
24	34
34	32
5	24
45	22
15	43
47	15
18	11
23	2
30	29
9	6
38	13
44	31
42	27
32	33
22	35
2	7
29	10
6	12
13	14
31	20
27	37
33	39
38	46
# tree 17
4	23
1	25
25	3
4	9
1	4
41	18
18	38
9	47
3	41
5	45
3	5
43	42
18	30
11	44
24	34
34	32
5	24
45	22
15	43
47	15
18	11
23	2
30	29
9	6
38	13
44	31
42	27
32	33
22	35
2	7
29	10
6	12
13	14
31	20
27	37
33	39
22	46
# tree 18
1	4
1	25
3	41
41	18
4	9
25	3
3	5
15	43
18	11
5	24
24	34
5	45
47	15
9	47
4	23
18	38
11	44
34	32
45	22
18	30
23	2
9	6
38	13
44	31
43	27
32	33
22	35
43	42
30	29
2	7
6	12
13	14
31	20
27	37
33	39
35	46
3	10
# tree 19
1	4
1	25
3	41
41	18
4	9
25	3
3	5
15	43
18	11
5	24
24	34
5	45
47	15
9	47
4	23
18	38
43	42
34	32
45	22
18	30
23	2
9	6
38	13
11	31
42	27
32	33
22	35
11	44
30	29
2	7
6	12
13	14
31	20
27	37
33	39
35	46
3	10
# tree 20
1	4
1	25
3	41
41	18
4	9
25	3
3	5
15	43
18	11
5	24
24	34
5	45
47	15
9	47
4	23
18	38
11	44
43	42
34	32
45	22
18	30
23	2
9	6
38	13
44	31
32	33
22	35
42	27
30	29
2	7
6	12
13	14
31	20
33	39
35	46
3	10
47	37
# tree 21
1	4
1	25
3	41
41	18
4	9
25	3
3	5
15	43
18	11
5	24
24	34
5	45
47	15
9	47
4	23
18	38
11	44
43	42
34	32
45	22
18	30
23	2
9	6
38	13
44	31
32	33
22	35
42	27
30	29
2	7
6	12
13	14
31	20
33	39
35	46
3	10
42	37
# tree 22
1	4
1	25
3	41
41	18
4	9
25	3
3	5
15	43
18	11
5	24
24	34
5	45
47	15
9	47
4	23
18	38
11	44
43	42
34	32
45	22
18	30
23	2
9	6
38	13
44	31
32	33
22	35
42	27
30	29
2	7
6	12
13	14
31	20
33	39
35	46
3	10
43	37
# tree 23
1	4
1	25
3	41
41	18
4	9
25	3
3	5
15	43
18	11
5	24
24	34
5	45
47	15
9	47
4	23
18	38
11	44
43	42
34	32
45	22
18	30
23	2
9	6
38	13
44	31
32	33
22	35
42	27
30	29
2	7
6	12
13	14
31	20
33	39
35	46
3	10
15	37
# tree 24
1	4
1	25
3	41
41	18
4	9
25	3
3	5
15	43
18	11
5	24
24	34
5	45
47	15
9	47
4	23
18	38
11	44
43	42
34	32
45	22
18	30
23	2
9	6
38	13
44	31
32	33
22	35
42	27
30	29
2	7
6	12
13	14
31	20
33	39
35	46
3	10
9	37
# tree 25
1	4
1	25
3	41
41	18
4	9
25	3
3	5
15	43
18	11
5	24
24	34
5	45
47	15
9	47
4	23
18	38
11	44
43	42
34	32
45	22
18	30
23	2
9	6
38	13
44	31
42	27
22	35
32	33
30	29
2	7
6	12
13	14
31	20
27	37
35	46
3	10
34	39
# tree 26
1	4
1	25
3	41
41	18
4	9
25	3
3	5
15	43
18	11
5	24
24	34
5	45
47	15
9	47
4	23
18	38
11	44
43	42
34	32
45	22
18	30
23	2
9	6
38	13
44	31
42	27
22	35
32	33
30	29
2	7
6	12
13	14
31	20
27	37
35	46
3	10
32	39
# tree 27
1	4
1	25
3	41
41	18
4	9
25	3
3	5
15	43
18	11
5	24
24	34
5	45
47	15
9	47
4	23
18	38
11	44
43	42
34	32
45	22
18	30
23	2
9	6
38	13
44	31
42	27
22	35
32	33
30	29
2	7
6	12
13	14
31	20
27	37
35	46
3	10
24	39
# tree 28
1	4
1	25
3	41
41	18
4	9
25	3
3	5
18	11
5	24
24	34
5	45
47	15
9	47
4	23
18	38
11	44
15	42
34	32
45	22
18	30
23	2
9	6
38	13
44	31
42	27
32	33
22	35
15	43
30	29
2	7
6	12
13	14
31	20
27	37
33	39
35	46
3	10
# tree 29
1	4
1	25
3	41
41	18
4	9
25	3
3	5
15	43
18	11
5	24
24	34
5	45
47	15
9	47
4	23
18	38
11	44
43	42
34	32
45	22
18	30
23	2
9	6
38	13
44	31
42	27
32	33
22	35
30	29
2	7
6	12
13	14
31	20
27	37
33	39
3	10
45	46
# tree 30
1	4
1	25
3	41
41	18
4	9
25	3
3	5
15	43
18	11
5	24
24	34
5	45
47	15
9	47
4	23
18	38
11	44
43	42
34	32
45	22
18	30
23	2
9	6
38	13
44	31
42	27
32	33
22	35
30	29
2	7
6	12
13	14
31	20
27	37
33	39
3	10
22	46
# tree 31
1	4
1	25
3	41
41	18
4	9
25	3
3	5
15	43
18	11
5	24
24	34
5	45
47	15
9	47
4	23
18	30
18	38
11	44
43	42
34	32
45	22
23	2
30	29
9	6
38	13
44	31
42	27
32	33
22	35
2	7
29	10
6	12
13	14
31	20
27	37
33	39
45	46
# tree 32
1	4
1	25
3	41
41	18
4	9
25	3
3	5
18	11
5	24
24	34
5	45
47	15
9	47
4	23
18	30
18	38
15	43
34	32
45	22
23	2
30	29
9	6
38	13
11	31
43	27
32	33
22	35
11	44
43	42
2	7
29	10
6	12
13	14
31	20
27	37
33	39
35	46
# tree 33
1	4
1	25
3	41
41	18
4	9
25	3
3	5
18	11
5	24
24	34
5	45
47	15
9	47
4	23
18	30
18	38
11	44
15	43
34	32
45	22
23	2
30	29
9	6
38	13
44	31
32	33
22	35
43	27
43	42
2	7
29	10
6	12
13	14
31	20
33	39
35	46
47	37
# tree 34
1	4
1	25
3	41
41	18
4	9
25	3
3	5
18	11
5	24
24	34
5	45
47	15
9	47
4	23
18	30
18	38
11	44
15	43
34	32
45	22
23	2
30	29
9	6
38	13
44	31
32	33
22	35
43	42
43	27
2	7
29	10
6	12
13	14
31	20
33	39
35	46
42	37
# tree 35
1	4
1	25
3	41
41	18
4	9
25	3
3	5
18	11
5	24
24	34
5	45
47	15
9	47
4	23
18	30
18	38
11	44
15	43
34	32
45	22
23	2
30	29
9	6
38	13
44	31
32	33
22	35
43	27
43	42
2	7
29	10
6	12
13	14
31	20
33	39
35	46
43	37
# tree 36
1	4
1	25
3	41
41	18
4	9
25	3
3	5
18	11
5	24
24	34
5	45
47	15
9	47
4	23
18	30
18	38
11	44
15	43
34	32
45	22
23	2
30	29
9	6
38	13
44	31
32	33
22	35
43	27
43	42
2	7
29	10
6	12
13	14
31	20
33	39
35	46
15	37
# tree 37
1	4
1	25
3	41
41	18
4	9
25	3
3	5
18	11
5	24
24	34
5	45
47	15
9	47
4	23
18	30
18	38
11	44
15	43
34	32
45	22
23	2
30	29
9	6
38	13
44	31
32	33
22	35
43	27
43	42
2	7
29	10
6	12
13	14
31	20
33	39
35	46
9	37
# tree 38
1	4
1	25
3	41
41	18
4	9
25	3
3	5
18	11
5	24
24	34
5	45
47	15
9	47
4	23
18	30
18	38
11	44
15	43
34	32
45	22
23	2
30	29
9	6
38	13
44	31
43	27
22	35
32	33
43	42
2	7
29	10
6	12
13	14
31	20
27	37
35	46
34	39
# tree 39
1	4
1	25
3	41
41	18
4	9
25	3
3	5
18	11
5	24
24	34
5	45
47	15
9	47
4	23
18	30
18	38
11	44
15	43
34	32
45	22
23	2
30	29
9	6
38	13
44	31
43	27
22	35
32	33
43	42
2	7
29	10
6	12
13	14
31	20
27	37
35	46
32	39
# tree 40
1	4
1	25
3	41
41	18
4	9
25	3
3	5
18	11
5	24
24	34
5	45
47	15
9	47
4	23
18	30
18	38
11	44
15	43
34	32
45	22
23	2
30	29
9	6
38	13
44	31
43	27
22	35
32	33
43	42
2	7
29	10
6	12
13	14
31	20
27	37
35	46
24	39
# tree 41
1	4
1	25
3	41
41	18
4	9
25	3
3	5
18	11
5	24
24	34
5	45
47	15
9	47
4	23
18	30
18	38
11	44
15	43
34	32
45	22
23	2
30	29
9	6
38	13
44	31
43	27
32	33
22	35
2	7
29	10
6	12
13	14
31	20
27	37
33	39
35	46
15	42
# tree 42
1	4
1	25
3	41
41	18
4	9
25	3
3	5
18	11
5	24
24	34
5	45
47	15
9	47
4	23
18	30
18	38
11	44
15	43
34	32
45	22
23	2
30	29
9	6
38	13
44	31
43	27
32	33
22	35
43	42
2	7
29	10
6	12
13	14
31	20
27	37
33	39
45	46
# tree 43
1	4
1	25
3	41
41	18
4	9
25	3
3	5
18	11
5	24
24	34
5	45
47	15
9	47
4	23
18	30
18	38
11	44
15	43
34	32
45	22
23	2
30	29
9	6
38	13
44	31
43	27
32	33
22	35
43	42
2	7
29	10
6	12
13	14
31	20
27	37
33	39
22	46
# tree 44
1	4
1	25
3	41
41	18
4	9
25	3
3	5
15	43
5	24
24	34
5	45
47	15
9	47
4	23
18	30
18	38
18	11
43	42
34	32
45	22
23	2
30	29
9	6
38	13
11	31
32	33
22	35
42	27
11	44
2	7
29	10
6	12
13	14
31	20
33	39
35	46
47	37
# tree 45
1	4
1	25
3	41
41	18
4	9
25	3
3	5
15	43
5	24
24	34
5	45
47	15
9	47
4	23
18	30
18	38
18	11
43	42
34	32
45	22
23	2
30	29
9	6
38	13
11	31
32	33
22	35
42	27
11	44
2	7
29	10
6	12
13	14
31	20
33	39
35	46
42	37
# tree 46
1	4
1	25
3	41
41	18
4	9
25	3
3	5
15	43
5	24
24	34
5	45
47	15
9	47
4	23
18	30
18	38
18	11
43	42
34	32
45	22
23	2
30	29
9	6
38	13
11	31
32	33
22	35
42	27
11	44
2	7
29	10
6	12
13	14
31	20
33	39
35	46
43	37
# tree 47
1	4
1	25
3	41
41	18
4	9
25	3
3	5
15	43
5	24
24	34
5	45
47	15
9	47
4	23
18	30
18	38
18	11
43	42
34	32
45	22
23	2
30	29
9	6
38	13
11	31
32	33
22	35
42	27
11	44
2	7
29	10
6	12
13	14
31	20
33	39
35	46
15	37
# tree 48
1	4
1	25
3	41
41	18
4	9
25	3
3	5
15	43
5	24
24	34
5	45
47	15
9	47
4	23
18	30
18	38
18	11
43	42
34	32
45	22
23	2
30	29
9	6
38	13
11	31
32	33
22	35
42	27
11	44
2	7
29	10
6	12
13	14
31	20
33	39
35	46
9	37
# tree 49
1	4
1	25
3	41
41	18
4	9
25	3
3	5
15	43
5	24
24	34
5	45
47	15
9	47
4	23
18	30
18	38
18	11
43	42
34	32
45	22
23	2
30	29
9	6
38	13
11	31
42	27
22	35
32	33
11	44
2	7
29	10
6	12
13	14
31	20
27	37
35	46
34	39
# tree 50
1	4
1	25
3	41
41	18
4	9
25	3
3	5
15	43
5	24
24	34
5	45
47	15
9	47
4	23
18	30
18	38
18	11
43	42
34	32
45	22
23	2
30	29
9	6
38	13
11	31
42	27
22	35
32	33
11	44
2	7
29	10
6	12
13	14
31	20
27	37
35	46
32	39
# tree 51
1	4
1	25
3	41
41	18
4	9
25	3
3	5
15	43
5	24
24	34
5	45
47	15
9	47
4	23
18	30
18	38
18	11
43	42
34	32
45	22
23	2
30	29
9	6
38	13
11	31
42	27
22	35
32	33
11	44
2	7
29	10
6	12
13	14
31	20
27	37
35	46
24	39
# tree 52
1	4
1	25
3	41
41	18
4	9
25	3
3	5
5	24
24	34
5	45
47	15
9	47
4	23
18	30
18	38
18	11
15	42
34	32
45	22
23	2
30	29
9	6
38	13
11	31
42	27
32	33
22	35
15	43
11	44
2	7
29	10
6	12
13	14
31	20
27	37
33	39
35	46
# tree 53
1	4
1	25
3	41
41	18
4	9
25	3
3	5
15	43
5	24
24	34
5	45
47	15
9	47
4	23
18	30
18	38
18	11
43	42
34	32
45	22
23	2
30	29
9	6
38	13
11	31
42	27
32	33
22	35
11	44
2	7
29	10
6	12
13	14
31	20
27	37
33	39
45	46
# tree 54
1	4
1	25
3	41
41	18
4	9
25	3
3	5
15	43
5	24
24	34
5	45
47	15
9	47
4	23
18	30
18	38
18	11
43	42
34	32
45	22
23	2
30	29
9	6
38	13
11	31
42	27
32	33
22	35
11	44
2	7
29	10
6	12
13	14
31	20
27	37
33	39
22	46
# tree 55
1	4
1	25
3	41
41	18
4	9
25	3
3	5
15	43
18	11
5	24
24	34
5	45
47	15
9	47
4	23
18	30
18	38
11	44
34	32
45	22
43	42
23	2
30	29
9	6
38	13
44	31
22	35
32	33
42	27
2	7
29	10
6	12
13	14
31	20
35	46
9	37
34	39
# tree 56
1	4
1	25
3	41
41	18
4	9
25	3
3	5
15	43
18	11
5	24
24	34
5	45
47	15
9	47
4	23
18	30
18	38
11	44
34	32
45	22
43	42
23	2
30	29
9	6
38	13
44	31
22	35
32	33
42	27
2	7
29	10
6	12
13	14
31	20
35	46
9	37
32	39
# tree 57
1	4
1	25
3	41
41	18
4	9
25	3
3	5
15	43
18	11
5	24
24	34
5	45
47	15
9	47
4	23
18	30
18	38
11	44
34	32
45	22
43	42
23	2
30	29
9	6
38	13
44	31
22	35
32	33
42	27
2	7
29	10
6	12
13	14
31	20
35	46
9	37
24	39
# tree 58
1	4
1	25
3	41
41	18
4	9
25	3
3	5
18	11
5	24
24	34
5	45
47	15
9	47
4	23
18	30
18	38
11	44
34	32
45	22
15	42
23	2
30	29
9	6
38	13
44	31
32	33
22	35
15	43
42	27
2	7
29	10
6	12
13	14
31	20
33	39
35	46
9	37
# tree 59
1	4
1	25
3	41
41	18
4	9
25	3
3	5
15	43
18	11
5	24
24	34
5	45
47	15
9	47
4	23
18	30
18	38
11	44
34	32
45	22
43	42
23	2
30	29
9	6
38	13
44	31
32	33
22	35
42	27
2	7
29	10
6	12
13	14
31	20
33	39
9	37
45	46
# tree 60
1	4
1	25
3	41
41	18
4	9
25	3
3	5
15	43
18	11
5	24
24	34
5	45
47	15
9	47
4	23
18	30
18	38
11	44
34	32
45	22
43	42
23	2
30	29
9	6
38	13
44	31
32	33
22	35
42	27
2	7
29	10
6	12
13	14
31	20
33	39
9	37
22	46
# tree 61
1	4
1	25
3	41
41	18
4	9
25	3
3	5
18	11
5	24
24	34
5	45
47	15
9	47
4	23
18	30
18	38
11	44
15	42
45	22
34	32
23	2
30	29
9	6
38	13
44	31
42	27
22	35
15	43
32	33
2	7
29	10
6	12
13	14
31	20
27	37
35	46
24	39
# tree 62
1	4
1	25
3	41
41	18
4	9
25	3
3	5
15	43
18	11
5	24
24	34
5	45
47	15
9	47
4	23
18	30
18	38
11	44
43	42
45	22
34	32
23	2
30	29
9	6
38	13
44	31
42	27
22	35
32	33
2	7
29	10
6	12
13	14
31	20
27	37
24	39
45	46
# tree 63
1	4
1	25
3	41
41	18
4	9
25	3
3	5
15	43
18	11
5	24
24	34
5	45
47	15
9	47
4	23
18	30
18	38
11	44
43	42
45	22
34	32
23	2
30	29
9	6
38	13
44	31
42	27
22	35
32	33
2	7
29	10
6	12
13	14
31	20
27	37
24	39
22	46
# tree 64
25	3
3	41
1	4
1	25
47	15
41	18
3	5
5	24
9	47
4	9
18	11
24	34
5	45
4	23
18	38
15	43
34	32
45	22
18	30
23	2
9	6
38	13
11	31
43	27
32	33
22	35
11	44
43	42
30	29
2	7
6	12
13	14
31	20
27	37
33	39
35	46
3	10
# tree 65
25	3
3	41
1	4
1	25
47	15
41	18
3	5
5	24
9	47
4	9
18	11
24	34
5	45
4	23
18	38
11	44
15	43
34	32
45	22
18	30
23	2
9	6
38	13
44	31
32	33
22	35
43	27
43	42
30	29
2	7
6	12
13	14
31	20
33	39
35	46
3	10
47	37
# tree 66
25	3
3	41
1	4
1	25
47	15
41	18
3	5
5	24
9	47
4	9
18	11
24	34
5	45
4	23
18	38
11	44
15	43
34	32
45	22
18	30
23	2
9	6
38	13
44	31
32	33
22	35
43	42
43	27
30	29
2	7
6	12
13	14
31	20
33	39
35	46
3	10
42	37
# tree 67
25	3
3	41
1	4
1	25
47	15
41	18
3	5
5	24
9	47
4	9
18	11
24	34
5	45
4	23
18	38
11	44
15	43
34	32
45	22
18	30
23	2
9	6
38	13
44	31
32	33
22	35
43	27
43	42
30	29
2	7
6	12
13	14
31	20
33	39
35	46
3	10
43	37
# tree 68
25	3
3	41
1	4
1	25
47	15
41	18
3	5
5	24
9	47
4	9
18	11
24	34
5	45
4	23
18	38
11	44
15	43
34	32
45	22
18	30
23	2
9	6
38	13
44	31
32	33
22	35
43	27
43	42
30	29
2	7
6	12
13	14
31	20
33	39
35	46
3	10
15	37
# tree 69
25	3
3	41
1	4
1	25
47	15
41	18
3	5
5	24
9	47
4	9
18	11
24	34
5	45
4	23
18	38
11	44
15	43
34	32
45	22
18	30
23	2
9	6
38	13
44	31
32	33
22	35
43	27
43	42
30	29
2	7
6	12
13	14
31	20
33	39
35	46
3	10
9	37
# tree 70
25	3
3	41
1	4
1	25
47	15
41	18
3	5
5	24
9	47
4	9
18	11
24	34
5	45
4	23
18	38
11	44
15	43
34	32
45	22
18	30
23	2
9	6
38	13
44	31
43	27
22	35
32	33
43	42
30	29
2	7
6	12
13	14
31	20
27	37
35	46
3	10
34	39
# tree 71
25	3
3	41
1	4
1	25
47	15
41	18
3	5
5	24
9	47
4	9
18	11
24	34
5	45
4	23
18	38
11	44
15	43
34	32
45	22
18	30
23	2
9	6
38	13
44	31
43	27
22	35
32	33
43	42
30	29
2	7
6	12
13	14
31	20
27	37
35	46
3	10
32	39
# tree 72
25	3
3	41
1	4
1	25
47	15
41	18
3	5
5	24
9	47
4	9
18	11
24	34
5	45
4	23
18	38
11	44
15	43
34	32
45	22
18	30
23	2
9	6
38	13
44	31
43	27
22	35
32	33
43	42
30	29
2	7
6	12
13	14
31	20
27	37
35	46
3	10
24	39
# tree 73
25	3
3	41
1	4
1	25
47	15
41	18
3	5
5	24
9	47
4	9
18	11
24	34
5	45
4	23
18	38
11	44
15	43
34	32
45	22
18	30
23	2
9	6
38	13
44	31
43	27
32	33
22	35
30	29
2	7
6	12
13	14
31	20
27	37
33	39
35	46
3	10
15	42
# tree 74
25	3
3	41
1	4
1	25
47	15
41	18
3	5
5	24
9	47
4	9
18	11
24	34
5	45
4	23
18	38
11	44
15	43
34	32
45	22
18	30
23	2
9	6
38	13
44	31
43	27
32	33
22	35
43	42
30	29
2	7
6	12
13	14
31	20
27	37
33	39
3	10
45	46
# tree 75
25	3
3	41
1	4
1	25
47	15
41	18
3	5
5	24
9	47
4	9
18	11
24	34
5	45
4	23
18	38
11	44
15	43
34	32
45	22
18	30
23	2
9	6
38	13
44	31
43	27
32	33
22	35
43	42
30	29
2	7
6	12
13	14
31	20
27	37
33	39
3	10
22	46
# tree 76
25	3
3	41
1	4
1	25
47	15
41	18
3	5
5	24
9	47
4	9
15	43
24	34
5	45
4	23
18	38
18	11
43	42
34	32
45	22
18	30
23	2
9	6
38	13
11	31
32	33
22	35
42	27
11	44
30	29
2	7
6	12
13	14
31	20
33	39
35	46
3	10
47	37
# tree 77
25	3
3	41
1	4
1	25
47	15
41	18
3	5
5	24
9	47
4	9
15	43
24	34
5	45
4	23
18	38
18	11
43	42
34	32
45	22
18	30
23	2
9	6
38	13
11	31
32	33
22	35
42	27
11	44
30	29
2	7
6	12
13	14
31	20
33	39
35	46
3	10
42	37
# tree 78
25	3
3	41
1	4
1	25
47	15
41	18
3	5
5	24
9	47
4	9
15	43
24	34
5	45
4	23
18	38
18	11
43	42
34	32
45	22
18	30
23	2
9	6
38	13
11	31
32	33
22	35
42	27
11	44
30	29
2	7
6	12
13	14
31	20
33	39
35	46
3	10
43	37
# tree 79
25	3
3	41
1	4
1	25
47	15
41	18
3	5
5	24
9	47
4	9
15	43
24	34
5	45
4	23
18	38
18	11
43	42
34	32
45	22
18	30
23	2
9	6
38	13
11	31
32	33
22	35
42	27
11	44
30	29
2	7
6	12
13	14
31	20
33	39
35	46
3	10
15	37
# tree 80
25	3
3	41
1	4
1	25
47	15
41	18
3	5
5	24
9	47
4	9
15	43
24	34
5	45
4	23
18	38
18	11
43	42
34	32
45	22
18	30
23	2
9	6
38	13
11	31
32	33
22	35
42	27
11	44
30	29
2	7
6	12
13	14
31	20
33	39
35	46
3	10
9	37
# tree 81
25	3
3	41
1	4
1	25
47	15
41	18
3	5
5	24
9	47
4	9
15	43
24	34
5	45
4	23
18	38
18	11
43	42
34	32
45	22
18	30
23	2
9	6
38	13
11	31
42	27
22	35
32	33
11	44
30	29
2	7
6	12
13	14
31	20
27	37
35	46
3	10
34	39
# tree 82
25	3
3	41
1	4
1	25
47	15
41	18
3	5
5	24
9	47
4	9
15	43
24	34
5	45
4	23
18	38
18	11
43	42
34	32
45	22
18	30
23	2
9	6
38	13
11	31
42	27
22	35
32	33
11	44
30	29
2	7
6	12
13	14
31	20
27	37
35	46
3	10
32	39
# tree 83
25	3
3	41
1	4
1	25
47	15
41	18
3	5
5	24
9	47
4	9
15	43
24	34
5	45
4	23
18	38
18	11
43	42
34	32
45	22
18	30
23	2
9	6
38	13
11	31
42	27
22	35
32	33
11	44
30	29
2	7
6	12
13	14
31	20
27	37
35	46
3	10
24	39
# tree 84
25	3
3	41
1	4
1	25
47	15
41	18
3	5
5	24
9	47
4	9
24	34
5	45
4	23
18	38
18	11
15	42
34	32
45	22
18	30
23	2
9	6
38	13
11	31
42	27
32	33
22	35
15	43
11	44
30	29
2	7
6	12
13	14
31	20
27	37
33	39
35	46
3	10
# tree 85
25	3
3	41
1	4
1	25
47	15
41	18
3	5
5	24
9	47
4	9
15	43
24	34
5	45
4	23
18	38
18	11
43	42
34	32
45	22
18	30
23	2
9	6
38	13
11	31
42	27
32	33
22	35
11	44
30	29
2	7
6	12
13	14
31	20
27	37
33	39
3	10
45	46
# tree 86
25	3
3	41
1	4
1	25
47	15
41	18
3	5
5	24
9	47
4	9
15	43
24	34
5	45
4	23
18	38
18	11
43	42
34	32
45	22
18	30
23	2
9	6
38	13
11	31
42	27
32	33
22	35
11	44
30	29
2	7
6	12
13	14
31	20
27	37
33	39
3	10
22	46
# tree 87
25	3
3	41
1	4
1	25
47	15
41	18
3	5
5	24
9	47
4	9
18	11
15	43
24	34
5	45
4	23
18	38
11	44
34	32
45	22
43	42
18	30
23	2
9	6
38	13
44	31
22	35
32	33
42	27
30	29
2	7
6	12
13	14
31	20
35	46
3	10
9	37
34	39
# tree 88
25	3
3	41
1	4
1	25
47	15
41	18
3	5
5	24
9	47
4	9
18	11
15	43
24	34
5	45
4	23
18	38
11	44
34	32
45	22
43	42
18	30
23	2
9	6
38	13
44	31
22	35
32	33
42	27
30	29
2	7
6	12
13	14
31	20
35	46
3	10
9	37
32	39
# tree 89
25	3
3	41
1	4
1	25
47	15
41	18
3	5
5	24
9	47
4	9
18	11
15	43
24	34
5	45
4	23
18	38
11	44
34	32
45	22
43	42
18	30
23	2
9	6
38	13
44	31
22	35
32	33
42	27
30	29
2	7
6	12
13	14
31	20
35	46
3	10
9	37
24	39
# tree 90
25	3
3	41
1	4
1	25
47	15
41	18
3	5
5	24
9	47
4	9
18	11
24	34
5	45
4	23
18	38
11	44
34	32
45	22
15	42
18	30
23	2
9	6
38	13
44	31
32	33
22	35
15	43
42	27
30	29
2	7
6	12
13	14
31	20
33	39
35	46
3	10
9	37
# tree 91
25	3
3	41
1	4
1	25
47	15
41	18
3	5
5	24
9	47
4	9
18	11
15	43
24	34
5	45
4	23
18	38
11	44
34	32
45	22
43	42
18	30
23	2
9	6
38	13
44	31
32	33
22	35
42	27
30	29
2	7
6	12
13	14
31	20
33	39
3	10
9	37
45	46
# tree 92
25	3
3	41
1	4
1	25
47	15
41	18
3	5
5	24
9	47
4	9
18	11
15	43
24	34
5	45
4	23
18	38
11	44
34	32
45	22
43	42
18	30
23	2
9	6
38	13
44	31
32	33
22	35
42	27
30	29
2	7
6	12
13	14
31	20
33	39
3	10
9	37
22	46
# tree 93
25	3
3	41
1	4
1	25
47	15
41	18
3	5
5	24
9	47
4	9
18	11
24	34
5	45
4	23
18	38
11	44
15	42
45	22
34	32
18	30
23	2
9	6
38	13
44	31
42	27
22	35
15	43
32	33
30	29
2	7
6	12
13	14
31	20
27	37
35	46
3	10
24	39
# tree 94
25	3
3	41
1	4
1	25
47	15
41	18
3	5
5	24
9	47
4	9
18	11
15	43
24	34
5	45
4	23
18	38
11	44
43	42
45	22
34	32
18	30
23	2
9	6
38	13
44	31
42	27
22	35
32	33
30	29
2	7
6	12
13	14
31	20
27	37
3	10
24	39
45	46
# tree 95
25	3
3	41
1	4
1	25
47	15
41	18
3	5
5	24
9	47
4	9
18	11
15	43
24	34
5	45
4	23
18	38
11	44
43	42
45	22
34	32
18	30
23	2
9	6
38	13
44	31
42	27
22	35
32	33
30	29
2	7
6	12
13	14
31	20
27	37
3	10
24	39
22	46
# tree 96
25	3
3	41
1	4
1	25
41	18
3	5
5	24
9	47
4	9
18	11
47	15
24	34
5	45
4	23
18	38
11	44
15	42
34	32
45	22
18	30
23	2
9	6
38	13
44	31
42	27
32	33
22	35
15	43
30	29
2	7
6	12
13	14
31	20
27	37
33	39
3	10
45	46
# tree 97
25	3
3	41
1	4
1	25
41	18
3	5
5	24
9	47
4	9
18	11
47	15
24	34
5	45
4	23
18	38
11	44
15	42
34	32
45	22
18	30
23	2
9	6
38	13
44	31
42	27
32	33
22	35
15	43
30	29
2	7
6	12
13	14
31	20
27	37
33	39
3	10
22	46
# tree 98
25	3
3	41
1	4
1	25
41	18
3	5
5	24
9	47
4	9
18	11
47	15
24	34
5	45
4	23
18	30
18	38
11	44
15	42
34	32
45	22
23	2
30	29
9	6
38	13
44	31
42	27
32	33
22	35
15	43
2	7
29	10
6	12
13	14
31	20
27	37
33	39
45	46
# tree 99
25	3
3	41
1	4
1	25
41	18
3	5
5	24
9	47
4	9
18	11
47	15
24	34
5	45
4	23
18	30
18	38
11	44
15	42
34	32
45	22
23	2
30	29
9	6
38	13
44	31
42	27
32	33
22	35
15	43
2	7
29	10
6	12
13	14
31	20
27	37
33	39
22	46
# tree 100
25	3
3	41
1	4
1	25
47	15
41	18
3	5
5	24
9	47
4	9
18	11
24	34
5	45
4	23
18	30
18	38
11	44
15	42
45	22
34	32
23	2
30	29
9	6
38	13
44	31
42	27
22	35
15	43
32	33
2	7
29	10
6	12
13	14
31	20
27	37
35	46
32	39
# tree 101
25	3
3	41
1	4
1	25
47	15
41	18
3	5
5	24
9	47
4	9
18	11
15	43
24	34
5	45
4	23
18	30
18	38
11	44
43	42
45	22
34	32
23	2
30	29
9	6
38	13
44	31
42	27
22	35
32	33
2	7
29	10
6	12
13	14
31	20
27	37
32	39
45	46
# tree 102
25	3
3	41
1	4
1	25
47	15
41	18
3	5
5	24
9	47
4	9
18	11
15	43
24	34
5	45
4	23
18	30
18	38
11	44
43	42
45	22
34	32
23	2
30	29
9	6
38	13
44	31
42	27
22	35
32	33
2	7
29	10
6	12
13	14
31	20
27	37
32	39
22	46
# tree 103
25	3
3	41
1	4
1	25
41	18
3	5
5	24
9	47
4	9
47	15
24	34
5	45
4	23
18	30
18	38
18	11
15	43
34	32
45	22
23	2
30	29
9	6
38	13
11	31
32	33
22	35
43	27
11	44
43	42
2	7
29	10
6	12
13	14
31	20
33	39
35	46
47	37
# tree 104
25	3
3	41
1	4
1	25
41	18
3	5
5	24
9	47
4	9
47	15
24	34
5	45
4	23
18	30
18	38
18	11
15	43
34	32
45	22
23	2
30	29
9	6
38	13
11	31
32	33
22	35
43	42
43	27
11	44
2	7
29	10
6	12
13	14
31	20
33	39
35	46
42	37
# tree 105
25	3
3	41
1	4
1	25
41	18
3	5
5	24
9	47
4	9
47	15
24	34
5	45
4	23
18	30
18	38
18	11
15	43
34	32
45	22
23	2
30	29
9	6
38	13
11	31
32	33
22	35
43	27
11	44
43	42
2	7
29	10
6	12
13	14
31	20
33	39
35	46
43	37
# tree 106
25	3
3	41
1	4
1	25
41	18
3	5
5	24
9	47
4	9
47	15
24	34
5	45
4	23
18	30
18	38
18	11
15	43
34	32
45	22
23	2
30	29
9	6
38	13
11	31
32	33
22	35
43	27
11	44
43	42
2	7
29	10
6	12
13	14
31	20
33	39
35	46
15	37
# tree 107
25	3
3	41
1	4
1	25
41	18
3	5
5	24
9	47
4	9
47	15
24	34
5	45
4	23
18	30
18	38
18	11
15	43
34	32
45	22
23	2
30	29
9	6
38	13
11	31
32	33
22	35
43	27
11	44
43	42
2	7
29	10
6	12
13	14
31	20
33	39
35	46
9	37
# tree 108
25	3
3	41
1	4
1	25
41	18
3	5
5	24
9	47
4	9
47	15
24	34
5	45
4	23
18	30
18	38
18	11
15	43
34	32
45	22
23	2
30	29
9	6
38	13
11	31
43	27
22	35
32	33
11	44
43	42
2	7
29	10
6	12
13	14
31	20
27	37
35	46
34	39
# tree 109
25	3
3	41
1	4
1	25
41	18
3	5
5	24
9	47
4	9
47	15
24	34
5	45
4	23
18	30
18	38
18	11
15	43
34	32
45	22
23	2
30	29
9	6
38	13
11	31
43	27
22	35
32	33
11	44
43	42
2	7
29	10
6	12
13	14
31	20
27	37
35	46
32	39
# tree 110
25	3
3	41
1	4
1	25
41	18
3	5
5	24
9	47
4	9
47	15
24	34
5	45
4	23
18	30
18	38
18	11
15	43
34	32
45	22
23	2
30	29
9	6
38	13
11	31
43	27
22	35
32	33
11	44
43	42
2	7
29	10
6	12
13	14
31	20
27	37
35	46
24	39
# tree 111
25	3
3	41
1	4
1	25
41	18
3	5
5	24
9	47
4	9
47	15
24	34
5	45
4	23
18	30
18	38
18	11
15	43
34	32
45	22
23	2
30	29
9	6
38	13
11	31
43	27
32	33
22	35
11	44
2	7
29	10
6	12
13	14
31	20
27	37
33	39
35	46
15	42
# tree 112
25	3
3	41
1	4
1	25
41	18
3	5
5	24
9	47
4	9
47	15
24	34
5	45
4	23
18	30
18	38
18	11
15	43
34	32
45	22
23	2
30	29
9	6
38	13
11	31
43	27
32	33
22	35
11	44
43	42
2	7
29	10
6	12
13	14
31	20
27	37
33	39
45	46
# tree 113
25	3
3	41
1	4
1	25
41	18
3	5
5	24
9	47
4	9
47	15
24	34
5	45
4	23
18	30
18	38
18	11
15	43
34	32
45	22
23	2
30	29
9	6
38	13
11	31
43	27
32	33
22	35
11	44
43	42
2	7
29	10
6	12
13	14
31	20
27	37
33	39
22	46
# tree 114
25	3
3	41
1	4
1	25
41	18
3	5
5	24
9	47
4	9
18	11
47	15
24	34
5	45
4	23
18	30
18	38
11	44
34	32
45	22
15	43
23	2
30	29
9	6
38	13
44	31
22	35
32	33
43	27
43	42
2	7
29	10
6	12
13	14
31	20
35	46
9	37
34	39
# tree 115
25	3
3	41
1	4
1	25
41	18
3	5
5	24
9	47
4	9
18	11
47	15
24	34
5	45
4	23
18	30
18	38
11	44
34	32
45	22
15	43
23	2
30	29
9	6
38	13
44	31
22	35
32	33
43	27
43	42
2	7
29	10
6	12
13	14
31	20
35	46
9	37
32	39
# tree 116
25	3
3	41
1	4
1	25
41	18
3	5
5	24
9	47
4	9
18	11
47	15
24	34
5	45
4	23
18	30
18	38
11	44
34	32
45	22
15	43
23	2
30	29
9	6
38	13
44	31
22	35
32	33
43	27
43	42
2	7
29	10
6	12
13	14
31	20
35	46
9	37
24	39
# tree 117
25	3
3	41
1	4
1	25
41	18
3	5
5	24
9	47
4	9
18	11
47	15
24	34
5	45
4	23
18	30
18	38
11	44
34	32
45	22
15	43
23	2
30	29
9	6
38	13
44	31
32	33
22	35
43	27
2	7
29	10
6	12
13	14
31	20
33	39
35	46
9	37
15	42
# tree 118
25	3
3	41
1	4
1	25
41	18
3	5
5	24
9	47
4	9
18	11
47	15
24	34
5	45
4	23
18	30
18	38
11	44
34	32
45	22
15	43
23	2
30	29
9	6
38	13
44	31
32	33
22	35
43	27
43	42
2	7
29	10
6	12
13	14
31	20
33	39
9	37
45	46
# tree 119
25	3
3	41
1	4
1	25
41	18
3	5
5	24
9	47
4	9
18	11
47	15
24	34
5	45
4	23
18	30
18	38
11	44
34	32
45	22
15	43
23	2
30	29
9	6
38	13
44	31
32	33
22	35
43	27
43	42
2	7
29	10
6	12
13	14
31	20
33	39
9	37
22	46
# tree 120
25	3
3	41
1	4
1	25
41	18
3	5
5	24
9	47
4	9
18	11
47	15
24	34
5	45
4	23
18	30
18	38
11	44
15	43
45	22
34	32
23	2
30	29
9	6
38	13
44	31
43	27
22	35
32	33
2	7
29	10
6	12
13	14
31	20
27	37
35	46
24	39
15	42
# tree 121
25	3
3	41
1	4
1	25
41	18
3	5
5	24
9	47
4	9
18	11
47	15
24	34
5	45
4	23
18	30
18	38
11	44
15	43
45	22
34	32
23	2
30	29
9	6
38	13
44	31
43	27
22	35
32	33
43	42
2	7
29	10
6	12
13	14
31	20
27	37
24	39
45	46
# tree 122
25	3
3	41
1	4
1	25
41	18
3	5
5	24
9	47
4	9
18	11
47	15
24	34
5	45
4	23
18	30
18	38
11	44
15	43
45	22
34	32
23	2
30	29
9	6
38	13
44	31
43	27
22	35
32	33
43	42
2	7
29	10
6	12
13	14
31	20
27	37
24	39
22	46
# tree 123
25	3
3	41
1	4
1	25
41	18
3	5
5	24
9	47
4	9
18	11
47	15
24	34
5	45
4	23
18	30
18	38
11	44
15	43
34	32
45	22
23	2
30	29
9	6
38	13
44	31
43	27
32	33
22	35
2	7
29	10
6	12
13	14
31	20
27	37
33	39
15	42
45	46
# tree 124
25	3
3	41
1	4
1	25
41	18
3	5
5	24
9	47
4	9
18	11
47	15
24	34
5	45
4	23
18	30
18	38
11	44
15	43
34	32
45	22
23	2
30	29
9	6
38	13
44	31
43	27
32	33
22	35
2	7
29	10
6	12
13	14
31	20
27	37
33	39
15	42
22	46
# tree 125
25	3
3	41
1	4
1	25
47	15
3	5
5	24
9	47
4	9
41	18
15	43
24	34
5	45
4	23
18	30
18	38
18	11
34	32
45	22
43	42
23	2
30	29
9	6
38	13
11	31
22	35
32	33
42	27
11	44
2	7
29	10
6	12
13	14
31	20
35	46
9	37
34	39
# tree 126
25	3
3	41
1	4
1	25
47	15
3	5
5	24
9	47
4	9
41	18
15	43
24	34
5	45
4	23
18	30
18	38
18	11
34	32
45	22
43	42
23	2
30	29
9	6
38	13
11	31
22	35
32	33
42	27
11	44
2	7
29	10
6	12
13	14
31	20
35	46
9	37
32	39
# tree 127
25	3
3	41
1	4
1	25
47	15
3	5
5	24
9	47
4	9
41	18
15	43
24	34
5	45
4	23
18	30
18	38
18	11
34	32
45	22
43	42
23	2
30	29
9	6
38	13
11	31
22	35
32	33
42	27
11	44
2	7
29	10
6	12
13	14
31	20
35	46
9	37
24	39
# tree 128
25	3
3	41
1	4
1	25
47	15
3	5
5	24
9	47
4	9
41	18
24	34
5	45
4	23
18	30
18	38
18	11
34	32
45	22
15	42
23	2
30	29
9	6
38	13
11	31
32	33
22	35
15	43
42	27
11	44
2	7
29	10
6	12
13	14
31	20
33	39
35	46
9	37
# tree 129
25	3
3	41
1	4
1	25
47	15
3	5
5	24
9	47
4	9
41	18
15	43
24	34
5	45
4	23
18	30
18	38
18	11
34	32
45	22
43	42
23	2
30	29
9	6
38	13
11	31
32	33
22	35
42	27
11	44
2	7
29	10
6	12
13	14
31	20
33	39
9	37
45	46
# tree 130
25	3
3	41
1	4
1	25
47	15
3	5
5	24
9	47
4	9
41	18
15	43
24	34
5	45
4	23
18	30
18	38
18	11
34	32
45	22
43	42
23	2
30	29
9	6
38	13
11	31
32	33
22	35
42	27
11	44
2	7
29	10
6	12
13	14
31	20
33	39
9	37
22	46
# tree 131
25	3
3	41
1	4
1	25
47	15
3	5
5	24
9	47
4	9
41	18
24	34
5	45
4	23
18	30
18	38
18	11
15	42
45	22
34	32
23	2
30	29
9	6
38	13
11	31
42	27
22	35
15	43
32	33
11	44
2	7
29	10
6	12
13	14
31	20
27	37
35	46
24	39
# tree 132
25	3
3	41
1	4
1	25
47	15
3	5
5	24
9	47
4	9
41	18
15	43
24	34
5	45
4	23
18	30
18	38
18	11
43	42
45	22
34	32
23	2
30	29
9	6
38	13
11	31
42	27
22	35
32	33
11	44
2	7
29	10
6	12
13	14
31	20
27	37
24	39
45	46
# tree 133
25	3
3	41
1	4
1	25
47	15
3	5
5	24
9	47
4	9
41	18
15	43
24	34
5	45
4	23
18	30
18	38
18	11
43	42
45	22
34	32
23	2
30	29
9	6
38	13
11	31
42	27
22	35
32	33
11	44
2	7
29	10
6	12
13	14
31	20
27	37
24	39
22	46
# tree 134
25	3
3	41
1	4
1	25
3	5
5	24
9	47
4	9
41	18
47	15
24	34
5	45
4	23
18	30
18	38
18	11
15	42
34	32
45	22
23	2
30	29
9	6
38	13
11	31
42	27
32	33
22	35
15	43
11	44
2	7
29	10
6	12
13	14
31	20
27	37
33	39
45	46
# tree 135
25	3
3	41
1	4
1	25
3	5
5	24
9	47
4	9
41	18
47	15
24	34
5	45
4	23
18	30
18	38
18	11
15	42
34	32
45	22
23	2
30	29
9	6
38	13
11	31
42	27
32	33
22	35
15	43
11	44
2	7
29	10
6	12
13	14
31	20
27	37
33	39
22	46
# tree 136
25	3
3	41
1	4
1	25
47	15
41	18
3	5
5	24
9	47
4	9
18	11
24	34
5	45
4	23
18	30
18	38
11	44
45	22
34	32
15	42
23	2
30	29
9	6
38	13
44	31
22	35
15	43
32	33
42	27
2	7
29	10
6	12
13	14
31	20
35	46
9	37
24	39
# tree 137
25	3
3	41
1	4
1	25
47	15
41	18
3	5
5	24
9	47
4	9
18	11
24	34
5	45
15	43
4	23
18	30
18	38
11	44
45	22
34	32
43	42
23	2
30	29
9	6
38	13
44	31
22	35
32	33
42	27
2	7
29	10
6	12
13	14
31	20
9	37
24	39
45	46
# tree 138
25	3
3	41
1	4
1	25
47	15
41	18
3	5
5	24
9	47
4	9
18	11
24	34
5	45
15	43
4	23
18	30
18	38
11	44
45	22
34	32
43	42
23	2
30	29
9	6
38	13
44	31
22	35
32	33
42	27
2	7
29	10
6	12
13	14
31	20
9	37
24	39
22	46
# tree 139
25	3
3	41
1	4
1	25
41	18
3	5
5	24
9	47
4	9
18	11
24	34
5	45
47	15
4	23
18	30
18	38
11	44
34	32
45	22
15	42
23	2
30	29
9	6
38	13
44	31
32	33
22	35
15	43
42	27
2	7
29	10
6	12
13	14
31	20
33	39
9	37
45	46
# tree 140
25	3
3	41
1	4
1	25
41	18
3	5
5	24
9	47
4	9
18	11
24	34
5	45
47	15
4	23
18	30
18	38
11	44
34	32
45	22
15	42
23	2
30	29
9	6
38	13
44	31
32	33
22	35
15	43
42	27
2	7
29	10
6	12
13	14
31	20
33	39
9	37
22	46
# tree 141
25	3
3	41
1	4
1	25
41	18
3	5
5	24
9	47
4	9
18	11
47	15
5	45
24	34
4	23
18	30
18	38
11	44
15	42
45	22
34	32
23	2
30	29
9	6
38	13
44	31
42	27
22	35
15	43
32	33
2	7
29	10
6	12
13	14
31	20
27	37
24	39
45	46
# tree 142
25	3
3	41
1	4
1	25
41	18
3	5
5	24
9	47
4	9
18	11
47	15
5	45
24	34
4	23
18	30
18	38
11	44
15	42
45	22
34	32
23	2
30	29
9	6
38	13
44	31
42	27
22	35
15	43
32	33
2	7
29	10
6	12
13	14
31	20
27	37
24	39
22	46
# tree 143
1	25
25	3
9	47
3	41
3	5
4	9
1	4
41	18
5	24
47	15
24	34
5	45
4	23
18	38
18	11
15	43
34	32
45	22
18	30
23	2
9	6
38	13
11	31
32	33
22	35
43	27
11	44
43	42
30	29
2	7
6	12
13	14
31	20
33	39
35	46
3	10
47	37
# tree 144
1	25
25	3
9	47
3	41
3	5
4	9
1	4
41	18
5	24
47	15
24	34
5	45
4	23
18	38
18	11
15	43
34	32
45	22
18	30
23	2
9	6
38	13
11	31
32	33
22	35
43	42
43	27
11	44
30	29
2	7
6	12
13	14
31	20
33	39
35	46
3	10
42	37
# tree 145
1	25
25	3
9	47
3	41
3	5
4	9
1	4
41	18
5	24
47	15
24	34
5	45
4	23
18	38
18	11
15	43
34	32
45	22
18	30
23	2
9	6
38	13
11	31
32	33
22	35
43	27
11	44
43	42
30	29
2	7
6	12
13	14
31	20
33	39
35	46
3	10
43	37
# tree 146
1	25
25	3
9	47
3	41
3	5
4	9
1	4
41	18
5	24
47	15
24	34
5	45
4	23
18	38
18	11
15	43
34	32
45	22
18	30
23	2
9	6
38	13
11	31
32	33
22	35
43	27
11	44
43	42
30	29
2	7
6	12
13	14
31	20
33	39
35	46
3	10
15	37
# tree 147
1	25
25	3
9	47
3	41
3	5
4	9
1	4
41	18
5	24
47	15
24	34
5	45
4	23
18	38
18	11
15	43
34	32
45	22
18	30
23	2
9	6
38	13
11	31
32	33
22	35
43	27
11	44
43	42
30	29
2	7
6	12
13	14
31	20
33	39
35	46
3	10
9	37
# tree 148
1	25
25	3
9	47
3	41
3	5
4	9
1	4
41	18
5	24
47	15
24	34
5	45
4	23
18	38
18	11
15	43
34	32
45	22
18	30
23	2
9	6
38	13
11	31
43	27
22	35
32	33
11	44
43	42
30	29
2	7
6	12
13	14
31	20
27	37
35	46
3	10
34	39
# tree 149
1	25
25	3
9	47
3	41
3	5
4	9
1	4
41	18
5	24
47	15
24	34
5	45
4	23
18	38
18	11
15	43
34	32
45	22
18	30
23	2
9	6
38	13
11	31
43	27
22	35
32	33
11	44
43	42
30	29
2	7
6	12
13	14
31	20
27	37
35	46
3	10
32	39
# tree 150
1	25
25	3
9	47
3	41
3	5
4	9
1	4
41	18
5	24
47	15
24	34
5	45
4	23
18	38
18	11
15	43
34	32
45	22
18	30
23	2
9	6
38	13
11	31
43	27
22	35
32	33
11	44
43	42
30	29
2	7
6	12
13	14
31	20
27	37
35	46
3	10
24	39
# tree 151
1	25
25	3
9	47
3	41
3	5
4	9
1	4
41	18
5	24
47	15
24	34
5	45
4	23
18	38
18	11
15	43
34	32
45	22
18	30
23	2
9	6
38	13
11	31
43	27
32	33
22	35
11	44
30	29
2	7
6	12
13	14
31	20
27	37
33	39
35	46
3	10
15	42
# tree 152
1	25
25	3
9	47
3	41
3	5
4	9
1	4
41	18
5	24
47	15
24	34
5	45
4	23
18	38
18	11
15	43
34	32
45	22
18	30
23	2
9	6
38	13
11	31
43	27
32	33
22	35
11	44
43	42
30	29
2	7
6	12
13	14
31	20
27	37
33	39
3	10
45	46
# tree 153
1	25
25	3
9	47
3	41
3	5
4	9
1	4
41	18
5	24
47	15
24	34
5	45
4	23
18	38
18	11
15	43
34	32
45	22
18	30
23	2
9	6
38	13
11	31
43	27
32	33
22	35
11	44
43	42
30	29
2	7
6	12
13	14
31	20
27	37
33	39
3	10
22	46
# tree 154
1	25
25	3
9	47
3	41
3	5
4	9
1	4
41	18
5	24
18	11
47	15
24	34
5	45
4	23
18	38
11	44
34	32
45	22
15	43
18	30
23	2
9	6
38	13
44	31
22	35
32	33
43	27
43	42
30	29
2	7
6	12
13	14
31	20
35	46
3	10
9	37
34	39
# tree 155
1	25
25	3
9	47
3	41
3	5
4	9
1	4
41	18
5	24
18	11
47	15
24	34
5	45
4	23
18	38
11	44
34	32
45	22
15	43
18	30
23	2
9	6
38	13
44	31
22	35
32	33
43	27
43	42
30	29
2	7
6	12
13	14
31	20
35	46
3	10
9	37
32	39
# tree 156
1	25
25	3
9	47
3	41
3	5
4	9
1	4
41	18
5	24
18	11
47	15
24	34
5	45
4	23
18	38
11	44
34	32
45	22
15	43
18	30
23	2
9	6
38	13
44	31
22	35
32	33
43	27
43	42
30	29
2	7
6	12
13	14
31	20
35	46
3	10
9	37
24	39
# tree 157
1	25
25	3
9	47
3	41
3	5
4	9
1	4
41	18
5	24
18	11
47	15
24	34
5	45
4	23
18	38
11	44
34	32
45	22
15	43
18	30
23	2
9	6
38	13
44	31
32	33
22	35
43	27
30	29
2	7
6	12
13	14
31	20
33	39
35	46
3	10
9	37
15	42
# tree 158
1	25
25	3
9	47
3	41
3	5
4	9
1	4
41	18
5	24
18	11
47	15
24	34
5	45
4	23
18	38
11	44
34	32
45	22
15	43
18	30
23	2
9	6
38	13
44	31
32	33
22	35
43	27
43	42
30	29
2	7
6	12
13	14
31	20
33	39
3	10
9	37
45	46
# tree 159
1	25
25	3
9	47
3	41
3	5
4	9
1	4
41	18
5	24
18	11
47	15
24	34
5	45
4	23
18	38
11	44
34	32
45	22
15	43
18	30
23	2
9	6
38	13
44	31
32	33
22	35
43	27
43	42
30	29
2	7
6	12
13	14
31	20
33	39
3	10
9	37
22	46
# tree 160
1	25
25	3
9	47
3	41
3	5
4	9
1	4
41	18
5	24
18	11
47	15
24	34
5	45
4	23
18	38
11	44
15	43
45	22
34	32
18	30
23	2
9	6
38	13
44	31
43	27
22	35
32	33
30	29
2	7
6	12
13	14
31	20
27	37
35	46
3	10
24	39
15	42
# tree 161
1	25
25	3
9	47
3	41
3	5
4	9
1	4
41	18
5	24
18	11
47	15
24	34
5	45
4	23
18	38
11	44
15	43
45	22
34	32
18	30
23	2
9	6
38	13
44	31
43	27
22	35
32	33
43	42
30	29
2	7
6	12
13	14
31	20
27	37
3	10
24	39
45	46
# tree 162
1	25
25	3
9	47
3	41
3	5
4	9
1	4
41	18
5	24
18	11
47	15
24	34
5	45
4	23
18	38
11	44
15	43
45	22
34	32
18	30
23	2
9	6
38	13
44	31
43	27
22	35
32	33
43	42
30	29
2	7
6	12
13	14
31	20
27	37
3	10
24	39
22	46
# tree 163
1	25
25	3
9	47
3	41
3	5
4	9
1	4
41	18
5	24
18	11
47	15
24	34
5	45
4	23
18	38
11	44
15	43
34	32
45	22
18	30
23	2
9	6
38	13
44	31
43	27
32	33
22	35
30	29
2	7
6	12
13	14
31	20
27	37
33	39
3	10
15	42
45	46
# tree 164
1	25
25	3
9	47
3	41
3	5
4	9
1	4
41	18
5	24
18	11
47	15
24	34
5	45
4	23
18	38
11	44
15	43
34	32
45	22
18	30
23	2
9	6
38	13
44	31
43	27
32	33
22	35
30	29
2	7
6	12
13	14
31	20
27	37
33	39
3	10
15	42
22	46
# tree 165
1	25
25	3
9	47
3	41
3	5
4	9
1	4
47	15
5	24
41	18
15	43
24	34
5	45
4	23
18	38
18	11
34	32
45	22
43	42
18	30
23	2
9	6
38	13
11	31
22	35
32	33
42	27
11	44
30	29
2	7
6	12
13	14
31	20
35	46
3	10
9	37
34	39
# tree 166
1	25
25	3
9	47
3	41
3	5
4	9
1	4
47	15
5	24
41	18
15	43
24	34
5	45
4	23
18	38
18	11
34	32
45	22
43	42
18	30
23	2
9	6
38	13
11	31
22	35
32	33
42	27
11	44
30	29
2	7
6	12
13	14
31	20
35	46
3	10
9	37
32	39
# tree 167
1	25
25	3
9	47
3	41
3	5
4	9
1	4
47	15
5	24
41	18
15	43
24	34
5	45
4	23
18	38
18	11
34	32
45	22
43	42
18	30
23	2
9	6
38	13
11	31
22	35
32	33
42	27
11	44
30	29
2	7
6	12
13	14
31	20
35	46
3	10
9	37
24	39
# tree 168
1	25
25	3
9	47
3	41
3	5
4	9
1	4
47	15
5	24
41	18
24	34
5	45
4	23
18	38
18	11
34	32
45	22
15	42
18	30
23	2
9	6
38	13
11	31
32	33
22	35
15	43
42	27
11	44
30	29
2	7
6	12
13	14
31	20
33	39
35	46
3	10
9	37
# tree 169
1	25
25	3
9	47
3	41
3	5
4	9
1	4
47	15
5	24
41	18
15	43
24	34
5	45
4	23
18	38
18	11
34	32
45	22
43	42
18	30
23	2
9	6
38	13
11	31
32	33
22	35
42	27
11	44
30	29
2	7
6	12
13	14
31	20
33	39
3	10
9	37
45	46
# tree 170
1	25
25	3
9	47
3	41
3	5
4	9
1	4
47	15
5	24
41	18
15	43
24	34
5	45
4	23
18	38
18	11
34	32
45	22
43	42
18	30
23	2
9	6
38	13
11	31
32	33
22	35
42	27
11	44
30	29
2	7
6	12
13	14
31	20
33	39
3	10
9	37
22	46
# tree 171
1	25
25	3
9	47
3	41
3	5
4	9
1	4
47	15
5	24
41	18
24	34
5	45
4	23
18	38
18	11
15	42
45	22
34	32
18	30
23	2
9	6
38	13
11	31
42	27
22	35
15	43
32	33
11	44
30	29
2	7
6	12
13	14
31	20
27	37
35	46
3	10
24	39
# tree 172
1	25
25	3
9	47
3	41
3	5
4	9
1	4
47	15
5	24
41	18
15	43
24	34
5	45
4	23
18	38
18	11
43	42
45	22
34	32
18	30
23	2
9	6
38	13
11	31
42	27
22	35
32	33
11	44
30	29
2	7
6	12
13	14
31	20
27	37
3	10
24	39
45	46
# tree 173
1	25
25	3
9	47
3	41
3	5
4	9
1	4
47	15
5	24
41	18
15	43
24	34
5	45
4	23
18	38
18	11
43	42
45	22
34	32
18	30
23	2
9	6
38	13
11	31
42	27
22	35
32	33
11	44
30	29
2	7
6	12
13	14
31	20
27	37
3	10
24	39
22	46
# tree 174
1	25
25	3
9	47
3	41
3	5
4	9
1	4
5	24
41	18
47	15
24	34
5	45
4	23
18	38
18	11
15	42
34	32
45	22
18	30
23	2
9	6
38	13
11	31
42	27
32	33
22	35
15	43
11	44
30	29
2	7
6	12
13	14
31	20
27	37
33	39
3	10
45	46
# tree 175
1	25
25	3
9	47
3	41
3	5
4	9
1	4
5	24
41	18
47	15
24	34
5	45
4	23
18	38
18	11
15	42
34	32
45	22
18	30
23	2
9	6
38	13
11	31
42	27
32	33
22	35
15	43
11	44
30	29
2	7
6	12
13	14
31	20
27	37
33	39
3	10
22	46
# tree 176
1	25
25	3
9	47
3	41
3	5
4	9
1	4
41	18
47	15
5	24
18	11
24	34
5	45
4	23
18	38
11	44
45	22
34	32
15	42
18	30
23	2
9	6
38	13
44	31
22	35
15	43
32	33
42	27
30	29
2	7
6	12
13	14
31	20
35	46
3	10
9	37
24	39
# tree 177
1	25
25	3
9	47
3	41
3	5
4	9
1	4
41	18
47	15
5	24
18	11
24	34
5	45
15	43
4	23
18	38
11	44
45	22
34	32
43	42
18	30
23	2
9	6
38	13
44	31
22	35
32	33
42	27
30	29
2	7
6	12
13	14
31	20
3	10
9	37
24	39
45	46
# tree 178
1	25
25	3
9	47
3	41
3	5
4	9
1	4
41	18
47	15
5	24
18	11
24	34
5	45
15	43
4	23
18	38
11	44
45	22
34	32
43	42
18	30
23	2
9	6
38	13
44	31
22	35
32	33
42	27
30	29
2	7
6	12
13	14
31	20
3	10
9	37
24	39
22	46
# tree 179
1	25
25	3
9	47
3	41
3	5
4	9
1	4
41	18
5	24
18	11
24	34
5	45
47	15
4	23
18	38
11	44
34	32
45	22
15	42
18	30
23	2
9	6
38	13
44	31
32	33
22	35
15	43
42	27
30	29
2	7
6	12
13	14
31	20
33	39
3	10
9	37
45	46
# tree 180
1	25
25	3
9	47
3	41
3	5
4	9
1	4
41	18
5	24
18	11
24	34
5	45
47	15
4	23
18	38
11	44
34	32
45	22
15	42
18	30
23	2
9	6
38	13
44	31
32	33
22	35
15	43
42	27
30	29
2	7
6	12
13	14
31	20
33	39
3	10
9	37
22	46
# tree 181
1	25
25	3
9	47
3	41
3	5
4	9
1	4
41	18
5	24
18	11
47	15
5	45
24	34
4	23
18	38
11	44
15	42
45	22
34	32
18	30
23	2
9	6
38	13
44	31
42	27
22	35
15	43
32	33
30	29
2	7
6	12
13	14
31	20
27	37
3	10
24	39
45	46
# tree 182
1	25
25	3
9	47
3	41
3	5
4	9
1	4
41	18
5	24
18	11
47	15
5	45
24	34
4	23
18	38
11	44
15	42
45	22
34	32
18	30
23	2
9	6
38	13
44	31
42	27
22	35
15	43
32	33
30	29
2	7
6	12
13	14
31	20
27	37
3	10
24	39
22	46
# tree 183
1	25
25	3
9	47
3	41
3	5
4	9
1	4
41	18
5	24
18	11
47	15
24	34
5	45
4	23
18	30
18	38
11	44
15	43
45	22
34	32
23	2
30	29
9	6
38	13
44	31
43	27
22	35
32	33
2	7
29	10
6	12
13	14
31	20
27	37
35	46
32	39
15	42
# tree 184
1	25
25	3
9	47
3	41
3	5
4	9
1	4
41	18
5	24
18	11
47	15
24	34
5	45
4	23
18	30
18	38
11	44
15	43
45	22
34	32
23	2
30	29
9	6
38	13
44	31
43	27
22	35
32	33
43	42
2	7
29	10
6	12
13	14
31	20
27	37
32	39
45	46
# tree 185
1	25
25	3
9	47
3	41
3	5
4	9
1	4
41	18
5	24
18	11
47	15
24	34
5	45
4	23
18	30
18	38
11	44
15	43
45	22
34	32
23	2
30	29
9	6
38	13
44	31
43	27
22	35
32	33
43	42
2	7
29	10
6	12
13	14
31	20
27	37
32	39
22	46
# tree 186
1	25
25	3
9	47
3	41
3	5
4	9
1	4
47	15
5	24
41	18
24	34
5	45
4	23
18	30
18	38
18	11
15	42
45	22
34	32
23	2
30	29
9	6
38	13
11	31
42	27
22	35
15	43
32	33
11	44
2	7
29	10
6	12
13	14
31	20
27	37
35	46
32	39
# tree 187
1	25
25	3
9	47
3	41
3	5
4	9
1	4
47	15
5	24
41	18
15	43
24	34
5	45
4	23
18	30
18	38
18	11
43	42
45	22
34	32
23	2
30	29
9	6
38	13
11	31
42	27
22	35
32	33
11	44
2	7
29	10
6	12
13	14
31	20
27	37
32	39
45	46
# tree 188
1	25
25	3
9	47
3	41
3	5
4	9
1	4
47	15
5	24
41	18
15	43
24	34
5	45
4	23
18	30
18	38
18	11
43	42
45	22
34	32
23	2
30	29
9	6
38	13
11	31
42	27
22	35
32	33
11	44
2	7
29	10
6	12
13	14
31	20
27	37
32	39
22	46
# tree 189
1	25
25	3
9	47
3	41
3	5
4	9
1	4
41	18
47	15
5	24
18	11
24	34
5	45
4	23
18	30
18	38
11	44
45	22
34	32
15	42
23	2
30	29
9	6
38	13
44	31
22	35
15	43
32	33
42	27
2	7
29	10
6	12
13	14
31	20
35	46
9	37
32	39
# tree 190
1	25
25	3
9	47
3	41
3	5
4	9
1	4
41	18
47	15
5	24
18	11
24	34
5	45
15	43
4	23
18	30
18	38
11	44
45	22
34	32
43	42
23	2
30	29
9	6
38	13
44	31
22	35
32	33
42	27
2	7
29	10
6	12
13	14
31	20
9	37
32	39
45	46
# tree 191
1	25
25	3
9	47
3	41
3	5
4	9
1	4
41	18
47	15
5	24
18	11
24	34
5	45
15	43
4	23
18	30
18	38
11	44
45	22
34	32
43	42
23	2
30	29
9	6
38	13
44	31
22	35
32	33
42	27
2	7
29	10
6	12
13	14
31	20
9	37
32	39
22	46
# tree 192
1	25
25	3
9	47
3	41
3	5
4	9
1	4
41	18
5	24
18	11
47	15
5	45
24	34
4	23
18	30
18	38
11	44
15	42
45	22
34	32
23	2
30	29
9	6
38	13
44	31
42	27
22	35
15	43
32	33
2	7
29	10
6	12
13	14
31	20
27	37
32	39
45	46
# tree 193
1	25
25	3
9	47
3	41
3	5
4	9
1	4
41	18
5	24
18	11
47	15
5	45
24	34
4	23
18	30
18	38
11	44
15	42
45	22
34	32
23	2
30	29
9	6
38	13
44	31
42	27
22	35
15	43
32	33
2	7
29	10
6	12
13	14
31	20
27	37
32	39
22	46
# tree 194
1	25
25	3
3	41
3	5
4	9
1	4
9	47
5	24
41	18
47	15
24	34
5	45
4	23
18	30
18	38
18	11
34	32
45	22
15	43
23	2
30	29
9	6
38	13
11	31
22	35
32	33
43	27
11	44
43	42
2	7
29	10
6	12
13	14
31	20
35	46
9	37
34	39
# tree 195
1	25
25	3
3	41
3	5
4	9
1	4
9	47
5	24
41	18
47	15
24	34
5	45
4	23
18	30
18	38
18	11
34	32
45	22
15	43
23	2
30	29
9	6
38	13
11	31
22	35
32	33
43	27
11	44
43	42
2	7
29	10
6	12
13	14
31	20
35	46
9	37
32	39
# tree 196
1	25
25	3
3	41
3	5
4	9
1	4
9	47
5	24
41	18
47	15
24	34
5	45
4	23
18	30
18	38
18	11
34	32
45	22
15	43
23	2
30	29
9	6
38	13
11	31
22	35
32	33
43	27
11	44
43	42
2	7
29	10
6	12
13	14
31	20
35	46
9	37
24	39
# tree 197
1	25
25	3
3	41
3	5
4	9
1	4
9	47
5	24
41	18
47	15
24	34
5	45
4	23
18	30
18	38
18	11
34	32
45	22
15	43
23	2
30	29
9	6
38	13
11	31
32	33
22	35
43	27
11	44
2	7
29	10
6	12
13	14
31	20
33	39
35	46
9	37
15	42
# tree 198
1	25
25	3
3	41
3	5
4	9
1	4
9	47
5	24
41	18
47	15
24	34
5	45
4	23
18	30
18	38
18	11
34	32
45	22
15	43
23	2
30	29
9	6
38	13
11	31
32	33
22	35
43	27
11	44
43	42
2	7
29	10
6	12
13	14
31	20
33	39
9	37
45	46
# tree 199
1	25
25	3
3	41
3	5
4	9
1	4
9	47
5	24
41	18
47	15
24	34
5	45
4	23
18	30
18	38
18	11
34	32
45	22
15	43
23	2
30	29
9	6
38	13
11	31
32	33
22	35
43	27
11	44
43	42
2	7
29	10
6	12
13	14
31	20
33	39
9	37
22	46
# tree 200
1	25
25	3
3	41
3	5
4	9
1	4
9	47
5	24
41	18
47	15
24	34
5	45
4	23
18	30
18	38
18	11
15	43
45	22
34	32
23	2
30	29
9	6
38	13
11	31
43	27
22	35
32	33
11	44
2	7
29	10
6	12
13	14
31	20
27	37
35	46
24	39
15	42
# tree 201
1	25
25	3
3	41
3	5
4	9
1	4
9	47
5	24
41	18
47	15
24	34
5	45
4	23
18	30
18	38
18	11
15	43
45	22
34	32
23	2
30	29
9	6
38	13
11	31
43	27
22	35
32	33
11	44
43	42
2	7
29	10
6	12
13	14
31	20
27	37
24	39
45	46
# tree 202
1	25
25	3
3	41
3	5
4	9
1	4
9	47
5	24
41	18
47	15
24	34
5	45
4	23
18	30
18	38
18	11
15	43
45	22
34	32
23	2
30	29
9	6
38	13
11	31
43	27
22	35
32	33
11	44
43	42
2	7
29	10
6	12
13	14
31	20
27	37
24	39
22	46
# tree 203
1	25
25	3
3	41
3	5
4	9
1	4
9	47
5	24
41	18
47	15
24	34
5	45
4	23
18	30
18	38
18	11
15	43
34	32
45	22
23	2
30	29
9	6
38	13
11	31
43	27
32	33
22	35
11	44
2	7
29	10
6	12
13	14
31	20
27	37
33	39
15	42
45	46
# tree 204
1	25
25	3
3	41
3	5
4	9
1	4
9	47
5	24
41	18
47	15
24	34
5	45
4	23
18	30
18	38
18	11
15	43
34	32
45	22
23	2
30	29
9	6
38	13
11	31
43	27
32	33
22	35
11	44
2	7
29	10
6	12
13	14
31	20
27	37
33	39
15	42
22	46
# tree 205
1	25
25	3
3	41
3	5
4	9
1	4
41	18
9	47
5	24
18	11
24	34
5	45
47	15
4	23
18	30
18	38
11	44
45	22
34	32
15	43
23	2
30	29
9	6
38	13
44	31
22	35
32	33
43	27
2	7
29	10
6	12
13	14
31	20
35	46
9	37
24	39
15	42
# tree 206
1	25
25	3
3	41
3	5
4	9
1	4
41	18
9	47
5	24
18	11
24	34
5	45
47	15
4	23
18	30
18	38
11	44
45	22
34	32
15	43
23	2
30	29
9	6
38	13
44	31
22	35
32	33
43	27
43	42
2	7
29	10
6	12
13	14
31	20
9	37
24	39
45	46
# tree 207
1	25
25	3
3	41
3	5
4	9
1	4
41	18
9	47
5	24
18	11
24	34
5	45
47	15
4	23
18	30
18	38
11	44
45	22
34	32
15	43
23	2
30	29
9	6
38	13
44	31
22	35
32	33
43	27
43	42
2	7
29	10
6	12
13	14
31	20
9	37
24	39
22	46
# tree 208
1	25
25	3
3	41
3	5
4	9
1	4
41	18
9	47
5	24
18	11
24	34
5	45
47	15
4	23
18	30
18	38
11	44
34	32
45	22
15	43
23	2
30	29
9	6
38	13
44	31
32	33
22	35
43	27
2	7
29	10
6	12
13	14
31	20
33	39
9	37
15	42
45	46
# tree 209
1	25
25	3
3	41
3	5
4	9
1	4
41	18
9	47
5	24
18	11
24	34
5	45
47	15
4	23
18	30
18	38
11	44
34	32
45	22
15	43
23	2
30	29
9	6
38	13
44	31
32	33
22	35
43	27
2	7
29	10
6	12
13	14
31	20
33	39
9	37
15	42
22	46
# tree 210
1	25
25	3
3	41
3	5
4	9
1	4
41	18
9	47
5	24
18	11
47	15
5	45
24	34
4	23
18	30
18	38
11	44
15	43
45	22
34	32
23	2
30	29
9	6
38	13
44	31
43	27
22	35
32	33
2	7
29	10
6	12
13	14
31	20
27	37
24	39
15	42
45	46
# tree 211
1	25
25	3
3	41
3	5
4	9
1	4
41	18
9	47
5	24
18	11
47	15
5	45
24	34
4	23
18	30
18	38
11	44
15	43
45	22
34	32
23	2
30	29
9	6
38	13
44	31
43	27
22	35
32	33
2	7
29	10
6	12
13	14
31	20
27	37
24	39
15	42
22	46
# tree 212
1	25
25	3
9	47
3	5
4	9
1	4
3	41
47	15
5	24
41	18
24	34
5	45
4	23
18	30
18	38
18	11
45	22
34	32
15	42
23	2
30	29
9	6
38	13
11	31
22	35
15	43
32	33
42	27
11	44
2	7
29	10
6	12
13	14
31	20
35	46
9	37
24	39
# tree 213
1	25
25	3
9	47
3	5
4	9
1	4
3	41
47	15
5	24
41	18
24	34
5	45
15	43
4	23
18	30
18	38
18	11
45	22
34	32
43	42
23	2
30	29
9	6
38	13
11	31
22	35
32	33
42	27
11	44
2	7
29	10
6	12
13	14
31	20
9	37
24	39
45	46
# tree 214
1	25
25	3
9	47
3	5
4	9
1	4
3	41
47	15
5	24
41	18
24	34
5	45
15	43
4	23
18	30
18	38
18	11
45	22
34	32
43	42
23	2
30	29
9	6
38	13
11	31
22	35
32	33
42	27
11	44
2	7
29	10
6	12
13	14
31	20
9	37
24	39
22	46
# tree 215
1	25
25	3
9	47
3	5
4	9
1	4
3	41
5	24
41	18
24	34
5	45
47	15
4	23
18	30
18	38
18	11
34	32
45	22
15	42
23	2
30	29
9	6
38	13
11	31
32	33
22	35
15	43
42	27
11	44
2	7
29	10
6	12
13	14
31	20
33	39
9	37
45	46
# tree 216
1	25
25	3
9	47
3	5
4	9
1	4
3	41
5	24
41	18
24	34
5	45
47	15
4	23
18	30
18	38
18	11
34	32
45	22
15	42
23	2
30	29
9	6
38	13
11	31
32	33
22	35
15	43
42	27
11	44
2	7
29	10
6	12
13	14
31	20
33	39
9	37
22	46
# tree 217
1	25
25	3
9	47
3	5
4	9
1	4
3	41
5	24
41	18
47	15
5	45
24	34
4	23
18	30
18	38
18	11
15	42
45	22
34	32
23	2
30	29
9	6
38	13
11	31
42	27
22	35
15	43
32	33
11	44
2	7
29	10
6	12
13	14
31	20
27	37
24	39
45	46
# tree 218
1	25
25	3
9	47
3	5
4	9
1	4
3	41
5	24
41	18
47	15
5	45
24	34
4	23
18	30
18	38
18	11
15	42
45	22
34	32
23	2
30	29
9	6
38	13
11	31
42	27
22	35
15	43
32	33
11	44
2	7
29	10
6	12
13	14
31	20
27	37
24	39
22	46
# tree 219
1	25
25	3
9	47
3	41
3	5
4	9
1	4
41	18
5	24
18	11
5	45
24	34
47	15
4	23
18	30
18	38
11	44
45	22
34	32
15	42
23	2
30	29
9	6
38	13
44	31
22	35
15	43
32	33
42	27
2	7
29	10
6	12
13	14
31	20
9	37
24	39
45	46
# tree 220
1	25
25	3
9	47
3	41
3	5
4	9
1	4
41	18
5	24
18	11
5	45
24	34
47	15
4	23
18	30
18	38
11	44
45	22
34	32
15	42
23	2
30	29
9	6
38	13
44	31
22	35
15	43
32	33
42	27
2	7
29	10
6	12
13	14
31	20
9	37
24	39
22	46
# tree 221
1	25
4	9
25	3
1	4
3	41
3	5
9	47
5	24
41	18
47	15
24	34
5	45
4	23
18	38
18	11
34	32
45	22
15	43
18	30
23	2
9	6
38	13
11	31
22	35
32	33
43	27
11	44
43	42
30	29
2	7
6	12
13	14
31	20
35	46
3	10
9	37
34	39
# tree 222
1	25
4	9
25	3
1	4
3	41
3	5
9	47
5	24
41	18
47	15
24	34
5	45
4	23
18	38
18	11
34	32
45	22
15	43
18	30
23	2
9	6
38	13
11	31
22	35
32	33
43	27
11	44
43	42
30	29
2	7
6	12
13	14
31	20
35	46
3	10
9	37
32	39
# tree 223
1	25
4	9
25	3
1	4
3	41
3	5
9	47
5	24
41	18
47	15
24	34
5	45
4	23
18	38
18	11
34	32
45	22
15	43
18	30
23	2
9	6
38	13
11	31
22	35
32	33
43	27
11	44
43	42
30	29
2	7
6	12
13	14
31	20
35	46
3	10
9	37
24	39
# tree 224
1	25
4	9
25	3
1	4
3	41
3	5
9	47
5	24
41	18
47	15
24	34
5	45
4	23
18	38
18	11
34	32
45	22
15	43
18	30
23	2
9	6
38	13
11	31
32	33
22	35
43	27
11	44
30	29
2	7
6	12
13	14
31	20
33	39
35	46
3	10
9	37
15	42
# tree 225
1	25
4	9
25	3
1	4
3	41
3	5
9	47
5	24
41	18
47	15
24	34
5	45
4	23
18	38
18	11
34	32
45	22
15	43
18	30
23	2
9	6
38	13
11	31
32	33
22	35
43	27
11	44
43	42
30	29
2	7
6	12
13	14
31	20
33	39
3	10
9	37
45	46
# tree 226
1	25
4	9
25	3
1	4
3	41
3	5
9	47
5	24
41	18
47	15
24	34
5	45
4	23
18	38
18	11
34	32
45	22
15	43
18	30
23	2
9	6
38	13
11	31
32	33
22	35
43	27
11	44
43	42
30	29
2	7
6	12
13	14
31	20
33	39
3	10
9	37
22	46
# tree 227
1	25
4	9
25	3
1	4
3	41
3	5
9	47
5	24
41	18
47	15
24	34
5	45
4	23
18	38
18	11
15	43
45	22
34	32
18	30
23	2
9	6
38	13
11	31
43	27
22	35
32	33
11	44
30	29
2	7
6	12
13	14
31	20
27	37
35	46
3	10
24	39
15	42
# tree 228
1	25
4	9
25	3
1	4
3	41
3	5
9	47
5	24
41	18
47	15
24	34
5	45
4	23
18	38
18	11
15	43
45	22
34	32
18	30
23	2
9	6
38	13
11	31
43	27
22	35
32	33
11	44
43	42
30	29
2	7
6	12
13	14
31	20
27	37
3	10
24	39
45	46
# tree 229
1	25
4	9
25	3
1	4
3	41
3	5
9	47
5	24
41	18
47	15
24	34
5	45
4	23
18	38
18	11
15	43
45	22
34	32
18	30
23	2
9	6
38	13
11	31
43	27
22	35
32	33
11	44
43	42
30	29
2	7
6	12
13	14
31	20
27	37
3	10
24	39
22	46
# tree 230
1	25
4	9
25	3
1	4
3	41
3	5
9	47
5	24
41	18
47	15
24	34
5	45
4	23
18	38
18	11
15	43
34	32
45	22
18	30
23	2
9	6
38	13
11	31
43	27
32	33
22	35
11	44
30	29
2	7
6	12
13	14
31	20
27	37
33	39
3	10
15	42
45	46
# tree 231
1	25
4	9
25	3
1	4
3	41
3	5
9	47
5	24
41	18
47	15
24	34
5	45
4	23
18	38
18	11
15	43
34	32
45	22
18	30
23	2
9	6
38	13
11	31
43	27
32	33
22	35
11	44
30	29
2	7
6	12
13	14
31	20
27	37
33	39
3	10
15	42
22	46
# tree 232
1	25
4	9
25	3
1	4
3	41
3	5
41	18
9	47
5	24
18	11
24	34
5	45
47	15
4	23
18	38
11	44
45	22
34	32
15	43
18	30
23	2
9	6
38	13
44	31
22	35
32	33
43	27
30	29
2	7
6	12
13	14
31	20
35	46
3	10
9	37
24	39
15	42
# tree 233
1	25
4	9
25	3
1	4
3	41
3	5
41	18
9	47
5	24
18	11
24	34
5	45
47	15
4	23
18	38
11	44
45	22
34	32
15	43
18	30
23	2
9	6
38	13
44	31
22	35
32	33
43	27
43	42
30	29
2	7
6	12
13	14
31	20
3	10
9	37
24	39
45	46
# tree 234
1	25
4	9
25	3
1	4
3	41
3	5
41	18
9	47
5	24
18	11
24	34
5	45
47	15
4	23
18	38
11	44
45	22
34	32
15	43
18	30
23	2
9	6
38	13
44	31
22	35
32	33
43	27
43	42
30	29
2	7
6	12
13	14
31	20
3	10
9	37
24	39
22	46
# tree 235
1	25
4	9
25	3
1	4
3	41
3	5
41	18
9	47
5	24
18	11
24	34
5	45
47	15
4	23
18	38
11	44
34	32
45	22
15	43
18	30
23	2
9	6
38	13
44	31
32	33
22	35
43	27
30	29
2	7
6	12
13	14
31	20
33	39
3	10
9	37
15	42
45	46
# tree 236
1	25
4	9
25	3
1	4
3	41
3	5
41	18
9	47
5	24
18	11
24	34
5	45
47	15
4	23
18	38
11	44
34	32
45	22
15	43
18	30
23	2
9	6
38	13
44	31
32	33
22	35
43	27
30	29
2	7
6	12
13	14
31	20
33	39
3	10
9	37
15	42
22	46
# tree 237
1	25
4	9
25	3
1	4
3	41
3	5
41	18
9	47
5	24
18	11
47	15
5	45
24	34
4	23
18	38
11	44
15	43
45	22
34	32
18	30
23	2
9	6
38	13
44	31
43	27
22	35
32	33
30	29
2	7
6	12
13	14
31	20
27	37
3	10
24	39
15	42
45	46
# tree 238
1	25
4	9
25	3
1	4
3	41
3	5
41	18
9	47
5	24
18	11
47	15
5	45
24	34
4	23
18	38
11	44
15	43
45	22
34	32
18	30
23	2
9	6
38	13
44	31
43	27
22	35
32	33
30	29
2	7
6	12
13	14
31	20
27	37
3	10
24	39
15	42
22	46
# tree 239
1	25
4	9
25	3
1	4
9	47
3	5
3	41
47	15
5	24
41	18
24	34
5	45
4	23
18	38
18	11
45	22
34	32
15	42
18	30
23	2
9	6
38	13
11	31
22	35
15	43
32	33
42	27
11	44
30	29
2	7
6	12
13	14
31	20
35	46
3	10
9	37
24	39
# tree 240
1	25
4	9
25	3
1	4
9	47
3	5
3	41
47	15
5	24
41	18
24	34
5	45
15	43
4	23
18	38
18	11
45	22
34	32
43	42
18	30
23	2
9	6
38	13
11	31
22	35
32	33
42	27
11	44
30	29
2	7
6	12
13	14
31	20
3	10
9	37
24	39
45	46
# tree 241
1	25
4	9
25	3
1	4
9	47
3	5
3	41
47	15
5	24
41	18
24	34
5	45
15	43
4	23
18	38
18	11
45	22
34	32
43	42
18	30
23	2
9	6
38	13
11	31
22	35
32	33
42	27
11	44
30	29
2	7
6	12
13	14
31	20
3	10
9	37
24	39
22	46
# tree 242
1	25
4	9
25	3
1	4
9	47
3	5
3	41
5	24
41	18
24	34
5	45
47	15
4	23
18	38
18	11
34	32
45	22
15	42
18	30
23	2
9	6
38	13
11	31
32	33
22	35
15	43
42	27
11	44
30	29
2	7
6	12
13	14
31	20
33	39
3	10
9	37
45	46
# tree 243
1	25
4	9
25	3
1	4
9	47
3	5
3	41
5	24
41	18
24	34
5	45
47	15
4	23
18	38
18	11
34	32
45	22
15	42
18	30
23	2
9	6
38	13
11	31
32	33
22	35
15	43
42	27
11	44
30	29
2	7
6	12
13	14
31	20
33	39
3	10
9	37
22	46
# tree 244
1	25
4	9
25	3
1	4
9	47
3	5
3	41
5	24
41	18
47	15
5	45
24	34
4	23
18	38
18	11
15	42
45	22
34	32
18	30
23	2
9	6
38	13
11	31
42	27
22	35
15	43
32	33
11	44
30	29
2	7
6	12
13	14
31	20
27	37
3	10
24	39
45	46
# tree 245
1	25
4	9
25	3
1	4
9	47
3	5
3	41
5	24
41	18
47	15
5	45
24	34
4	23
18	38
18	11
15	42
45	22
34	32
18	30
23	2
9	6
38	13
11	31
42	27
22	35
15	43
32	33
11	44
30	29
2	7
6	12
13	14
31	20
27	37
3	10
24	39
22	46
# tree 246
1	25
4	9
25	3
1	4
3	41
9	47
3	5
41	18
5	24
18	11
5	45
24	34
47	15
4	23
18	38
11	44
45	22
34	32
15	42
18	30
23	2
9	6
38	13
44	31
22	35
15	43
32	33
42	27
30	29
2	7
6	12
13	14
31	20
3	10
9	37
24	39
45	46
# tree 247
1	25
4	9
25	3
1	4
3	41
9	47
3	5
41	18
5	24
18	11
5	45
24	34
47	15
4	23
18	38
11	44
45	22
34	32
15	42
18	30
23	2
9	6
38	13
44	31
22	35
15	43
32	33
42	27
30	29
2	7
6	12
13	14
31	20
3	10
9	37
24	39
22	46
# tree 248
1	25
4	9
25	3
1	4
3	41
3	5
9	47
5	24
41	18
47	15
24	34
5	45
4	23
18	30
18	38
18	11
15	43
45	22
34	32
23	2
30	29
9	6
38	13
11	31
43	27
22	35
32	33
11	44
2	7
29	10
6	12
13	14
31	20
27	37
35	46
32	39
15	42
# tree 249
1	25
4	9
25	3
1	4
3	41
3	5
9	47
5	24
41	18
47	15
24	34
5	45
4	23
18	30
18	38
18	11
15	43
45	22
34	32
23	2
30	29
9	6
38	13
11	31
43	27
22	35
32	33
11	44
43	42
2	7
29	10
6	12
13	14
31	20
27	37
32	39
45	46
# tree 250
1	25
4	9
25	3
1	4
3	41
3	5
9	47
5	24
41	18
47	15
24	34
5	45
4	23
18	30
18	38
18	11
15	43
45	22
34	32
23	2
30	29
9	6
38	13
11	31
43	27
22	35
32	33
11	44
43	42
2	7
29	10
6	12
13	14
31	20
27	37
32	39
22	46
# tree 251
1	25
4	9
25	3
1	4
3	41
3	5
41	18
9	47
5	24
18	11
24	34
5	45
47	15
4	23
18	30
18	38
11	44
45	22
34	32
15	43
23	2
30	29
9	6
38	13
44	31
22	35
32	33
43	27
2	7
29	10
6	12
13	14
31	20
35	46
9	37
32	39
15	42
# tree 252
1	25
4	9
25	3
1	4
3	41
3	5
41	18
9	47
5	24
18	11
24	34
5	45
47	15
4	23
18	30
18	38
11	44
45	22
34	32
15	43
23	2
30	29
9	6
38	13
44	31
22	35
32	33
43	27
43	42
2	7
29	10
6	12
13	14
31	20
9	37
32	39
45	46
# tree 253
1	25
4	9
25	3
1	4
3	41
3	5
41	18
9	47
5	24
18	11
24	34
5	45
47	15
4	23
18	30
18	38
11	44
45	22
34	32
15	43
23	2
30	29
9	6
38	13
44	31
22	35
32	33
43	27
43	42
2	7
29	10
6	12
13	14
31	20
9	37
32	39
22	46
# tree 254
1	25
4	9
25	3
1	4
3	41
3	5
41	18
9	47
5	24
18	11
47	15
5	45
24	34
4	23
18	30
18	38
11	44
15	43
45	22
34	32
23	2
30	29
9	6
38	13
44	31
43	27
22	35
32	33
2	7
29	10
6	12
13	14
31	20
27	37
32	39
15	42
45	46
# tree 255
1	25
4	9
25	3
1	4
3	41
3	5
41	18
9	47
5	24
18	11
47	15
5	45
24	34
4	23
18	30
18	38
11	44
15	43
45	22
34	32
23	2
30	29
9	6
38	13
44	31
43	27
22	35
32	33
2	7
29	10
6	12
13	14
31	20
27	37
32	39
15	42
22	46
# tree 256
1	25
4	9
25	3
1	4
9	47
3	5
3	41
47	15
5	24
41	18
24	34
5	45
4	23
18	30
18	38
18	11
45	22
34	32
15	42
23	2
30	29
9	6
38	13
11	31
22	35
15	43
32	33
42	27
11	44
2	7
29	10
6	12
13	14
31	20
35	46
9	37
32	39
# tree 257
1	25
4	9
25	3
1	4
9	47
3	5
3	41
47	15
5	24
41	18
24	34
5	45
15	43
4	23
18	30
18	38
18	11
45	22
34	32
43	42
23	2
30	29
9	6
38	13
11	31
22	35
32	33
42	27
11	44
2	7
29	10
6	12
13	14
31	20
9	37
32	39
45	46
# tree 258
1	25
4	9
25	3
1	4
9	47
3	5
3	41
47	15
5	24
41	18
24	34
5	45
15	43
4	23
18	30
18	38
18	11
45	22
34	32
43	42
23	2
30	29
9	6
38	13
11	31
22	35
32	33
42	27
11	44
2	7
29	10
6	12
13	14
31	20
9	37
32	39
22	46
# tree 259
1	25
4	9
25	3
1	4
9	47
3	5
3	41
5	24
41	18
47	15
5	45
24	34
4	23
18	30
18	38
18	11
15	42
45	22
34	32
23	2
30	29
9	6
38	13
11	31
42	27
22	35
15	43
32	33
11	44
2	7
29	10
6	12
13	14
31	20
27	37
32	39
45	46
# tree 260
1	25
4	9
25	3
1	4
9	47
3	5
3	41
5	24
41	18
47	15
5	45
24	34
4	23
18	30
18	38
18	11
15	42
45	22
34	32
23	2
30	29
9	6
38	13
11	31
42	27
22	35
15	43
32	33
11	44
2	7
29	10
6	12
13	14
31	20
27	37
32	39
22	46
# tree 261
1	25
4	9
25	3
1	4
3	41
9	47
3	5
41	18
5	24
18	11
5	45
24	34
47	15
4	23
18	30
18	38
11	44
45	22
34	32
15	42
23	2
30	29
9	6
38	13
44	31
22	35
15	43
32	33
42	27
2	7
29	10
6	12
13	14
31	20
9	37
32	39
45	46
# tree 262
1	25
4	9
25	3
1	4
3	41
9	47
3	5
41	18
5	24
18	11
5	45
24	34
47	15
4	23
18	30
18	38
11	44
45	22
34	32
15	42
23	2
30	29
9	6
38	13
44	31
22	35
15	43
32	33
42	27
2	7
29	10
6	12
13	14
31	20
9	37
32	39
22	46
# tree 263
1	25
25	3
1	4
4	9
3	5
3	41
9	47
5	24
41	18
24	34
5	45
47	15
4	23
18	30
18	38
18	11
45	22
34	32
15	43
23	2
30	29
9	6
38	13
11	31
22	35
32	33
43	27
11	44
2	7
29	10
6	12
13	14
31	20
35	46
9	37
24	39
15	42
# tree 264
1	25
25	3
1	4
4	9
3	5
3	41
9	47
5	24
41	18
24	34
5	45
47	15
4	23
18	30
18	38
18	11
45	22
34	32
15	43
23	2
30	29
9	6
38	13
11	31
22	35
32	33
43	27
11	44
43	42
2	7
29	10
6	12
13	14
31	20
9	37
24	39
45	46
# tree 265
1	25
25	3
1	4
4	9
3	5
3	41
9	47
5	24
41	18
24	34
5	45
47	15
4	23
18	30
18	38
18	11
45	22
34	32
15	43
23	2
30	29
9	6
38	13
11	31
22	35
32	33
43	27
11	44
43	42
2	7
29	10
6	12
13	14
31	20
9	37
24	39
22	46
# tree 266
1	25
25	3
1	4
4	9
3	5
3	41
9	47
5	24
41	18
24	34
5	45
47	15
4	23
18	30
18	38
18	11
34	32
45	22
15	43
23	2
30	29
9	6
38	13
11	31
32	33
22	35
43	27
11	44
2	7
29	10
6	12
13	14
31	20
33	39
9	37
15	42
45	46
# tree 267
1	25
25	3
1	4
4	9
3	5
3	41
9	47
5	24
41	18
24	34
5	45
47	15
4	23
18	30
18	38
18	11
34	32
45	22
15	43
23	2
30	29
9	6
38	13
11	31
32	33
22	35
43	27
11	44
2	7
29	10
6	12
13	14
31	20
33	39
9	37
15	42
22	46
# tree 268
1	25
25	3
1	4
4	9
3	5
3	41
9	47
5	24
41	18
47	15
5	45
24	34
4	23
18	30
18	38
18	11
15	43
45	22
34	32
23	2
30	29
9	6
38	13
11	31
43	27
22	35
32	33
11	44
2	7
29	10
6	12
13	14
31	20
27	37
24	39
15	42
45	46
# tree 269
1	25
25	3
1	4
4	9
3	5
3	41
9	47
5	24
41	18
47	15
5	45
24	34
4	23
18	30
18	38
18	11
15	43
45	22
34	32
23	2
30	29
9	6
38	13
11	31
43	27
22	35
32	33
11	44
2	7
29	10
6	12
13	14
31	20
27	37
24	39
15	42
22	46
# tree 270
1	25
25	3
1	4
3	41
4	9
3	5
41	18
5	24
9	47
18	11
5	45
24	34
47	15
4	23
18	30
18	38
11	44
45	22
34	32
15	43
23	2
30	29
9	6
38	13
44	31
22	35
32	33
43	27
2	7
29	10
6	12
13	14
31	20
9	37
24	39
15	42
45	46
# tree 271
1	25
25	3
1	4
3	41
4	9
3	5
41	18
5	24
9	47
18	11
5	45
24	34
47	15
4	23
18	30
18	38
11	44
45	22
34	32
15	43
23	2
30	29
9	6
38	13
44	31
22	35
32	33
43	27
2	7
29	10
6	12
13	14
31	20
9	37
24	39
15	42
22	46
# tree 272
1	25
4	9
25	3
1	4
9	47
3	5
3	41
5	24
41	18
5	45
24	34
47	15
4	23
18	30
18	38
18	11
45	22
34	32
15	42
23	2
30	29
9	6
38	13
11	31
22	35
15	43
32	33
42	27
11	44
2	7
29	10
6	12
13	14
31	20
9	37
24	39
45	46
# tree 273
1	25
4	9
25	3
1	4
9	47
3	5
3	41
5	24
41	18
5	45
24	34
47	15
4	23
18	30
18	38
18	11
45	22
34	32
15	42
23	2
30	29
9	6
38	13
11	31
22	35
15	43
32	33
42	27
11	44
2	7
29	10
6	12
13	14
31	20
9	37
24	39
22	46
