### 16 trees
# tree 1
1	0
5	2
0	5
0	3
5	4
2	6
0	7
2	8
# tree 2
0	5
1	0
5	2
0	3
2	6
0	7
2	8
1	4
# tree 3
0	5
1	0
5	2
0	3
2	6
0	7
2	8
0	4
# tree 4
0	5
1	0
5	2
0	3
5	4
0	7
2	8
5	6
# tree 5
0	5
1	0
5	2
0	3
5	4
2	6
2	8
1	7
# tree 6
1	0
0	5
0	2
0	3
5	4
2	6
2	8
1	7
# tree 7
1	0
0	5
5	2
0	3
2	6
2	8
1	7
1	4
# tree 8
1	0
0	5
5	2
0	3
2	6
2	8
1	7
0	4
# tree 9
1	0
0	5
5	2
2	8
0	3
5	4
1	7
8	6
# tree 10
1	0
0	5
5	2
2	8
0	3
5	4
0	7
8	6
# tree 11
1	0
0	5
5	2
2	8
0	3
0	7
0	4
8	6
# tree 12
1	0
0	2
0	5
0	3
2	6
2	8
1	7
1	4
# tree 13
1	0
0	2
0	5
0	3
2	6
2	8
1	7
0	4
# tree 14
1	0
0	5
0	2
2	8
0	3
5	4
1	7
8	6
# tree 15
1	0
0	5
5	2
2	8
0	3
1	7
0	4
8	6
# tree 16
1	0
0	2
2	8
0	5
0	3
1	7
0	4
8	6
