### 7 trees
# tree 1
5	1
16	3
14	4
0	5
16	6
11	10
13	11
16	13
11	14
3	15
1	16
4	2
6	7
10	8
15	9
1	12
# tree 2
0	5
1	16
11	14
13	11
16	13
16	3
5	1
16	6
11	10
3	15
14	4
6	7
10	8
15	9
1	12
14	2
# tree 3
0	5
1	16
11	14
13	11
16	13
16	3
5	1
14	4
11	10
3	15
16	6
4	2
10	8
15	9
1	12
16	7
# tree 4
0	5
1	16
11	14
13	11
16	13
16	3
5	1
14	4
11	10
3	15
16	6
4	2
10	8
15	9
1	12
11	7
# tree 5
0	5
1	16
11	14
13	11
16	13
16	3
5	1
14	4
16	6
3	15
11	10
4	2
6	7
15	9
1	12
11	8
# tree 6
0	5
1	16
11	14
13	11
16	13
16	3
5	1
14	4
16	6
3	15
11	10
4	2
6	7
15	9
1	12
13	8
# tree 7
5	1
13	11
16	13
1	16
0	5
11	14
16	3
14	4
11	10
3	15
16	6
4	2
10	8
15	9
1	12
13	7
