### 323 trees
# tree 1
20	3
9	5
23	8
1	9
1	11
19	12
3	16
24	18
25	19
25	20
1	21
11	23
1	24
1	25
9	2
8	4
11	6
1	7
21	10
18	13
1	14
16	15
12	17
5	22
# tree 2
25	20
1	9
11	23
25	19
20	3
1	24
1	25
1	11
23	8
1	21
24	18
3	16
19	12
9	5
9	2
8	4
1	7
21	10
18	13
1	14
16	15
12	17
5	22
1	6
# tree 3
25	20
1	9
11	23
25	19
20	3
1	24
1	25
1	11
23	8
1	21
24	18
3	16
19	12
9	5
9	2
8	4
1	7
21	10
18	13
1	14
16	15
12	17
5	22
21	6
# tree 4
25	20
1	9
11	23
25	19
20	3
1	24
1	25
1	11
23	8
24	18
3	16
19	12
9	5
1	21
9	2
8	4
11	6
1	7
18	13
1	14
16	15
12	17
5	22
1	10
# tree 5
25	20
1	9
11	23
25	19
20	3
1	24
1	25
1	11
23	8
1	21
3	16
19	12
9	5
24	18
9	2
8	4
11	6
1	7
21	10
1	14
16	15
12	17
5	22
24	13
# tree 6
25	20
1	9
11	23
25	19
20	3
1	24
1	25
1	11
23	8
1	21
3	16
19	12
9	5
24	18
9	2
8	4
11	6
1	7
21	10
1	14
16	15
12	17
5	22
1	13
# tree 7
25	20
1	9
11	23
25	19
20	3
1	24
1	25
1	11
23	8
1	21
24	18
19	12
9	5
3	16
9	2
8	4
11	6
1	7
21	10
18	13
1	14
12	17
5	22
20	15
# tree 8
25	20
1	9
11	23
25	19
20	3
1	24
1	25
1	11
23	8
1	21
24	18
19	12
9	5
3	16
9	2
8	4
11	6
1	7
21	10
18	13
1	14
12	17
5	22
3	15
# tree 9
25	20
1	9
11	23
25	19
20	3
1	24
1	25
1	11
23	8
1	21
24	18
19	12
9	5
3	16
9	2
8	4
11	6
1	7
21	10
18	13
1	14
12	17
5	22
25	15
# tree 10
25	20
1	9
11	23
25	19
20	3
1	24
1	25
1	11
23	8
1	21
24	18
19	12
9	5
3	16
9	2
8	4
11	6
1	7
21	10
18	13
1	14
12	17
5	22
1	15
# tree 11
25	20
1	9
11	23
25	19
1	24
1	25
1	11
23	8
1	21
24	18
20	16
19	12
9	5
20	3
9	2
8	4
11	6
1	7
21	10
18	13
1	14
16	15
12	17
5	22
# tree 12
25	20
1	9
11	23
25	19
20	3
1	24
1	25
1	11
23	8
1	21
24	18
3	16
9	5
19	12
9	2
8	4
11	6
1	7
21	10
18	13
1	14
16	15
5	22
19	17
# tree 13
25	20
1	9
11	23
25	19
20	3
1	24
1	25
1	11
23	8
1	21
24	18
3	16
9	5
19	12
9	2
8	4
11	6
1	7
21	10
18	13
1	14
16	15
5	22
25	17
# tree 14
25	20
1	9
11	23
25	19
20	3
1	24
1	25
1	11
23	8
1	21
24	18
3	16
9	5
19	12
9	2
8	4
11	6
1	7
21	10
18	13
1	14
16	15
5	22
1	17
# tree 15
25	20
1	9
11	23
25	19
20	3
1	25
1	11
23	8
1	21
1	18
3	16
19	12
9	5
1	24
9	2
8	4
11	6
1	7
21	10
18	13
1	14
16	15
12	17
5	22
# tree 16
25	20
1	9
11	23
25	19
20	3
1	24
1	25
1	11
23	8
1	21
24	18
3	16
19	12
9	5
9	2
8	4
11	6
1	7
21	10
18	13
1	14
16	15
12	17
9	22
# tree 17
25	20
1	9
11	23
25	19
20	3
1	24
1	25
1	11
23	8
1	21
24	18
3	16
19	12
9	5
9	2
8	4
11	6
1	7
21	10
18	13
1	14
16	15
12	17
1	22
# tree 18
1	25
1	11
25	20
11	23
1	24
20	3
25	19
1	9
23	8
3	16
19	12
9	5
24	18
1	21
9	2
8	4
11	6
1	7
1	14
16	15
12	17
5	22
1	10
24	13
# tree 19
1	25
1	11
25	20
11	23
1	24
20	3
25	19
1	9
23	8
3	16
19	12
9	5
24	18
1	21
9	2
8	4
11	6
1	7
1	14
16	15
12	17
5	22
1	10
1	13
# tree 20
1	25
1	11
25	20
11	23
1	24
20	3
25	19
1	9
23	8
24	18
19	12
9	5
3	16
1	21
9	2
8	4
11	6
1	7
18	13
1	14
12	17
5	22
1	10
20	15
# tree 21
1	25
1	11
25	20
11	23
1	24
20	3
25	19
1	9
23	8
24	18
19	12
9	5
3	16
1	21
9	2
8	4
11	6
1	7
18	13
1	14
12	17
5	22
1	10
3	15
# tree 22
1	25
1	11
25	20
11	23
1	24
20	3
25	19
1	9
23	8
24	18
19	12
9	5
3	16
1	21
9	2
8	4
11	6
1	7
18	13
1	14
12	17
5	22
1	10
25	15
# tree 23
1	25
1	11
25	20
11	23
1	24
20	3
25	19
1	9
23	8
24	18
19	12
9	5
3	16
1	21
9	2
8	4
11	6
1	7
18	13
1	14
12	17
5	22
1	10
1	15
# tree 24
1	25
1	11
25	20
11	23
1	24
25	19
1	9
23	8
24	18
20	16
19	12
9	5
20	3
1	21
9	2
8	4
11	6
1	7
18	13
1	14
16	15
12	17
5	22
1	10
# tree 25
1	25
1	11
25	20
11	23
1	24
20	3
25	19
1	9
23	8
24	18
3	16
9	5
19	12
1	21
9	2
8	4
11	6
1	7
18	13
1	14
16	15
5	22
1	10
19	17
# tree 26
1	25
1	11
25	20
11	23
1	24
20	3
25	19
1	9
23	8
24	18
3	16
9	5
19	12
1	21
9	2
8	4
11	6
1	7
18	13
1	14
16	15
5	22
1	10
25	17
# tree 27
1	25
1	11
25	20
11	23
1	24
20	3
25	19
1	9
23	8
24	18
3	16
9	5
19	12
1	21
9	2
8	4
11	6
1	7
18	13
1	14
16	15
5	22
1	10
1	17
# tree 28
1	25
1	11
25	20
11	23
20	3
25	19
1	9
23	8
1	18
3	16
19	12
9	5
1	24
1	21
9	2
8	4
11	6
1	7
18	13
1	14
16	15
12	17
5	22
1	10
# tree 29
1	25
1	11
25	20
11	23
1	24
20	3
25	19
1	9
23	8
24	18
3	16
19	12
9	5
1	21
9	2
8	4
11	6
1	7
18	13
1	14
16	15
12	17
1	10
9	22
# tree 30
1	25
1	11
25	20
11	23
1	24
20	3
25	19
1	9
23	8
24	18
3	16
19	12
9	5
1	21
9	2
8	4
11	6
1	7
18	13
1	14
16	15
12	17
1	10
1	22
# tree 31
1	25
1	11
25	20
11	23
1	24
20	3
25	19
1	9
23	8
24	18
3	16
19	12
9	5
1	21
9	2
8	4
1	7
18	13
1	14
16	15
12	17
5	22
1	10
1	6
# tree 32
1	25
1	11
25	20
11	23
20	3
25	19
1	9
1	24
23	8
1	21
19	12
9	5
3	16
24	18
9	2
8	4
11	6
1	7
21	10
1	14
12	17
5	22
1	13
20	15
# tree 33
1	25
1	11
25	20
11	23
20	3
25	19
1	9
1	24
23	8
1	21
19	12
9	5
3	16
24	18
9	2
8	4
11	6
1	7
21	10
1	14
12	17
5	22
1	13
3	15
# tree 34
1	25
1	11
25	20
11	23
20	3
25	19
1	9
1	24
23	8
1	21
19	12
9	5
3	16
24	18
9	2
8	4
11	6
1	7
21	10
1	14
12	17
5	22
1	13
25	15
# tree 35
1	25
1	11
25	20
11	23
20	3
25	19
1	9
1	24
23	8
1	21
19	12
9	5
3	16
24	18
9	2
8	4
11	6
1	7
21	10
1	14
12	17
5	22
1	13
1	15
# tree 36
1	25
1	11
25	20
11	23
25	19
1	9
1	24
23	8
1	21
20	16
19	12
9	5
20	3
24	18
9	2
8	4
11	6
1	7
21	10
1	14
16	15
12	17
5	22
1	13
# tree 37
1	25
1	11
25	20
11	23
20	3
25	19
1	9
1	24
23	8
1	21
3	16
9	5
19	12
24	18
9	2
8	4
11	6
1	7
21	10
1	14
16	15
5	22
1	13
19	17
# tree 38
1	25
1	11
25	20
11	23
20	3
25	19
1	9
1	24
23	8
1	21
3	16
9	5
19	12
24	18
9	2
8	4
11	6
1	7
21	10
1	14
16	15
5	22
1	13
25	17
# tree 39
1	25
1	11
25	20
11	23
20	3
25	19
1	9
1	24
23	8
1	21
3	16
9	5
19	12
24	18
9	2
8	4
11	6
1	7
21	10
1	14
16	15
5	22
1	13
1	17
# tree 40
1	25
1	11
25	20
11	23
20	3
25	19
1	9
23	8
1	21
3	16
19	12
9	5
1	24
9	2
8	4
11	6
1	7
21	10
1	14
16	15
12	17
5	22
1	13
1	18
# tree 41
1	25
1	11
25	20
11	23
20	3
25	19
1	9
1	24
23	8
1	21
3	16
19	12
9	5
24	18
9	2
8	4
11	6
1	7
21	10
1	14
16	15
12	17
1	13
9	22
# tree 42
1	25
1	11
25	20
11	23
20	3
25	19
1	9
1	24
23	8
1	21
3	16
19	12
9	5
24	18
9	2
8	4
11	6
1	7
21	10
1	14
16	15
12	17
1	13
1	22
# tree 43
1	25
1	11
25	20
11	23
20	3
25	19
1	9
1	24
23	8
1	21
3	16
19	12
9	5
24	18
9	2
8	4
1	7
21	10
1	14
16	15
12	17
5	22
1	13
1	6
# tree 44
1	25
1	11
25	20
11	23
1	24
25	19
1	9
23	8
1	21
24	18
19	12
9	5
20	3
9	2
8	4
11	6
1	7
21	10
18	13
1	14
12	17
5	22
1	15
20	16
# tree 45
1	25
1	11
25	20
11	23
1	24
25	19
1	9
20	3
23	8
1	21
24	18
9	5
19	12
3	16
9	2
8	4
11	6
1	7
21	10
18	13
1	14
5	22
1	15
19	17
# tree 46
1	25
1	11
25	20
11	23
1	24
25	19
1	9
20	3
23	8
1	21
24	18
9	5
19	12
3	16
9	2
8	4
11	6
1	7
21	10
18	13
1	14
5	22
1	15
25	17
# tree 47
1	25
1	11
25	20
11	23
1	24
25	19
1	9
20	3
23	8
1	21
24	18
9	5
19	12
3	16
9	2
8	4
11	6
1	7
21	10
18	13
1	14
5	22
1	15
1	17
# tree 48
1	25
1	11
25	20
11	23
25	19
1	9
20	3
23	8
1	21
1	18
19	12
9	5
1	24
3	16
9	2
8	4
11	6
1	7
21	10
18	13
1	14
12	17
5	22
1	15
# tree 49
1	25
1	11
25	20
11	23
1	24
25	19
1	9
20	3
23	8
1	21
24	18
19	12
9	5
3	16
9	2
8	4
11	6
1	7
21	10
18	13
1	14
12	17
1	15
9	22
# tree 50
1	25
1	11
25	20
11	23
1	24
25	19
1	9
20	3
23	8
1	21
24	18
19	12
9	5
3	16
9	2
8	4
11	6
1	7
21	10
18	13
1	14
12	17
1	15
1	22
# tree 51
1	25
1	11
25	20
11	23
1	24
25	19
1	9
20	3
23	8
1	21
24	18
19	12
9	5
3	16
9	2
8	4
1	7
21	10
18	13
1	14
12	17
5	22
1	15
1	6
# tree 52
1	25
1	11
11	23
1	24
25	20
25	19
1	9
23	8
1	21
24	18
20	16
9	5
19	12
20	3
9	2
8	4
11	6
1	7
21	10
18	13
1	14
16	15
5	22
19	17
# tree 53
1	25
1	11
11	23
1	24
25	20
25	19
1	9
23	8
1	21
24	18
20	16
9	5
19	12
20	3
9	2
8	4
11	6
1	7
21	10
18	13
1	14
16	15
5	22
25	17
# tree 54
1	25
1	11
11	23
1	24
25	20
25	19
1	9
23	8
1	21
24	18
20	16
9	5
19	12
20	3
9	2
8	4
11	6
1	7
21	10
18	13
1	14
16	15
5	22
1	17
# tree 55
1	25
1	11
11	23
25	20
25	19
1	9
23	8
1	21
1	18
20	16
19	12
9	5
1	24
20	3
9	2
8	4
11	6
1	7
21	10
18	13
1	14
16	15
12	17
5	22
# tree 56
1	25
1	11
11	23
1	24
25	20
25	19
1	9
23	8
1	21
24	18
20	16
19	12
9	5
20	3
9	2
8	4
11	6
1	7
21	10
18	13
1	14
16	15
12	17
9	22
# tree 57
1	25
1	11
11	23
1	24
25	20
25	19
1	9
23	8
1	21
24	18
20	16
19	12
9	5
20	3
9	2
8	4
11	6
1	7
21	10
18	13
1	14
16	15
12	17
1	22
# tree 58
1	25
1	11
11	23
1	24
25	20
25	19
1	9
23	8
1	21
24	18
20	16
19	12
9	5
20	3
9	2
8	4
1	7
21	10
18	13
1	14
16	15
12	17
5	22
1	6
# tree 59
1	25
1	11
25	20
11	23
20	3
1	9
25	19
23	8
1	21
1	18
3	16
9	5
1	24
19	12
9	2
8	4
11	6
1	7
21	10
18	13
1	14
16	15
5	22
1	17
# tree 60
1	25
1	11
25	20
11	23
1	24
20	3
1	9
25	19
23	8
1	21
24	18
3	16
9	5
19	12
9	2
8	4
11	6
1	7
21	10
18	13
1	14
16	15
1	17
9	22
# tree 61
1	25
1	11
25	20
11	23
1	24
20	3
1	9
25	19
23	8
1	21
24	18
3	16
9	5
19	12
9	2
8	4
11	6
1	7
21	10
18	13
1	14
16	15
1	17
1	22
# tree 62
1	25
1	11
25	20
11	23
1	24
20	3
1	9
25	19
23	8
1	21
24	18
3	16
9	5
19	12
9	2
8	4
1	7
21	10
18	13
1	14
16	15
5	22
1	17
1	6
# tree 63
1	25
1	11
25	20
11	23
20	3
25	19
1	9
23	8
1	21
1	18
3	16
19	12
9	5
1	24
9	2
8	4
11	6
1	7
21	10
18	13
1	14
16	15
12	17
9	22
# tree 64
1	25
1	11
25	20
11	23
20	3
25	19
1	9
23	8
1	21
1	18
3	16
19	12
9	5
1	24
9	2
8	4
11	6
1	7
21	10
18	13
1	14
16	15
12	17
1	22
# tree 65
1	25
1	11
25	20
11	23
20	3
25	19
1	9
23	8
1	21
1	18
3	16
19	12
9	5
1	24
9	2
8	4
1	7
21	10
18	13
1	14
16	15
12	17
5	22
1	6
# tree 66
1	25
1	11
25	20
11	23
1	24
20	3
25	19
1	9
23	8
1	21
24	18
3	16
19	12
9	5
9	2
8	4
1	7
21	10
18	13
1	14
16	15
12	17
1	22
1	6
# tree 67
1	25
1	11
25	20
11	23
20	3
25	19
1	9
1	24
23	8
19	12
9	5
3	16
24	18
1	21
9	2
8	4
11	6
1	7
1	14
12	17
5	22
1	10
1	13
20	15
# tree 68
1	25
1	11
25	20
11	23
20	3
25	19
1	9
1	24
23	8
19	12
9	5
3	16
24	18
1	21
9	2
8	4
11	6
1	7
1	14
12	17
5	22
1	10
1	13
3	15
# tree 69
1	25
1	11
25	20
11	23
20	3
25	19
1	9
1	24
23	8
19	12
9	5
3	16
24	18
1	21
9	2
8	4
11	6
1	7
1	14
12	17
5	22
1	10
1	13
25	15
# tree 70
1	25
1	11
25	20
11	23
20	3
25	19
1	9
1	24
23	8
19	12
9	5
3	16
24	18
1	21
9	2
8	4
11	6
1	7
1	14
12	17
5	22
1	10
1	13
1	15
# tree 71
1	25
1	11
25	20
11	23
25	19
1	9
1	24
23	8
20	16
19	12
9	5
20	3
24	18
1	21
9	2
8	4
11	6
1	7
1	14
16	15
12	17
5	22
1	10
1	13
# tree 72
1	25
1	11
25	20
11	23
20	3
25	19
1	9
1	24
23	8
3	16
9	5
19	12
24	18
1	21
9	2
8	4
11	6
1	7
1	14
16	15
5	22
1	10
1	13
19	17
# tree 73
1	25
1	11
25	20
11	23
20	3
25	19
1	9
1	24
23	8
3	16
9	5
19	12
24	18
1	21
9	2
8	4
11	6
1	7
1	14
16	15
5	22
1	10
1	13
25	17
# tree 74
1	25
1	11
25	20
11	23
20	3
25	19
1	9
1	24
23	8
3	16
9	5
19	12
24	18
1	21
9	2
8	4
11	6
1	7
1	14
16	15
5	22
1	10
1	13
1	17
# tree 75
1	25
1	11
25	20
11	23
20	3
25	19
1	9
23	8
3	16
19	12
9	5
1	24
1	21
9	2
8	4
11	6
1	7
1	14
16	15
12	17
5	22
1	10
1	13
1	18
# tree 76
1	25
1	11
25	20
11	23
20	3
25	19
1	9
1	24
23	8
3	16
19	12
9	5
24	18
1	21
9	2
8	4
11	6
1	7
1	14
16	15
12	17
1	10
1	13
9	22
# tree 77
1	25
1	11
25	20
11	23
20	3
25	19
1	9
1	24
23	8
3	16
19	12
9	5
24	18
1	21
9	2
8	4
11	6
1	7
1	14
16	15
12	17
1	10
1	13
1	22
# tree 78
1	25
1	11
25	20
11	23
20	3
25	19
1	9
1	24
23	8
3	16
19	12
9	5
24	18
1	21
9	2
8	4
1	7
1	14
16	15
12	17
5	22
1	10
1	13
1	6
# tree 79
1	25
1	11
25	20
11	23
1	24
25	19
1	9
23	8
24	18
19	12
9	5
20	3
1	21
9	2
8	4
11	6
1	7
18	13
1	14
12	17
5	22
1	10
1	15
20	16
# tree 80
1	25
1	11
25	20
11	23
1	24
25	19
1	9
20	3
23	8
24	18
9	5
19	12
3	16
1	21
9	2
8	4
11	6
1	7
18	13
1	14
5	22
1	10
1	15
19	17
# tree 81
1	25
1	11
25	20
11	23
1	24
25	19
1	9
20	3
23	8
24	18
9	5
19	12
3	16
1	21
9	2
8	4
11	6
1	7
18	13
1	14
5	22
1	10
1	15
25	17
# tree 82
1	25
1	11
25	20
11	23
1	24
25	19
1	9
20	3
23	8
24	18
9	5
19	12
3	16
1	21
9	2
8	4
11	6
1	7
18	13
1	14
5	22
1	10
1	15
1	17
# tree 83
1	25
1	11
25	20
11	23
25	19
1	9
20	3
23	8
1	18
19	12
9	5
1	24
3	16
1	21
9	2
8	4
11	6
1	7
18	13
1	14
12	17
5	22
1	10
1	15
# tree 84
1	25
1	11
25	20
11	23
1	24
25	19
1	9
20	3
23	8
24	18
19	12
9	5
3	16
1	21
9	2
8	4
11	6
1	7
18	13
1	14
12	17
1	10
1	15
9	22
# tree 85
1	25
1	11
25	20
11	23
1	24
25	19
1	9
20	3
23	8
24	18
19	12
9	5
3	16
1	21
9	2
8	4
11	6
1	7
18	13
1	14
12	17
1	10
1	15
1	22
# tree 86
1	25
1	11
25	20
11	23
1	24
25	19
1	9
20	3
23	8
24	18
19	12
9	5
3	16
1	21
9	2
8	4
1	7
18	13
1	14
12	17
5	22
1	10
1	15
1	6
# tree 87
1	25
1	11
11	23
1	24
25	20
25	19
1	9
23	8
24	18
20	16
9	5
19	12
20	3
1	21
9	2
8	4
11	6
1	7
18	13
1	14
16	15
5	22
1	10
19	17
# tree 88
1	25
1	11
11	23
1	24
25	20
25	19
1	9
23	8
24	18
20	16
9	5
19	12
20	3
1	21
9	2
8	4
11	6
1	7
18	13
1	14
16	15
5	22
1	10
25	17
# tree 89
1	25
1	11
11	23
1	24
25	20
25	19
1	9
23	8
24	18
20	16
9	5
19	12
20	3
1	21
9	2
8	4
11	6
1	7
18	13
1	14
16	15
5	22
1	10
1	17
# tree 90
1	25
1	11
11	23
25	20
25	19
1	9
23	8
1	18
20	16
19	12
9	5
1	24
20	3
1	21
9	2
8	4
11	6
1	7
18	13
1	14
16	15
12	17
5	22
1	10
# tree 91
1	25
1	11
11	23
1	24
25	20
25	19
1	9
23	8
24	18
20	16
19	12
9	5
20	3
1	21
9	2
8	4
11	6
1	7
18	13
1	14
16	15
12	17
1	10
9	22
# tree 92
1	25
1	11
11	23
1	24
25	20
25	19
1	9
23	8
24	18
20	16
19	12
9	5
20	3
1	21
9	2
8	4
11	6
1	7
18	13
1	14
16	15
12	17
1	10
1	22
# tree 93
1	25
1	11
11	23
1	24
25	20
25	19
1	9
23	8
24	18
20	16
19	12
9	5
20	3
1	21
9	2
8	4
1	7
18	13
1	14
16	15
12	17
5	22
1	10
1	6
# tree 94
1	25
1	11
25	20
11	23
20	3
1	9
25	19
23	8
1	18
3	16
9	5
1	24
19	12
1	21
9	2
8	4
11	6
1	7
18	13
1	14
16	15
5	22
1	10
1	17
# tree 95
1	25
1	11
25	20
11	23
1	24
20	3
1	9
25	19
23	8
24	18
3	16
9	5
19	12
1	21
9	2
8	4
11	6
1	7
18	13
1	14
16	15
1	10
1	17
9	22
# tree 96
1	25
1	11
25	20
11	23
1	24
20	3
1	9
25	19
23	8
24	18
3	16
9	5
19	12
1	21
9	2
8	4
11	6
1	7
18	13
1	14
16	15
1	10
1	17
1	22
# tree 97
1	25
1	11
25	20
11	23
1	24
20	3
1	9
25	19
23	8
24	18
3	16
9	5
19	12
1	21
9	2
8	4
1	7
18	13
1	14
16	15
5	22
1	10
1	17
1	6
# tree 98
1	25
1	11
25	20
11	23
20	3
25	19
1	9
23	8
1	18
3	16
19	12
9	5
1	24
1	21
9	2
8	4
11	6
1	7
18	13
1	14
16	15
12	17
1	10
9	22
# tree 99
1	25
1	11
25	20
11	23
20	3
25	19
1	9
23	8
1	18
3	16
19	12
9	5
1	24
1	21
9	2
8	4
11	6
1	7
18	13
1	14
16	15
12	17
1	10
1	22
# tree 100
1	25
1	11
25	20
11	23
20	3
25	19
1	9
23	8
1	18
3	16
19	12
9	5
1	24
1	21
9	2
8	4
1	7
18	13
1	14
16	15
12	17
5	22
1	10
1	6
# tree 101
1	25
1	11
25	20
11	23
1	24
20	3
25	19
1	9
23	8
24	18
3	16
19	12
9	5
1	21
9	2
8	4
1	7
18	13
1	14
16	15
12	17
1	10
1	22
1	6
# tree 102
1	25
1	11
25	20
11	23
25	19
1	9
1	24
23	8
1	21
19	12
9	5
20	3
24	18
9	2
8	4
11	6
1	7
21	10
1	14
12	17
5	22
1	13
1	15
20	16
# tree 103
1	25
1	11
25	20
11	23
25	19
1	9
20	3
1	24
23	8
1	21
9	5
19	12
3	16
24	18
9	2
8	4
11	6
1	7
21	10
1	14
5	22
1	13
1	15
19	17
# tree 104
1	25
1	11
25	20
11	23
25	19
1	9
20	3
1	24
23	8
1	21
9	5
19	12
3	16
24	18
9	2
8	4
11	6
1	7
21	10
1	14
5	22
1	13
1	15
25	17
# tree 105
1	25
1	11
25	20
11	23
25	19
1	9
20	3
1	24
23	8
1	21
9	5
19	12
3	16
24	18
9	2
8	4
11	6
1	7
21	10
1	14
5	22
1	13
1	15
1	17
# tree 106
1	25
1	11
25	20
11	23
25	19
1	9
20	3
23	8
1	21
19	12
9	5
1	24
3	16
9	2
8	4
11	6
1	7
21	10
1	14
12	17
5	22
1	13
1	15
1	18
# tree 107
1	25
1	11
25	20
11	23
25	19
1	9
20	3
1	24
23	8
1	21
19	12
9	5
3	16
24	18
9	2
8	4
11	6
1	7
21	10
1	14
12	17
1	13
1	15
9	22
# tree 108
1	25
1	11
25	20
11	23
25	19
1	9
20	3
1	24
23	8
1	21
19	12
9	5
3	16
24	18
9	2
8	4
11	6
1	7
21	10
1	14
12	17
1	13
1	15
1	22
# tree 109
1	25
1	11
25	20
11	23
25	19
1	9
20	3
1	24
23	8
1	21
19	12
9	5
3	16
24	18
9	2
8	4
1	7
21	10
1	14
12	17
5	22
1	13
1	15
1	6
# tree 110
1	25
1	11
11	23
25	20
25	19
1	9
1	24
23	8
1	21
20	16
9	5
19	12
20	3
24	18
9	2
8	4
11	6
1	7
21	10
1	14
16	15
5	22
1	13
19	17
# tree 111
1	25
1	11
11	23
25	20
25	19
1	9
1	24
23	8
1	21
20	16
9	5
19	12
20	3
24	18
9	2
8	4
11	6
1	7
21	10
1	14
16	15
5	22
1	13
25	17
# tree 112
1	25
1	11
11	23
25	20
25	19
1	9
1	24
23	8
1	21
20	16
9	5
19	12
20	3
24	18
9	2
8	4
11	6
1	7
21	10
1	14
16	15
5	22
1	13
1	17
# tree 113
1	25
1	11
11	23
25	20
25	19
1	9
23	8
1	21
20	16
19	12
9	5
1	24
20	3
9	2
8	4
11	6
1	7
21	10
1	14
16	15
12	17
5	22
1	13
1	18
# tree 114
1	25
1	11
11	23
25	20
25	19
1	9
1	24
23	8
1	21
20	16
19	12
9	5
20	3
24	18
9	2
8	4
11	6
1	7
21	10
1	14
16	15
12	17
1	13
9	22
# tree 115
1	25
1	11
11	23
25	20
25	19
1	9
1	24
23	8
1	21
20	16
19	12
9	5
20	3
24	18
9	2
8	4
11	6
1	7
21	10
1	14
16	15
12	17
1	13
1	22
# tree 116
1	25
1	11
11	23
25	20
25	19
1	9
1	24
23	8
1	21
20	16
19	12
9	5
20	3
24	18
9	2
8	4
1	7
21	10
1	14
16	15
12	17
5	22
1	13
1	6
# tree 117
1	25
1	11
25	20
11	23
20	3
1	9
25	19
23	8
1	21
3	16
9	5
1	24
19	12
9	2
8	4
11	6
1	7
21	10
1	14
16	15
5	22
1	13
1	17
1	18
# tree 118
1	25
1	11
25	20
11	23
20	3
1	9
25	19
1	24
23	8
1	21
3	16
9	5
19	12
24	18
9	2
8	4
11	6
1	7
21	10
1	14
16	15
1	13
1	17
9	22
# tree 119
1	25
1	11
25	20
11	23
20	3
1	9
25	19
1	24
23	8
1	21
3	16
9	5
19	12
24	18
9	2
8	4
11	6
1	7
21	10
1	14
16	15
1	13
1	17
1	22
# tree 120
1	25
1	11
25	20
11	23
20	3
1	9
25	19
1	24
23	8
1	21
3	16
9	5
19	12
24	18
9	2
8	4
1	7
21	10
1	14
16	15
5	22
1	13
1	17
1	6
# tree 121
1	25
1	11
25	20
11	23
20	3
25	19
1	9
23	8
1	21
3	16
19	12
9	5
1	24
9	2
8	4
11	6
1	7
21	10
1	14
16	15
12	17
1	13
1	18
9	22
# tree 122
1	25
1	11
25	20
11	23
20	3
25	19
1	9
23	8
1	21
3	16
19	12
9	5
1	24
9	2
8	4
11	6
1	7
21	10
1	14
16	15
12	17
1	13
1	18
1	22
# tree 123
1	25
1	11
25	20
11	23
20	3
25	19
1	9
23	8
1	21
3	16
19	12
9	5
1	24
9	2
8	4
1	7
21	10
1	14
16	15
12	17
5	22
1	13
1	18
1	6
# tree 124
1	25
1	11
25	20
11	23
20	3
25	19
1	9
1	24
23	8
1	21
3	16
19	12
9	5
24	18
9	2
8	4
1	7
21	10
1	14
16	15
12	17
1	13
1	22
1	6
# tree 125
1	25
1	11
11	23
1	24
25	19
1	9
25	20
23	8
1	21
24	18
9	5
19	12
20	3
9	2
8	4
11	6
1	7
21	10
18	13
1	14
5	22
1	15
20	16
19	17
# tree 126
1	25
1	11
11	23
1	24
25	19
1	9
25	20
23	8
1	21
24	18
9	5
19	12
20	3
9	2
8	4
11	6
1	7
21	10
18	13
1	14
5	22
1	15
20	16
25	17
# tree 127
1	25
1	11
11	23
1	24
25	19
1	9
25	20
23	8
1	21
24	18
9	5
19	12
20	3
9	2
8	4
11	6
1	7
21	10
18	13
1	14
5	22
1	15
20	16
1	17
# tree 128
1	25
1	11
11	23
25	19
1	9
25	20
23	8
1	21
1	18
19	12
9	5
1	24
20	3
9	2
8	4
11	6
1	7
21	10
18	13
1	14
12	17
5	22
1	15
20	16
# tree 129
1	25
1	11
11	23
1	24
25	19
1	9
25	20
23	8
1	21
24	18
19	12
9	5
20	3
9	2
8	4
11	6
1	7
21	10
18	13
1	14
12	17
1	15
20	16
9	22
# tree 130
1	25
1	11
11	23
1	24
25	19
1	9
25	20
23	8
1	21
24	18
19	12
9	5
20	3
9	2
8	4
11	6
1	7
21	10
18	13
1	14
12	17
1	15
20	16
1	22
# tree 131
1	25
1	11
11	23
1	24
25	19
1	9
25	20
23	8
1	21
24	18
19	12
9	5
20	3
9	2
8	4
1	7
21	10
18	13
1	14
12	17
5	22
1	15
20	16
1	6
# tree 132
1	25
1	11
25	20
11	23
1	9
25	19
20	3
23	8
1	21
1	18
9	5
1	24
19	12
3	16
9	2
8	4
11	6
1	7
21	10
18	13
1	14
5	22
1	15
1	17
# tree 133
1	25
1	11
25	20
11	23
1	24
1	9
25	19
20	3
23	8
1	21
24	18
9	5
19	12
3	16
9	2
8	4
11	6
1	7
21	10
18	13
1	14
1	15
1	17
9	22
# tree 134
1	25
1	11
25	20
11	23
1	24
1	9
25	19
20	3
23	8
1	21
24	18
9	5
19	12
3	16
9	2
8	4
11	6
1	7
21	10
18	13
1	14
1	15
1	17
1	22
# tree 135
1	25
1	11
25	20
11	23
1	24
1	9
25	19
20	3
23	8
1	21
24	18
9	5
19	12
3	16
9	2
8	4
1	7
21	10
18	13
1	14
5	22
1	15
1	17
1	6
# tree 136
1	25
1	11
25	20
11	23
25	19
1	9
20	3
23	8
1	21
1	18
19	12
9	5
1	24
3	16
9	2
8	4
11	6
1	7
21	10
18	13
1	14
12	17
1	15
9	22
# tree 137
1	25
1	11
25	20
11	23
25	19
1	9
20	3
23	8
1	21
1	18
19	12
9	5
1	24
3	16
9	2
8	4
11	6
1	7
21	10
18	13
1	14
12	17
1	15
1	22
# tree 138
1	25
1	11
25	20
11	23
25	19
1	9
20	3
23	8
1	21
1	18
19	12
9	5
1	24
3	16
9	2
8	4
1	7
21	10
18	13
1	14
12	17
5	22
1	15
1	6
# tree 139
1	25
1	11
25	20
11	23
1	24
25	19
1	9
20	3
23	8
1	21
24	18
19	12
9	5
3	16
9	2
8	4
1	7
21	10
18	13
1	14
12	17
1	15
1	22
1	6
# tree 140
1	11
1	25
11	23
25	20
1	9
25	19
23	8
1	21
1	18
20	16
9	5
1	24
19	12
20	3
9	2
8	4
11	6
1	7
21	10
18	13
1	14
16	15
5	22
1	17
# tree 141
1	11
1	25
11	23
1	24
25	20
1	9
25	19
23	8
1	21
24	18
20	16
9	5
19	12
20	3
9	2
8	4
11	6
1	7
21	10
18	13
1	14
16	15
1	17
9	22
# tree 142
1	11
1	25
11	23
1	24
25	20
1	9
25	19
23	8
1	21
24	18
20	16
9	5
19	12
20	3
9	2
8	4
11	6
1	7
21	10
18	13
1	14
16	15
1	17
1	22
# tree 143
1	11
1	25
11	23
1	24
25	20
1	9
25	19
23	8
1	21
24	18
20	16
9	5
19	12
20	3
9	2
8	4
1	7
21	10
18	13
1	14
16	15
5	22
1	17
1	6
# tree 144
1	11
1	25
11	23
25	20
25	19
1	9
23	8
1	21
1	18
20	16
19	12
9	5
1	24
20	3
9	2
8	4
11	6
1	7
21	10
18	13
1	14
16	15
12	17
9	22
# tree 145
1	11
1	25
11	23
25	20
25	19
1	9
23	8
1	21
1	18
20	16
19	12
9	5
1	24
20	3
9	2
8	4
11	6
1	7
21	10
18	13
1	14
16	15
12	17
1	22
# tree 146
1	11
1	25
11	23
25	20
25	19
1	9
23	8
1	21
1	18
20	16
19	12
9	5
1	24
20	3
9	2
8	4
1	7
21	10
18	13
1	14
16	15
12	17
5	22
1	6
# tree 147
1	11
1	25
11	23
1	24
25	20
25	19
1	9
23	8
1	21
24	18
20	16
19	12
9	5
20	3
9	2
8	4
1	7
21	10
18	13
1	14
16	15
12	17
1	22
1	6
# tree 148
1	25
1	11
25	20
11	23
20	3
1	9
25	19
23	8
1	21
1	18
3	16
9	5
1	24
19	12
9	2
8	4
11	6
1	7
21	10
18	13
1	14
16	15
1	17
9	22
# tree 149
1	25
1	11
25	20
11	23
20	3
1	9
25	19
23	8
1	21
1	18
3	16
9	5
1	24
19	12
9	2
8	4
11	6
1	7
21	10
18	13
1	14
16	15
1	17
1	22
# tree 150
1	25
1	11
25	20
11	23
20	3
1	9
25	19
23	8
1	21
1	18
3	16
9	5
1	24
19	12
9	2
8	4
1	7
21	10
18	13
1	14
16	15
5	22
1	17
1	6
# tree 151
1	25
1	11
25	20
11	23
1	24
20	3
1	9
25	19
23	8
1	21
24	18
3	16
9	5
19	12
9	2
8	4
1	7
21	10
18	13
1	14
16	15
1	17
1	22
1	6
# tree 152
1	25
1	11
25	20
11	23
20	3
25	19
1	9
23	8
1	21
1	18
3	16
19	12
9	5
1	24
9	2
8	4
1	7
21	10
18	13
1	14
16	15
12	17
1	22
1	6
# tree 153
1	25
1	11
25	20
11	23
25	19
1	9
1	24
23	8
19	12
9	5
20	3
24	18
1	21
9	2
8	4
11	6
1	7
1	14
12	17
5	22
1	10
1	13
1	15
20	16
# tree 154
1	25
1	11
25	20
11	23
25	19
1	9
20	3
1	24
23	8
9	5
19	12
3	16
24	18
1	21
9	2
8	4
11	6
1	7
1	14
5	22
1	10
1	13
1	15
19	17
# tree 155
1	25
1	11
25	20
11	23
25	19
1	9
20	3
1	24
23	8
9	5
19	12
3	16
24	18
1	21
9	2
8	4
11	6
1	7
1	14
5	22
1	10
1	13
1	15
25	17
# tree 156
1	25
1	11
25	20
11	23
25	19
1	9
20	3
1	24
23	8
9	5
19	12
3	16
24	18
1	21
9	2
8	4
11	6
1	7
1	14
5	22
1	10
1	13
1	15
1	17
# tree 157
1	25
1	11
25	20
11	23
25	19
1	9
20	3
23	8
19	12
9	5
1	24
3	16
1	21
9	2
8	4
11	6
1	7
1	14
12	17
5	22
1	10
1	13
1	15
1	18
# tree 158
1	25
1	11
25	20
11	23
25	19
1	9
20	3
1	24
23	8
19	12
9	5
3	16
24	18
1	21
9	2
8	4
11	6
1	7
1	14
12	17
1	10
1	13
1	15
9	22
# tree 159
1	25
1	11
25	20
11	23
25	19
1	9
20	3
1	24
23	8
19	12
9	5
3	16
24	18
1	21
9	2
8	4
11	6
1	7
1	14
12	17
1	10
1	13
1	15
1	22
# tree 160
1	25
1	11
25	20
11	23
25	19
1	9
20	3
1	24
23	8
19	12
9	5
3	16
24	18
1	21
9	2
8	4
1	7
1	14
12	17
5	22
1	10
1	13
1	15
1	6
# tree 161
1	25
1	11
11	23
25	20
25	19
1	9
1	24
23	8
20	16
9	5
19	12
20	3
24	18
1	21
9	2
8	4
11	6
1	7
1	14
16	15
5	22
1	10
1	13
19	17
# tree 162
1	25
1	11
11	23
25	20
25	19
1	9
1	24
23	8
20	16
9	5
19	12
20	3
24	18
1	21
9	2
8	4
11	6
1	7
1	14
16	15
5	22
1	10
1	13
25	17
# tree 163
1	25
1	11
11	23
25	20
25	19
1	9
1	24
23	8
20	16
9	5
19	12
20	3
24	18
1	21
9	2
8	4
11	6
1	7
1	14
16	15
5	22
1	10
1	13
1	17
# tree 164
1	25
1	11
11	23
25	20
25	19
1	9
23	8
20	16
19	12
9	5
1	24
20	3
1	21
9	2
8	4
11	6
1	7
1	14
16	15
12	17
5	22
1	10
1	13
1	18
# tree 165
1	25
1	11
11	23
25	20
25	19
1	9
1	24
23	8
20	16
19	12
9	5
20	3
24	18
1	21
9	2
8	4
11	6
1	7
1	14
16	15
12	17
1	10
1	13
9	22
# tree 166
1	25
1	11
11	23
25	20
25	19
1	9
1	24
23	8
20	16
19	12
9	5
20	3
24	18
1	21
9	2
8	4
11	6
1	7
1	14
16	15
12	17
1	10
1	13
1	22
# tree 167
1	25
1	11
11	23
25	20
25	19
1	9
1	24
23	8
20	16
19	12
9	5
20	3
24	18
1	21
9	2
8	4
1	7
1	14
16	15
12	17
5	22
1	10
1	13
1	6
# tree 168
1	25
1	11
25	20
11	23
20	3
1	9
25	19
23	8
3	16
9	5
1	24
19	12
1	21
9	2
8	4
11	6
1	7
1	14
16	15
5	22
1	10
1	13
1	17
1	18
# tree 169
1	25
1	11
25	20
11	23
20	3
1	9
25	19
1	24
23	8
3	16
9	5
19	12
24	18
1	21
9	2
8	4
11	6
1	7
1	14
16	15
1	10
1	13
1	17
9	22
# tree 170
1	25
1	11
25	20
11	23
20	3
1	9
25	19
1	24
23	8
3	16
9	5
19	12
24	18
1	21
9	2
8	4
11	6
1	7
1	14
16	15
1	10
1	13
1	17
1	22
# tree 171
1	25
1	11
25	20
11	23
20	3
1	9
25	19
1	24
23	8
3	16
9	5
19	12
24	18
1	21
9	2
8	4
1	7
1	14
16	15
5	22
1	10
1	13
1	17
1	6
# tree 172
1	25
1	11
25	20
11	23
20	3
25	19
1	9
23	8
3	16
19	12
9	5
1	24
1	21
9	2
8	4
11	6
1	7
1	14
16	15
12	17
1	10
1	13
1	18
9	22
# tree 173
1	25
1	11
25	20
11	23
20	3
25	19
1	9
23	8
3	16
19	12
9	5
1	24
1	21
9	2
8	4
11	6
1	7
1	14
16	15
12	17
1	10
1	13
1	18
1	22
# tree 174
1	25
1	11
25	20
11	23
20	3
25	19
1	9
23	8
3	16
19	12
9	5
1	24
1	21
9	2
8	4
1	7
1	14
16	15
12	17
5	22
1	10
1	13
1	18
1	6
# tree 175
1	25
1	11
25	20
11	23
20	3
25	19
1	9
1	24
23	8
3	16
19	12
9	5
24	18
1	21
9	2
8	4
1	7
1	14
16	15
12	17
1	10
1	13
1	22
1	6
# tree 176
1	25
1	11
11	23
1	24
25	19
1	9
25	20
23	8
24	18
9	5
19	12
20	3
1	21
9	2
8	4
11	6
1	7
18	13
1	14
5	22
1	10
1	15
20	16
19	17
# tree 177
1	25
1	11
11	23
1	24
25	19
1	9
25	20
23	8
24	18
9	5
19	12
20	3
1	21
9	2
8	4
11	6
1	7
18	13
1	14
5	22
1	10
1	15
20	16
25	17
# tree 178
1	25
1	11
11	23
1	24
25	19
1	9
25	20
23	8
24	18
9	5
19	12
20	3
1	21
9	2
8	4
11	6
1	7
18	13
1	14
5	22
1	10
1	15
20	16
1	17
# tree 179
1	25
1	11
11	23
25	19
1	9
25	20
23	8
1	18
19	12
9	5
1	24
20	3
1	21
9	2
8	4
11	6
1	7
18	13
1	14
12	17
5	22
1	10
1	15
20	16
# tree 180
1	25
1	11
11	23
1	24
25	19
1	9
25	20
23	8
24	18
19	12
9	5
20	3
1	21
9	2
8	4
11	6
1	7
18	13
1	14
12	17
1	10
1	15
20	16
9	22
# tree 181
1	25
1	11
11	23
1	24
25	19
1	9
25	20
23	8
24	18
19	12
9	5
20	3
1	21
9	2
8	4
11	6
1	7
18	13
1	14
12	17
1	10
1	15
20	16
1	22
# tree 182
1	25
1	11
11	23
1	24
25	19
1	9
25	20
23	8
24	18
19	12
9	5
20	3
1	21
9	2
8	4
1	7
18	13
1	14
12	17
5	22
1	10
1	15
20	16
1	6
# tree 183
1	25
1	11
25	20
11	23
1	9
25	19
20	3
23	8
1	18
9	5
1	24
19	12
3	16
1	21
9	2
8	4
11	6
1	7
18	13
1	14
5	22
1	10
1	15
1	17
# tree 184
1	25
1	11
25	20
11	23
1	24
1	9
25	19
20	3
23	8
24	18
9	5
19	12
3	16
1	21
9	2
8	4
11	6
1	7
18	13
1	14
1	10
1	15
1	17
9	22
# tree 185
1	25
1	11
25	20
11	23
1	24
1	9
25	19
20	3
23	8
24	18
9	5
19	12
3	16
1	21
9	2
8	4
11	6
1	7
18	13
1	14
1	10
1	15
1	17
1	22
# tree 186
1	25
1	11
25	20
11	23
1	24
1	9
25	19
20	3
23	8
24	18
9	5
19	12
3	16
1	21
9	2
8	4
1	7
18	13
1	14
5	22
1	10
1	15
1	17
1	6
# tree 187
1	25
1	11
25	20
11	23
25	19
1	9
20	3
23	8
1	18
19	12
9	5
1	24
3	16
1	21
9	2
8	4
11	6
1	7
18	13
1	14
12	17
1	10
1	15
9	22
# tree 188
1	25
1	11
25	20
11	23
25	19
1	9
20	3
23	8
1	18
19	12
9	5
1	24
3	16
1	21
9	2
8	4
11	6
1	7
18	13
1	14
12	17
1	10
1	15
1	22
# tree 189
1	25
1	11
25	20
11	23
25	19
1	9
20	3
23	8
1	18
19	12
9	5
1	24
3	16
1	21
9	2
8	4
1	7
18	13
1	14
12	17
5	22
1	10
1	15
1	6
# tree 190
1	25
1	11
25	20
11	23
1	24
25	19
1	9
20	3
23	8
24	18
19	12
9	5
3	16
1	21
9	2
8	4
1	7
18	13
1	14
12	17
1	10
1	15
1	22
1	6
# tree 191
1	11
1	25
11	23
25	20
1	9
25	19
23	8
1	18
20	16
9	5
1	24
19	12
20	3
1	21
9	2
8	4
11	6
1	7
18	13
1	14
16	15
5	22
1	10
1	17
# tree 192
1	11
1	25
11	23
1	24
25	20
1	9
25	19
23	8
24	18
20	16
9	5
19	12
20	3
1	21
9	2
8	4
11	6
1	7
18	13
1	14
16	15
1	10
1	17
9	22
# tree 193
1	11
1	25
11	23
1	24
25	20
1	9
25	19
23	8
24	18
20	16
9	5
19	12
20	3
1	21
9	2
8	4
11	6
1	7
18	13
1	14
16	15
1	10
1	17
1	22
# tree 194
1	11
1	25
11	23
1	24
25	20
1	9
25	19
23	8
24	18
20	16
9	5
19	12
20	3
1	21
9	2
8	4
1	7
18	13
1	14
16	15
5	22
1	10
1	17
1	6
# tree 195
1	11
1	25
11	23
25	20
25	19
1	9
23	8
1	18
20	16
19	12
9	5
1	24
20	3
1	21
9	2
8	4
11	6
1	7
18	13
1	14
16	15
12	17
1	10
9	22
# tree 196
1	11
1	25
11	23
25	20
25	19
1	9
23	8
1	18
20	16
19	12
9	5
1	24
20	3
1	21
9	2
8	4
11	6
1	7
18	13
1	14
16	15
12	17
1	10
1	22
# tree 197
1	11
1	25
11	23
25	20
25	19
1	9
23	8
1	18
20	16
19	12
9	5
1	24
20	3
1	21
9	2
8	4
1	7
18	13
1	14
16	15
12	17
5	22
1	10
1	6
# tree 198
1	11
1	25
11	23
1	24
25	20
25	19
1	9
23	8
24	18
20	16
19	12
9	5
20	3
1	21
9	2
8	4
1	7
18	13
1	14
16	15
12	17
1	10
1	22
1	6
# tree 199
1	25
1	11
25	20
11	23
20	3
1	9
25	19
23	8
1	18
3	16
9	5
1	24
19	12
1	21
9	2
8	4
11	6
1	7
18	13
1	14
16	15
1	10
1	17
9	22
# tree 200
1	25
1	11
25	20
11	23
20	3
1	9
25	19
23	8
1	18
3	16
9	5
1	24
19	12
1	21
9	2
8	4
11	6
1	7
18	13
1	14
16	15
1	10
1	17
1	22
# tree 201
1	25
1	11
25	20
11	23
20	3
1	9
25	19
23	8
1	18
3	16
9	5
1	24
19	12
1	21
9	2
8	4
1	7
18	13
1	14
16	15
5	22
1	10
1	17
1	6
# tree 202
1	25
1	11
25	20
11	23
1	24
20	3
1	9
25	19
23	8
24	18
3	16
9	5
19	12
1	21
9	2
8	4
1	7
18	13
1	14
16	15
1	10
1	17
1	22
1	6
# tree 203
1	25
1	11
25	20
11	23
20	3
25	19
1	9
23	8
1	18
3	16
19	12
9	5
1	24
1	21
9	2
8	4
1	7
18	13
1	14
16	15
12	17
1	10
1	22
1	6
# tree 204
1	25
1	11
11	23
25	19
1	9
25	20
1	24
23	8
1	21
9	5
19	12
20	3
24	18
9	2
8	4
11	6
1	7
21	10
1	14
5	22
1	13
1	15
20	16
19	17
# tree 205
1	25
1	11
11	23
25	19
1	9
25	20
1	24
23	8
1	21
9	5
19	12
20	3
24	18
9	2
8	4
11	6
1	7
21	10
1	14
5	22
1	13
1	15
20	16
25	17
# tree 206
1	25
1	11
11	23
25	19
1	9
25	20
1	24
23	8
1	21
9	5
19	12
20	3
24	18
9	2
8	4
11	6
1	7
21	10
1	14
5	22
1	13
1	15
20	16
1	17
# tree 207
1	25
1	11
11	23
25	19
1	9
25	20
23	8
1	21
19	12
9	5
1	24
20	3
9	2
8	4
11	6
1	7
21	10
1	14
12	17
5	22
1	13
1	15
20	16
1	18
# tree 208
1	25
1	11
11	23
25	19
1	9
25	20
1	24
23	8
1	21
19	12
9	5
20	3
24	18
9	2
8	4
11	6
1	7
21	10
1	14
12	17
1	13
1	15
20	16
9	22
# tree 209
1	25
1	11
11	23
25	19
1	9
25	20
1	24
23	8
1	21
19	12
9	5
20	3
24	18
9	2
8	4
11	6
1	7
21	10
1	14
12	17
1	13
1	15
20	16
1	22
# tree 210
1	25
1	11
11	23
25	19
1	9
25	20
1	24
23	8
1	21
19	12
9	5
20	3
24	18
9	2
8	4
1	7
21	10
1	14
12	17
5	22
1	13
1	15
20	16
1	6
# tree 211
1	25
1	11
25	20
11	23
1	9
25	19
20	3
23	8
1	21
9	5
1	24
19	12
3	16
9	2
8	4
11	6
1	7
21	10
1	14
5	22
1	13
1	15
1	17
1	18
# tree 212
1	25
1	11
25	20
11	23
1	9
25	19
20	3
1	24
23	8
1	21
9	5
19	12
3	16
24	18
9	2
8	4
11	6
1	7
21	10
1	14
1	13
1	15
1	17
9	22
# tree 213
1	25
1	11
25	20
11	23
1	9
25	19
20	3
1	24
23	8
1	21
9	5
19	12
3	16
24	18
9	2
8	4
11	6
1	7
21	10
1	14
1	13
1	15
1	17
1	22
# tree 214
1	25
1	11
25	20
11	23
1	9
25	19
20	3
1	24
23	8
1	21
9	5
19	12
3	16
24	18
9	2
8	4
1	7
21	10
1	14
5	22
1	13
1	15
1	17
1	6
# tree 215
1	25
1	11
25	20
11	23
25	19
1	9
20	3
23	8
1	21
19	12
9	5
1	24
3	16
9	2
8	4
11	6
1	7
21	10
1	14
12	17
1	13
1	15
1	18
9	22
# tree 216
1	25
1	11
25	20
11	23
25	19
1	9
20	3
23	8
1	21
19	12
9	5
1	24
3	16
9	2
8	4
11	6
1	7
21	10
1	14
12	17
1	13
1	15
1	18
1	22
# tree 217
1	25
1	11
25	20
11	23
25	19
1	9
20	3
23	8
1	21
19	12
9	5
1	24
3	16
9	2
8	4
1	7
21	10
1	14
12	17
5	22
1	13
1	15
1	18
1	6
# tree 218
1	25
1	11
25	20
11	23
25	19
1	9
20	3
1	24
23	8
1	21
19	12
9	5
3	16
24	18
9	2
8	4
1	7
21	10
1	14
12	17
1	13
1	15
1	22
1	6
# tree 219
1	11
1	25
11	23
25	20
1	9
25	19
23	8
1	21
20	16
9	5
1	24
19	12
20	3
9	2
8	4
11	6
1	7
21	10
1	14
16	15
5	22
1	13
1	17
1	18
# tree 220
1	11
1	25
11	23
25	20
1	9
25	19
1	24
23	8
1	21
20	16
9	5
19	12
20	3
24	18
9	2
8	4
11	6
1	7
21	10
1	14
16	15
1	13
1	17
9	22
# tree 221
1	11
1	25
11	23
25	20
1	9
25	19
1	24
23	8
1	21
20	16
9	5
19	12
20	3
24	18
9	2
8	4
11	6
1	7
21	10
1	14
16	15
1	13
1	17
1	22
# tree 222
1	11
1	25
11	23
25	20
1	9
25	19
1	24
23	8
1	21
20	16
9	5
19	12
20	3
24	18
9	2
8	4
1	7
21	10
1	14
16	15
5	22
1	13
1	17
1	6
# tree 223
1	11
1	25
11	23
25	20
25	19
1	9
23	8
1	21
20	16
19	12
9	5
1	24
20	3
9	2
8	4
11	6
1	7
21	10
1	14
16	15
12	17
1	13
1	18
9	22
# tree 224
1	11
1	25
11	23
25	20
25	19
1	9
23	8
1	21
20	16
19	12
9	5
1	24
20	3
9	2
8	4
11	6
1	7
21	10
1	14
16	15
12	17
1	13
1	18
1	22
# tree 225
1	11
1	25
11	23
25	20
25	19
1	9
23	8
1	21
20	16
19	12
9	5
1	24
20	3
9	2
8	4
1	7
21	10
1	14
16	15
12	17
5	22
1	13
1	18
1	6
# tree 226
1	11
1	25
11	23
25	20
25	19
1	9
1	24
23	8
1	21
20	16
19	12
9	5
20	3
24	18
9	2
8	4
1	7
21	10
1	14
16	15
12	17
1	13
1	22
1	6
# tree 227
1	25
1	11
25	20
11	23
20	3
1	9
25	19
23	8
1	21
3	16
9	5
1	24
19	12
9	2
8	4
11	6
1	7
21	10
1	14
16	15
1	13
1	17
1	18
9	22
# tree 228
1	25
1	11
25	20
11	23
20	3
1	9
25	19
23	8
1	21
3	16
9	5
1	24
19	12
9	2
8	4
11	6
1	7
21	10
1	14
16	15
1	13
1	17
1	18
1	22
# tree 229
1	25
1	11
25	20
11	23
20	3
1	9
25	19
23	8
1	21
3	16
9	5
1	24
19	12
9	2
8	4
1	7
21	10
1	14
16	15
5	22
1	13
1	17
1	18
1	6
# tree 230
1	25
1	11
25	20
11	23
20	3
1	9
25	19
1	24
23	8
1	21
3	16
9	5
19	12
24	18
9	2
8	4
1	7
21	10
1	14
16	15
1	13
1	17
1	22
1	6
# tree 231
1	25
1	11
25	20
11	23
20	3
25	19
1	9
23	8
1	21
3	16
19	12
9	5
1	24
9	2
8	4
1	7
21	10
1	14
16	15
12	17
1	13
1	18
1	22
1	6
# tree 232
1	11
1	25
11	23
1	9
25	19
25	20
23	8
1	21
1	18
9	5
1	24
19	12
20	3
9	2
8	4
11	6
1	7
21	10
18	13
1	14
5	22
1	15
20	16
1	17
# tree 233
1	11
1	25
11	23
1	24
1	9
25	19
25	20
23	8
1	21
24	18
9	5
19	12
20	3
9	2
8	4
11	6
1	7
21	10
18	13
1	14
1	15
20	16
1	17
9	22
# tree 234
1	11
1	25
11	23
1	24
1	9
25	19
25	20
23	8
1	21
24	18
9	5
19	12
20	3
9	2
8	4
11	6
1	7
21	10
18	13
1	14
1	15
20	16
1	17
1	22
# tree 235
1	11
1	25
11	23
1	24
1	9
25	19
25	20
23	8
1	21
24	18
9	5
19	12
20	3
9	2
8	4
1	7
21	10
18	13
1	14
5	22
1	15
20	16
1	17
1	6
# tree 236
1	11
1	25
11	23
25	19
1	9
25	20
23	8
1	21
1	18
19	12
9	5
1	24
20	3
9	2
8	4
11	6
1	7
21	10
18	13
1	14
12	17
1	15
20	16
9	22
# tree 237
1	11
1	25
11	23
25	19
1	9
25	20
23	8
1	21
1	18
19	12
9	5
1	24
20	3
9	2
8	4
11	6
1	7
21	10
18	13
1	14
12	17
1	15
20	16
1	22
# tree 238
1	11
1	25
11	23
25	19
1	9
25	20
23	8
1	21
1	18
19	12
9	5
1	24
20	3
9	2
8	4
1	7
21	10
18	13
1	14
12	17
5	22
1	15
20	16
1	6
# tree 239
1	11
1	25
11	23
1	24
25	19
1	9
25	20
23	8
1	21
24	18
19	12
9	5
20	3
9	2
8	4
1	7
21	10
18	13
1	14
12	17
1	15
20	16
1	22
1	6
# tree 240
1	25
1	11
25	20
11	23
1	9
25	19
20	3
23	8
1	21
1	18
9	5
1	24
19	12
3	16
9	2
8	4
11	6
1	7
21	10
18	13
1	14
1	15
1	17
9	22
# tree 241
1	25
1	11
25	20
11	23
1	9
25	19
20	3
23	8
1	21
1	18
9	5
1	24
19	12
3	16
9	2
8	4
11	6
1	7
21	10
18	13
1	14
1	15
1	17
1	22
# tree 242
1	25
1	11
25	20
11	23
1	9
25	19
20	3
23	8
1	21
1	18
9	5
1	24
19	12
3	16
9	2
8	4
1	7
21	10
18	13
1	14
5	22
1	15
1	17
1	6
# tree 243
1	25
1	11
25	20
11	23
1	24
1	9
25	19
20	3
23	8
1	21
24	18
9	5
19	12
3	16
9	2
8	4
1	7
21	10
18	13
1	14
1	15
1	17
1	22
1	6
# tree 244
1	25
1	11
25	20
11	23
25	19
1	9
20	3
23	8
1	21
1	18
19	12
9	5
1	24
3	16
9	2
8	4
1	7
21	10
18	13
1	14
12	17
1	15
1	22
1	6
# tree 245
1	11
1	25
11	23
25	20
1	9
25	19
23	8
1	21
1	18
20	16
9	5
1	24
19	12
20	3
9	2
8	4
11	6
1	7
21	10
18	13
1	14
16	15
1	17
9	22
# tree 246
1	11
1	25
11	23
25	20
1	9
25	19
23	8
1	21
1	18
20	16
9	5
1	24
19	12
20	3
9	2
8	4
11	6
1	7
21	10
18	13
1	14
16	15
1	17
1	22
# tree 247
1	11
1	25
11	23
25	20
1	9
25	19
23	8
1	21
1	18
20	16
9	5
1	24
19	12
20	3
9	2
8	4
1	7
21	10
18	13
1	14
16	15
5	22
1	17
1	6
# tree 248
1	11
1	25
11	23
1	24
25	20
1	9
25	19
23	8
1	21
24	18
20	16
9	5
19	12
20	3
9	2
8	4
1	7
21	10
18	13
1	14
16	15
1	17
1	22
1	6
# tree 249
1	11
1	25
11	23
25	20
25	19
1	9
23	8
1	21
1	18
20	16
19	12
9	5
1	24
20	3
9	2
8	4
1	7
21	10
18	13
1	14
16	15
12	17
1	22
1	6
# tree 250
1	25
1	11
25	20
11	23
20	3
1	9
25	19
23	8
1	21
1	18
3	16
9	5
1	24
19	12
9	2
8	4
1	7
21	10
18	13
1	14
16	15
1	17
1	22
1	6
# tree 251
1	25
1	11
11	23
25	19
1	9
25	20
1	24
23	8
9	5
19	12
20	3
24	18
1	21
9	2
8	4
11	6
1	7
1	14
5	22
1	10
1	13
1	15
20	16
19	17
# tree 252
1	25
1	11
11	23
25	19
1	9
25	20
1	24
23	8
9	5
19	12
20	3
24	18
1	21
9	2
8	4
11	6
1	7
1	14
5	22
1	10
1	13
1	15
20	16
25	17
# tree 253
1	25
1	11
11	23
25	19
1	9
25	20
1	24
23	8
9	5
19	12
20	3
24	18
1	21
9	2
8	4
11	6
1	7
1	14
5	22
1	10
1	13
1	15
20	16
1	17
# tree 254
1	25
1	11
11	23
25	19
1	9
25	20
23	8
19	12
9	5
1	24
20	3
1	21
9	2
8	4
11	6
1	7
1	14
12	17
5	22
1	10
1	13
1	15
20	16
1	18
# tree 255
1	25
1	11
11	23
25	19
1	9
25	20
1	24
23	8
19	12
9	5
20	3
24	18
1	21
9	2
8	4
11	6
1	7
1	14
12	17
1	10
1	13
1	15
20	16
9	22
# tree 256
1	25
1	11
11	23
25	19
1	9
25	20
1	24
23	8
19	12
9	5
20	3
24	18
1	21
9	2
8	4
11	6
1	7
1	14
12	17
1	10
1	13
1	15
20	16
1	22
# tree 257
1	25
1	11
11	23
25	19
1	9
25	20
1	24
23	8
19	12
9	5
20	3
24	18
1	21
9	2
8	4
1	7
1	14
12	17
5	22
1	10
1	13
1	15
20	16
1	6
# tree 258
1	25
1	11
25	20
11	23
1	9
25	19
20	3
23	8
9	5
1	24
19	12
3	16
1	21
9	2
8	4
11	6
1	7
1	14
5	22
1	10
1	13
1	15
1	17
1	18
# tree 259
1	25
1	11
25	20
11	23
1	9
25	19
20	3
1	24
23	8
9	5
19	12
3	16
24	18
1	21
9	2
8	4
11	6
1	7
1	14
1	10
1	13
1	15
1	17
9	22
# tree 260
1	25
1	11
25	20
11	23
1	9
25	19
20	3
1	24
23	8
9	5
19	12
3	16
24	18
1	21
9	2
8	4
11	6
1	7
1	14
1	10
1	13
1	15
1	17
1	22
# tree 261
1	25
1	11
25	20
11	23
1	9
25	19
20	3
1	24
23	8
9	5
19	12
3	16
24	18
1	21
9	2
8	4
1	7
1	14
5	22
1	10
1	13
1	15
1	17
1	6
# tree 262
1	25
1	11
25	20
11	23
25	19
1	9
20	3
23	8
19	12
9	5
1	24
3	16
1	21
9	2
8	4
11	6
1	7
1	14
12	17
1	10
1	13
1	15
1	18
9	22
# tree 263
1	25
1	11
25	20
11	23
25	19
1	9
20	3
23	8
19	12
9	5
1	24
3	16
1	21
9	2
8	4
11	6
1	7
1	14
12	17
1	10
1	13
1	15
1	18
1	22
# tree 264
1	25
1	11
25	20
11	23
25	19
1	9
20	3
23	8
19	12
9	5
1	24
3	16
1	21
9	2
8	4
1	7
1	14
12	17
5	22
1	10
1	13
1	15
1	18
1	6
# tree 265
1	25
1	11
25	20
11	23
25	19
1	9
20	3
1	24
23	8
19	12
9	5
3	16
24	18
1	21
9	2
8	4
1	7
1	14
12	17
1	10
1	13
1	15
1	22
1	6
# tree 266
1	11
1	25
11	23
25	20
1	9
25	19
23	8
20	16
9	5
1	24
19	12
20	3
1	21
9	2
8	4
11	6
1	7
1	14
16	15
5	22
1	10
1	13
1	17
1	18
# tree 267
1	11
1	25
11	23
25	20
1	9
25	19
1	24
23	8
20	16
9	5
19	12
20	3
24	18
1	21
9	2
8	4
11	6
1	7
1	14
16	15
1	10
1	13
1	17
9	22
# tree 268
1	11
1	25
11	23
25	20
1	9
25	19
1	24
23	8
20	16
9	5
19	12
20	3
24	18
1	21
9	2
8	4
11	6
1	7
1	14
16	15
1	10
1	13
1	17
1	22
# tree 269
1	11
1	25
11	23
25	20
1	9
25	19
1	24
23	8
20	16
9	5
19	12
20	3
24	18
1	21
9	2
8	4
1	7
1	14
16	15
5	22
1	10
1	13
1	17
1	6
# tree 270
1	11
1	25
11	23
25	20
25	19
1	9
23	8
20	16
19	12
9	5
1	24
20	3
1	21
9	2
8	4
11	6
1	7
1	14
16	15
12	17
1	10
1	13
1	18
9	22
# tree 271
1	11
1	25
11	23
25	20
25	19
1	9
23	8
20	16
19	12
9	5
1	24
20	3
1	21
9	2
8	4
11	6
1	7
1	14
16	15
12	17
1	10
1	13
1	18
1	22
# tree 272
1	11
1	25
11	23
25	20
25	19
1	9
23	8
20	16
19	12
9	5
1	24
20	3
1	21
9	2
8	4
1	7
1	14
16	15
12	17
5	22
1	10
1	13
1	18
1	6
# tree 273
1	11
1	25
11	23
25	20
25	19
1	9
1	24
23	8
20	16
19	12
9	5
20	3
24	18
1	21
9	2
8	4
1	7
1	14
16	15
12	17
1	10
1	13
1	22
1	6
# tree 274
1	25
1	11
25	20
11	23
20	3
1	9
25	19
23	8
3	16
9	5
1	24
19	12
1	21
9	2
8	4
11	6
1	7
1	14
16	15
1	10
1	13
1	17
1	18
9	22
# tree 275
1	25
1	11
25	20
11	23
20	3
1	9
25	19
23	8
3	16
9	5
1	24
19	12
1	21
9	2
8	4
11	6
1	7
1	14
16	15
1	10
1	13
1	17
1	18
1	22
# tree 276
1	25
1	11
25	20
11	23
20	3
1	9
25	19
23	8
3	16
9	5
1	24
19	12
1	21
9	2
8	4
1	7
1	14
16	15
5	22
1	10
1	13
1	17
1	18
1	6
# tree 277
1	25
1	11
25	20
11	23
20	3
1	9
25	19
1	24
23	8
3	16
9	5
19	12
24	18
1	21
9	2
8	4
1	7
1	14
16	15
1	10
1	13
1	17
1	22
1	6
# tree 278
1	25
1	11
25	20
11	23
20	3
25	19
1	9
23	8
3	16
19	12
9	5
1	24
1	21
9	2
8	4
1	7
1	14
16	15
12	17
1	10
1	13
1	18
1	22
1	6
# tree 279
1	11
1	25
11	23
1	9
25	19
25	20
23	8
1	18
9	5
1	24
19	12
20	3
1	21
9	2
8	4
11	6
1	7
18	13
1	14
5	22
1	10
1	15
20	16
1	17
# tree 280
1	11
1	25
11	23
1	24
1	9
25	19
25	20
23	8
24	18
9	5
19	12
20	3
1	21
9	2
8	4
11	6
1	7
18	13
1	14
1	10
1	15
20	16
1	17
9	22
# tree 281
1	11
1	25
11	23
1	24
1	9
25	19
25	20
23	8
24	18
9	5
19	12
20	3
1	21
9	2
8	4
11	6
1	7
18	13
1	14
1	10
1	15
20	16
1	17
1	22
# tree 282
1	11
1	25
11	23
1	24
1	9
25	19
25	20
23	8
24	18
9	5
19	12
20	3
1	21
9	2
8	4
1	7
18	13
1	14
5	22
1	10
1	15
20	16
1	17
1	6
# tree 283
1	11
1	25
11	23
25	19
1	9
25	20
23	8
1	18
19	12
9	5
1	24
20	3
1	21
9	2
8	4
11	6
1	7
18	13
1	14
12	17
1	10
1	15
20	16
9	22
# tree 284
1	11
1	25
11	23
25	19
1	9
25	20
23	8
1	18
19	12
9	5
1	24
20	3
1	21
9	2
8	4
11	6
1	7
18	13
1	14
12	17
1	10
1	15
20	16
1	22
# tree 285
1	11
1	25
11	23
25	19
1	9
25	20
23	8
1	18
19	12
9	5
1	24
20	3
1	21
9	2
8	4
1	7
18	13
1	14
12	17
5	22
1	10
1	15
20	16
1	6
# tree 286
1	11
1	25
11	23
1	24
25	19
1	9
25	20
23	8
24	18
19	12
9	5
20	3
1	21
9	2
8	4
1	7
18	13
1	14
12	17
1	10
1	15
20	16
1	22
1	6
# tree 287
1	25
1	11
25	20
11	23
1	9
25	19
20	3
23	8
1	18
9	5
1	24
19	12
3	16
1	21
9	2
8	4
11	6
1	7
18	13
1	14
1	10
1	15
1	17
9	22
# tree 288
1	25
1	11
25	20
11	23
1	9
25	19
20	3
23	8
1	18
9	5
1	24
19	12
3	16
1	21
9	2
8	4
11	6
1	7
18	13
1	14
1	10
1	15
1	17
1	22
# tree 289
1	25
1	11
25	20
11	23
1	9
25	19
20	3
23	8
1	18
9	5
1	24
19	12
3	16
1	21
9	2
8	4
1	7
18	13
1	14
5	22
1	10
1	15
1	17
1	6
# tree 290
1	25
1	11
25	20
11	23
1	24
1	9
25	19
20	3
23	8
24	18
9	5
19	12
3	16
1	21
9	2
8	4
1	7
18	13
1	14
1	10
1	15
1	17
1	22
1	6
# tree 291
1	25
1	11
25	20
11	23
25	19
1	9
20	3
23	8
1	18
19	12
9	5
1	24
3	16
1	21
9	2
8	4
1	7
18	13
1	14
12	17
1	10
1	15
1	22
1	6
# tree 292
1	11
1	25
11	23
25	20
1	9
25	19
23	8
1	18
20	16
9	5
1	24
19	12
20	3
1	21
9	2
8	4
11	6
1	7
18	13
1	14
16	15
1	10
1	17
9	22
# tree 293
1	11
1	25
11	23
25	20
1	9
25	19
23	8
1	18
20	16
9	5
1	24
19	12
20	3
1	21
9	2
8	4
11	6
1	7
18	13
1	14
16	15
1	10
1	17
1	22
# tree 294
1	11
1	25
11	23
25	20
1	9
25	19
23	8
1	18
20	16
9	5
1	24
19	12
20	3
1	21
9	2
8	4
1	7
18	13
1	14
16	15
5	22
1	10
1	17
1	6
# tree 295
1	11
1	25
11	23
1	24
25	20
1	9
25	19
23	8
24	18
20	16
9	5
19	12
20	3
1	21
9	2
8	4
1	7
18	13
1	14
16	15
1	10
1	17
1	22
1	6
# tree 296
1	11
1	25
11	23
25	20
25	19
1	9
23	8
1	18
20	16
19	12
9	5
1	24
20	3
1	21
9	2
8	4
1	7
18	13
1	14
16	15
12	17
1	10
1	22
1	6
# tree 297
1	25
1	11
25	20
11	23
20	3
1	9
25	19
23	8
1	18
3	16
9	5
1	24
19	12
1	21
9	2
8	4
1	7
18	13
1	14
16	15
1	10
1	17
1	22
1	6
# tree 298
1	11
1	25
11	23
1	9
25	19
25	20
23	8
1	21
9	5
1	24
19	12
20	3
9	2
8	4
11	6
1	7
21	10
1	14
5	22
1	13
1	15
20	16
1	17
1	18
# tree 299
1	11
1	25
11	23
1	9
25	19
25	20
1	24
23	8
1	21
9	5
19	12
20	3
24	18
9	2
8	4
11	6
1	7
21	10
1	14
1	13
1	15
20	16
1	17
9	22
# tree 300
1	11
1	25
11	23
1	9
25	19
25	20
1	24
23	8
1	21
9	5
19	12
20	3
24	18
9	2
8	4
11	6
1	7
21	10
1	14
1	13
1	15
20	16
1	17
1	22
# tree 301
1	11
1	25
11	23
1	9
25	19
25	20
1	24
23	8
1	21
9	5
19	12
20	3
24	18
9	2
8	4
1	7
21	10
1	14
5	22
1	13
1	15
20	16
1	17
1	6
# tree 302
1	11
1	25
11	23
25	19
1	9
25	20
23	8
1	21
19	12
9	5
1	24
20	3
9	2
8	4
11	6
1	7
21	10
1	14
12	17
1	13
1	15
20	16
1	18
9	22
# tree 303
1	11
1	25
11	23
25	19
1	9
25	20
23	8
1	21
19	12
9	5
1	24
20	3
9	2
8	4
11	6
1	7
21	10
1	14
12	17
1	13
1	15
20	16
1	18
1	22
# tree 304
1	11
1	25
11	23
25	19
1	9
25	20
23	8
1	21
19	12
9	5
1	24
20	3
9	2
8	4
1	7
21	10
1	14
12	17
5	22
1	13
1	15
20	16
1	18
1	6
# tree 305
1	11
1	25
11	23
25	19
1	9
25	20
1	24
23	8
1	21
19	12
9	5
20	3
24	18
9	2
8	4
1	7
21	10
1	14
12	17
1	13
1	15
20	16
1	22
1	6
# tree 306
1	25
1	11
25	20
11	23
1	9
25	19
20	3
23	8
1	21
9	5
1	24
19	12
3	16
9	2
8	4
11	6
1	7
21	10
1	14
1	13
1	15
1	17
1	18
9	22
# tree 307
1	25
1	11
25	20
11	23
1	9
25	19
20	3
23	8
1	21
9	5
1	24
19	12
3	16
9	2
8	4
11	6
1	7
21	10
1	14
1	13
1	15
1	17
1	18
1	22
# tree 308
1	25
1	11
25	20
11	23
1	9
25	19
20	3
23	8
1	21
9	5
1	24
19	12
3	16
9	2
8	4
1	7
21	10
1	14
5	22
1	13
1	15
1	17
1	18
1	6
# tree 309
1	25
1	11
25	20
11	23
1	9
25	19
20	3
1	24
23	8
1	21
9	5
19	12
3	16
24	18
9	2
8	4
1	7
21	10
1	14
1	13
1	15
1	17
1	22
1	6
# tree 310
1	25
1	11
25	20
11	23
25	19
1	9
20	3
23	8
1	21
19	12
9	5
1	24
3	16
9	2
8	4
1	7
21	10
1	14
12	17
1	13
1	15
1	18
1	22
1	6
# tree 311
1	11
1	25
11	23
25	20
1	9
25	19
23	8
1	21
20	16
9	5
1	24
19	12
20	3
9	2
8	4
11	6
1	7
21	10
1	14
16	15
1	13
1	17
1	18
9	22
# tree 312
1	11
1	25
11	23
25	20
1	9
25	19
23	8
1	21
20	16
9	5
1	24
19	12
20	3
9	2
8	4
11	6
1	7
21	10
1	14
16	15
1	13
1	17
1	18
1	22
# tree 313
1	11
1	25
11	23
25	20
1	9
25	19
23	8
1	21
20	16
9	5
1	24
19	12
20	3
9	2
8	4
1	7
21	10
1	14
16	15
5	22
1	13
1	17
1	18
1	6
# tree 314
1	11
1	25
11	23
25	20
1	9
25	19
1	24
23	8
1	21
20	16
9	5
19	12
20	3
24	18
9	2
8	4
1	7
21	10
1	14
16	15
1	13
1	17
1	22
1	6
# tree 315
1	11
1	25
11	23
25	20
25	19
1	9
23	8
1	21
20	16
19	12
9	5
1	24
20	3
9	2
8	4
1	7
21	10
1	14
16	15
12	17
1	13
1	18
1	22
1	6
# tree 316
1	25
1	11
25	20
11	23
20	3
1	9
25	19
23	8
1	21
3	16
9	5
1	24
19	12
9	2
8	4
1	7
21	10
1	14
16	15
1	13
1	17
1	18
1	22
1	6
# tree 317
1	11
1	25
11	23
1	9
25	19
25	20
23	8
1	21
1	18
9	5
1	24
19	12
20	3
9	2
8	4
11	6
1	7
21	10
18	13
1	14
1	15
20	16
1	17
9	22
# tree 318
1	11
1	25
11	23
1	9
25	19
25	20
23	8
1	21
1	18
9	5
1	24
19	12
20	3
9	2
8	4
11	6
1	7
21	10
18	13
1	14
1	15
20	16
1	17
1	22
# tree 319
1	11
1	25
11	23
1	9
25	19
25	20
23	8
1	21
1	18
9	5
1	24
19	12
20	3
9	2
8	4
1	7
21	10
18	13
1	14
5	22
1	15
20	16
1	17
1	6
# tree 320
1	11
1	25
11	23
1	24
1	9
25	19
25	20
23	8
1	21
24	18
9	5
19	12
20	3
9	2
8	4
1	7
21	10
18	13
1	14
1	15
20	16
1	17
1	22
1	6
# tree 321
1	11
1	25
11	23
25	19
1	9
25	20
23	8
1	21
1	18
19	12
9	5
1	24
20	3
9	2
8	4
1	7
21	10
18	13
1	14
12	17
1	15
20	16
1	22
1	6
# tree 322
1	25
1	11
25	20
11	23
1	9
25	19
20	3
23	8
1	21
1	18
9	5
1	24
19	12
3	16
9	2
8	4
1	7
21	10
18	13
1	14
1	15
1	17
1	22
1	6
# tree 323
1	11
1	25
11	23
25	20
1	9
25	19
23	8
1	21
1	18
20	16
9	5
1	24
19	12
20	3
9	2
8	4
1	7
21	10
18	13
1	14
16	15
1	17
1	22
1	6
