### 747 trees
# tree 1
1	0
0	3
10	4
1	6
17	7
7	8
6	9
17	10
10	12
10	13
9	17
3	15
6	2
12	5
1	11
13	14
8	16
4	18
# tree 2
1	0
17	10
9	17
17	7
1	6
6	9
0	3
10	12
10	13
7	8
10	4
1	11
3	15
12	5
13	14
8	16
4	18
11	2
# tree 3
1	0
9	17
17	7
1	6
17	10
6	9
0	3
10	12
10	13
7	8
17	4
3	15
6	2
12	5
1	11
13	14
8	16
4	18
# tree 4
1	0
9	17
17	7
1	6
17	10
6	9
0	3
10	12
10	13
7	8
9	4
3	15
6	2
12	5
1	11
13	14
8	16
4	18
# tree 5
1	0
17	10
9	17
17	7
1	6
6	9
0	3
10	13
7	8
10	4
10	12
3	15
6	2
1	11
13	14
8	16
4	18
17	5
# tree 6
1	0
17	10
9	17
17	7
1	6
6	9
0	3
10	13
7	8
10	4
10	12
3	15
6	2
1	11
13	14
8	16
4	18
10	5
# tree 7
1	0
17	10
9	17
17	7
1	6
6	9
0	3
10	13
7	8
10	4
10	12
3	15
6	2
1	11
13	14
8	16
4	18
9	5
# tree 8
1	0
17	10
6	7
1	6
9	17
6	9
0	3
10	12
10	13
7	8
10	4
3	15
6	2
12	5
1	11
13	14
8	16
4	18
# tree 9
1	0
17	10
9	7
1	6
9	17
6	9
0	3
10	12
10	13
7	8
10	4
3	15
6	2
12	5
1	11
13	14
8	16
4	18
# tree 10
1	0
17	10
9	17
1	6
6	9
0	3
10	12
10	13
1	8
10	4
17	7
3	15
6	2
12	5
1	11
13	14
8	16
4	18
# tree 11
1	0
17	10
9	17
1	6
6	9
0	3
10	12
10	13
17	8
10	4
17	7
3	15
6	2
12	5
1	11
13	14
8	16
4	18
# tree 12
1	0
17	10
9	17
1	6
6	9
0	3
10	12
10	13
6	8
10	4
17	7
3	15
6	2
12	5
1	11
13	14
8	16
4	18
# tree 13
1	0
17	10
9	17
1	6
6	9
0	3
10	12
10	13
9	8
10	4
17	7
3	15
6	2
12	5
1	11
13	14
8	16
4	18
# tree 14
1	0
17	10
9	17
17	7
1	6
6	9
0	3
17	12
10	13
7	8
10	4
3	15
6	2
12	5
1	11
13	14
8	16
4	18
# tree 15
1	0
17	10
9	17
17	7
1	6
6	9
0	3
9	12
10	13
7	8
10	4
3	15
6	2
12	5
1	11
13	14
8	16
4	18
# tree 16
1	0
17	10
9	17
17	7
1	6
6	9
0	3
10	12
17	13
7	8
10	4
3	15
6	2
12	5
1	11
13	14
8	16
4	18
# tree 17
1	0
17	10
9	17
17	7
1	6
6	9
0	3
10	12
7	8
10	4
10	13
3	15
6	2
12	5
1	11
8	16
4	18
17	14
# tree 18
1	0
17	10
9	17
17	7
1	6
6	9
0	3
10	12
7	8
10	4
10	13
3	15
6	2
12	5
1	11
8	16
4	18
10	14
# tree 19
1	0
17	10
9	17
17	7
1	6
6	9
10	12
10	13
7	8
10	4
0	3
6	2
12	5
1	11
13	14
8	16
4	18
0	15
# tree 20
1	0
17	10
9	17
17	7
1	6
6	9
0	3
10	12
10	13
10	4
7	8
3	15
6	2
12	5
1	11
13	14
4	18
1	16
# tree 21
1	0
17	10
9	17
17	7
1	6
6	9
0	3
10	12
10	13
10	4
7	8
3	15
6	2
12	5
1	11
13	14
4	18
17	16
# tree 22
1	0
17	10
9	17
17	7
1	6
6	9
0	3
10	12
10	13
10	4
7	8
3	15
6	2
12	5
1	11
13	14
4	18
7	16
# tree 23
1	0
17	10
9	17
17	7
1	6
6	9
0	3
10	12
10	13
10	4
7	8
3	15
6	2
12	5
1	11
13	14
4	18
6	16
# tree 24
1	0
17	10
9	17
17	7
1	6
6	9
0	3
10	12
10	13
10	4
7	8
3	15
6	2
12	5
1	11
13	14
4	18
9	16
# tree 25
1	0
17	10
9	17
17	7
1	6
6	9
0	3
10	12
10	13
7	8
10	4
3	15
6	2
12	5
1	11
13	14
8	16
10	18
# tree 26
1	0
17	10
9	17
17	7
1	6
6	9
0	3
10	12
10	13
7	8
10	4
3	15
6	2
12	5
1	11
13	14
8	16
17	18
# tree 27
1	0
17	10
9	17
17	7
1	6
6	9
0	3
10	12
10	13
7	8
10	4
3	15
6	2
12	5
1	11
13	14
8	16
9	18
# tree 28
9	17
6	9
1	6
1	0
17	7
17	10
0	3
9	12
17	13
7	8
10	4
3	15
6	2
12	5
1	11
13	14
8	16
4	18
# tree 29
9	17
6	9
1	6
1	0
17	10
17	7
0	3
9	12
7	8
10	4
10	13
3	15
6	2
12	5
1	11
8	16
4	18
17	14
# tree 30
9	17
6	9
1	6
1	0
17	10
17	7
0	3
9	12
7	8
10	4
10	13
3	15
6	2
12	5
1	11
8	16
4	18
10	14
# tree 31
9	17
6	9
1	6
1	0
17	10
17	7
9	12
10	13
7	8
10	4
0	3
6	2
12	5
1	11
13	14
8	16
4	18
0	15
# tree 32
9	17
6	9
1	6
1	0
17	10
17	7
0	3
9	12
10	13
10	4
7	8
3	15
6	2
12	5
1	11
13	14
4	18
1	16
# tree 33
9	17
6	9
1	6
1	0
17	10
17	7
0	3
9	12
10	13
10	4
7	8
3	15
6	2
12	5
1	11
13	14
4	18
17	16
# tree 34
9	17
6	9
1	6
1	0
17	10
17	7
0	3
9	12
10	13
10	4
7	8
3	15
6	2
12	5
1	11
13	14
4	18
7	16
# tree 35
9	17
6	9
1	6
1	0
17	10
17	7
0	3
9	12
10	13
10	4
7	8
3	15
6	2
12	5
1	11
13	14
4	18
6	16
# tree 36
9	17
6	9
1	6
1	0
17	10
17	7
0	3
9	12
10	13
10	4
7	8
3	15
6	2
12	5
1	11
13	14
4	18
9	16
# tree 37
9	17
6	9
1	6
1	0
17	10
17	7
0	3
9	12
10	13
7	8
10	4
3	15
6	2
12	5
1	11
13	14
8	16
10	18
# tree 38
9	17
6	9
1	6
1	0
17	10
17	7
0	3
9	12
10	13
7	8
10	4
3	15
6	2
12	5
1	11
13	14
8	16
17	18
# tree 39
9	17
6	9
1	6
1	0
17	10
17	7
0	3
9	12
10	13
7	8
10	4
3	15
6	2
12	5
1	11
13	14
8	16
9	18
# tree 40
9	17
6	9
1	6
1	0
17	10
17	7
0	3
9	12
10	13
7	8
17	4
3	15
6	2
12	5
1	11
13	14
8	16
4	18
# tree 41
9	17
6	9
1	6
1	0
17	10
17	7
0	3
9	12
10	13
7	8
9	4
3	15
6	2
12	5
1	11
13	14
8	16
4	18
# tree 42
9	17
6	9
1	6
1	0
17	10
17	7
0	3
10	13
7	8
10	4
9	12
3	15
6	2
1	11
13	14
8	16
4	18
17	5
# tree 43
9	17
6	9
1	6
1	0
17	10
17	7
0	3
10	13
7	8
10	4
9	12
3	15
6	2
1	11
13	14
8	16
4	18
10	5
# tree 44
9	17
6	9
1	6
1	0
17	10
6	7
0	3
9	12
10	13
7	8
10	4
3	15
6	2
12	5
1	11
13	14
8	16
4	18
# tree 45
9	17
6	9
1	6
1	0
17	10
9	7
0	3
9	12
10	13
7	8
10	4
3	15
6	2
12	5
1	11
13	14
8	16
4	18
# tree 46
9	17
6	9
1	6
1	0
17	10
0	3
9	12
10	13
1	8
10	4
17	7
3	15
6	2
12	5
1	11
13	14
8	16
4	18
# tree 47
9	17
6	9
1	6
1	0
17	10
0	3
9	12
10	13
17	8
10	4
17	7
3	15
6	2
12	5
1	11
13	14
8	16
4	18
# tree 48
9	17
6	9
1	6
1	0
17	10
0	3
9	12
10	13
6	8
10	4
17	7
3	15
6	2
12	5
1	11
13	14
8	16
4	18
# tree 49
9	17
6	9
1	6
1	0
17	10
0	3
9	12
10	13
9	8
10	4
17	7
3	15
6	2
12	5
1	11
13	14
8	16
4	18
# tree 50
9	17
6	9
1	6
1	0
17	10
17	7
0	3
10	12
7	8
10	4
17	13
3	15
6	2
12	5
1	11
8	16
4	18
10	14
# tree 51
9	17
6	9
1	6
1	0
17	10
17	7
10	12
17	13
7	8
10	4
0	3
6	2
12	5
1	11
13	14
8	16
4	18
0	15
# tree 52
9	17
6	9
1	6
1	0
17	10
17	7
0	3
10	12
17	13
10	4
7	8
3	15
6	2
12	5
1	11
13	14
4	18
1	16
# tree 53
9	17
6	9
1	6
1	0
17	10
17	7
0	3
10	12
17	13
10	4
7	8
3	15
6	2
12	5
1	11
13	14
4	18
17	16
# tree 54
9	17
6	9
1	6
1	0
17	10
17	7
0	3
10	12
17	13
10	4
7	8
3	15
6	2
12	5
1	11
13	14
4	18
7	16
# tree 55
9	17
6	9
1	6
1	0
17	10
17	7
0	3
10	12
17	13
10	4
7	8
3	15
6	2
12	5
1	11
13	14
4	18
6	16
# tree 56
9	17
6	9
1	6
1	0
17	10
17	7
0	3
10	12
17	13
10	4
7	8
3	15
6	2
12	5
1	11
13	14
4	18
9	16
# tree 57
9	17
6	9
1	6
1	0
17	10
17	7
0	3
10	12
17	13
7	8
10	4
3	15
6	2
12	5
1	11
13	14
8	16
10	18
# tree 58
9	17
6	9
1	6
1	0
17	10
17	7
0	3
10	12
17	13
7	8
10	4
3	15
6	2
12	5
1	11
13	14
8	16
17	18
# tree 59
9	17
6	9
1	6
1	0
17	10
17	7
0	3
10	12
17	13
7	8
10	4
3	15
6	2
12	5
1	11
13	14
8	16
9	18
# tree 60
9	17
6	9
1	6
1	0
17	10
17	7
0	3
10	12
17	13
7	8
17	4
3	15
6	2
12	5
1	11
13	14
8	16
4	18
# tree 61
9	17
6	9
1	6
1	0
17	10
17	7
0	3
10	12
17	13
7	8
9	4
3	15
6	2
12	5
1	11
13	14
8	16
4	18
# tree 62
9	17
6	9
1	6
1	0
17	10
17	7
0	3
17	13
7	8
10	4
10	12
3	15
6	2
1	11
13	14
8	16
4	18
17	5
# tree 63
9	17
6	9
1	6
1	0
17	10
17	7
0	3
17	13
7	8
10	4
10	12
3	15
6	2
1	11
13	14
8	16
4	18
10	5
# tree 64
9	17
6	9
1	6
1	0
17	10
17	7
0	3
17	13
7	8
10	4
10	12
3	15
6	2
1	11
13	14
8	16
4	18
9	5
# tree 65
9	17
6	9
1	6
1	0
17	10
6	7
0	3
10	12
17	13
7	8
10	4
3	15
6	2
12	5
1	11
13	14
8	16
4	18
# tree 66
9	17
6	9
1	6
1	0
17	10
9	7
0	3
10	12
17	13
7	8
10	4
3	15
6	2
12	5
1	11
13	14
8	16
4	18
# tree 67
9	17
6	9
1	6
1	0
17	10
0	3
10	12
17	13
1	8
10	4
17	7
3	15
6	2
12	5
1	11
13	14
8	16
4	18
# tree 68
9	17
6	9
1	6
1	0
17	10
0	3
10	12
17	13
17	8
10	4
17	7
3	15
6	2
12	5
1	11
13	14
8	16
4	18
# tree 69
9	17
6	9
1	6
1	0
17	10
0	3
10	12
17	13
6	8
10	4
17	7
3	15
6	2
12	5
1	11
13	14
8	16
4	18
# tree 70
9	17
6	9
1	6
1	0
17	10
0	3
10	12
17	13
9	8
10	4
17	7
3	15
6	2
12	5
1	11
13	14
8	16
4	18
# tree 71
9	17
6	9
1	6
17	10
17	7
1	0
10	12
10	13
10	4
7	8
0	3
6	2
12	5
1	11
13	14
4	18
0	15
1	16
# tree 72
9	17
6	9
1	6
17	10
17	7
1	0
10	12
10	13
10	4
7	8
0	3
6	2
12	5
1	11
13	14
4	18
0	15
17	16
# tree 73
9	17
6	9
1	6
17	10
17	7
1	0
10	12
10	13
10	4
7	8
0	3
6	2
12	5
1	11
13	14
4	18
0	15
7	16
# tree 74
9	17
6	9
1	6
17	10
17	7
1	0
10	12
10	13
10	4
7	8
0	3
6	2
12	5
1	11
13	14
4	18
0	15
6	16
# tree 75
9	17
6	9
1	6
17	10
17	7
1	0
10	12
10	13
10	4
7	8
0	3
6	2
12	5
1	11
13	14
4	18
0	15
9	16
# tree 76
9	17
6	9
1	6
17	10
17	7
1	0
10	12
10	13
7	8
10	4
0	3
6	2
12	5
1	11
13	14
8	16
0	15
10	18
# tree 77
9	17
6	9
1	6
17	10
17	7
1	0
10	12
10	13
7	8
10	4
0	3
6	2
12	5
1	11
13	14
8	16
0	15
17	18
# tree 78
9	17
6	9
1	6
17	10
17	7
1	0
10	12
10	13
7	8
10	4
0	3
6	2
12	5
1	11
13	14
8	16
0	15
9	18
# tree 79
9	17
6	9
1	6
17	10
17	7
1	0
10	12
10	13
7	8
17	4
0	3
6	2
12	5
1	11
13	14
8	16
4	18
0	15
# tree 80
9	17
6	9
1	6
17	10
17	7
1	0
10	12
10	13
7	8
9	4
0	3
6	2
12	5
1	11
13	14
8	16
4	18
0	15
# tree 81
9	17
6	9
1	6
17	10
17	7
1	0
10	13
7	8
10	4
10	12
0	3
6	2
1	11
13	14
8	16
4	18
0	15
17	5
# tree 82
9	17
6	9
1	6
17	10
17	7
1	0
10	13
7	8
10	4
10	12
0	3
6	2
1	11
13	14
8	16
4	18
0	15
10	5
# tree 83
9	17
6	9
1	6
17	10
17	7
1	0
10	13
7	8
10	4
10	12
0	3
6	2
1	11
13	14
8	16
4	18
0	15
9	5
# tree 84
9	17
6	9
1	6
17	10
6	7
1	0
10	12
10	13
7	8
10	4
0	3
6	2
12	5
1	11
13	14
8	16
4	18
0	15
# tree 85
9	17
6	9
1	6
17	10
9	7
1	0
10	12
10	13
7	8
10	4
0	3
6	2
12	5
1	11
13	14
8	16
4	18
0	15
# tree 86
9	17
6	9
1	6
17	10
1	0
10	12
10	13
1	8
10	4
17	7
0	3
6	2
12	5
1	11
13	14
8	16
4	18
0	15
# tree 87
9	17
6	9
1	6
17	10
1	0
10	12
10	13
17	8
10	4
17	7
0	3
6	2
12	5
1	11
13	14
8	16
4	18
0	15
# tree 88
9	17
6	9
1	6
17	10
1	0
10	12
10	13
6	8
10	4
17	7
0	3
6	2
12	5
1	11
13	14
8	16
4	18
0	15
# tree 89
9	17
6	9
1	6
17	10
1	0
10	12
10	13
9	8
10	4
17	7
0	3
6	2
12	5
1	11
13	14
8	16
4	18
0	15
# tree 90
9	17
6	9
1	6
1	0
17	10
17	7
0	3
10	12
10	13
10	4
7	8
3	15
6	2
12	5
1	11
13	14
9	16
10	18
# tree 91
9	17
6	9
1	6
1	0
17	10
17	7
0	3
10	12
10	13
10	4
7	8
3	15
6	2
12	5
1	11
13	14
9	16
17	18
# tree 92
9	17
6	9
1	6
1	0
17	10
17	7
0	3
10	12
10	13
10	4
7	8
3	15
6	2
12	5
1	11
13	14
9	16
9	18
# tree 93
9	17
6	9
1	6
1	0
17	10
17	7
0	3
10	12
10	13
17	4
7	8
3	15
6	2
12	5
1	11
13	14
4	18
9	16
# tree 94
9	17
6	9
1	6
1	0
17	10
17	7
0	3
10	12
10	13
9	4
7	8
3	15
6	2
12	5
1	11
13	14
4	18
9	16
# tree 95
9	17
6	9
1	6
1	0
17	10
17	7
0	3
10	13
10	4
10	12
7	8
3	15
6	2
1	11
13	14
4	18
9	16
17	5
# tree 96
9	17
6	9
1	6
1	0
17	10
17	7
0	3
10	13
10	4
10	12
7	8
3	15
6	2
1	11
13	14
4	18
9	16
10	5
# tree 97
9	17
6	9
1	6
1	0
17	10
17	7
0	3
10	13
10	4
10	12
7	8
3	15
6	2
1	11
13	14
4	18
9	16
9	5
# tree 98
9	17
6	9
1	6
1	0
17	10
6	7
0	3
10	12
10	13
10	4
7	8
3	15
6	2
12	5
1	11
13	14
4	18
9	16
# tree 99
9	17
6	9
1	6
1	0
17	10
0	3
10	12
10	13
10	4
17	7
3	15
6	2
12	5
1	11
13	14
4	18
9	16
1	8
# tree 100
9	17
6	9
1	6
1	0
17	10
0	3
10	12
10	13
10	4
17	7
3	15
6	2
12	5
1	11
13	14
4	18
9	16
17	8
# tree 101
9	17
6	9
1	6
1	0
17	10
0	3
10	12
10	13
10	4
17	7
3	15
6	2
12	5
1	11
13	14
4	18
9	16
6	8
# tree 102
9	17
6	9
1	6
1	0
17	10
0	3
10	12
10	13
10	4
17	7
3	15
6	2
12	5
1	11
13	14
4	18
9	16
9	8
# tree 103
9	17
6	9
1	6
1	0
17	10
17	7
0	3
10	12
10	13
7	8
3	15
6	2
12	5
1	11
13	14
8	16
9	18
17	4
# tree 104
9	17
6	9
1	6
1	0
17	10
17	7
0	3
10	13
7	8
10	12
10	4
3	15
6	2
1	11
13	14
8	16
9	18
17	5
# tree 105
9	17
6	9
1	6
1	0
17	10
17	7
0	3
10	13
7	8
10	12
10	4
3	15
6	2
1	11
13	14
8	16
9	18
10	5
# tree 106
9	17
6	9
1	6
1	0
17	10
17	7
0	3
10	13
7	8
10	12
10	4
3	15
6	2
1	11
13	14
8	16
9	18
9	5
# tree 107
9	17
6	9
1	6
1	0
17	10
6	7
0	3
10	12
10	13
7	8
10	4
3	15
6	2
12	5
1	11
13	14
8	16
9	18
# tree 108
9	17
6	9
1	6
1	0
17	10
9	7
0	3
10	12
10	13
7	8
10	4
3	15
6	2
12	5
1	11
13	14
8	16
9	18
# tree 109
9	17
6	9
1	6
1	0
17	10
0	3
10	12
10	13
1	8
17	7
10	4
3	15
6	2
12	5
1	11
13	14
8	16
9	18
# tree 110
9	17
6	9
1	6
1	0
17	10
0	3
10	12
10	13
17	8
17	7
10	4
3	15
6	2
12	5
1	11
13	14
8	16
9	18
# tree 111
9	17
6	9
1	6
1	0
17	10
0	3
10	12
10	13
6	8
17	7
10	4
3	15
6	2
12	5
1	11
13	14
8	16
9	18
# tree 112
9	17
6	9
1	6
1	0
17	10
0	3
10	12
10	13
9	8
17	7
10	4
3	15
6	2
12	5
1	11
13	14
8	16
9	18
# tree 113
9	17
6	9
1	6
1	0
17	10
17	7
0	3
10	12
10	13
7	8
17	4
1	11
3	15
12	5
13	14
8	16
4	18
11	2
# tree 114
9	17
6	9
1	6
1	0
17	10
17	7
0	3
10	12
10	13
7	8
9	4
1	11
3	15
12	5
13	14
8	16
4	18
11	2
# tree 115
9	17
6	9
1	6
1	0
17	10
17	7
0	3
10	13
7	8
10	4
1	11
10	12
3	15
13	14
8	16
4	18
11	2
17	5
# tree 116
9	17
6	9
1	6
1	0
17	10
17	7
0	3
10	13
7	8
10	4
1	11
10	12
3	15
13	14
8	16
4	18
11	2
10	5
# tree 117
9	17
6	9
1	6
1	0
17	10
17	7
0	3
10	13
7	8
10	4
1	11
10	12
3	15
13	14
8	16
4	18
11	2
9	5
# tree 118
9	17
6	9
1	6
1	0
17	10
6	7
0	3
10	12
10	13
7	8
10	4
1	11
3	15
12	5
13	14
8	16
4	18
11	2
# tree 119
9	17
6	9
1	6
1	0
17	10
9	7
0	3
10	12
10	13
7	8
10	4
1	11
3	15
12	5
13	14
8	16
4	18
11	2
# tree 120
9	17
6	9
1	6
1	0
17	10
0	3
10	12
10	13
1	8
10	4
1	11
17	7
3	15
12	5
13	14
8	16
4	18
11	2
# tree 121
9	17
6	9
1	6
1	0
17	10
0	3
10	12
10	13
17	8
10	4
1	11
17	7
3	15
12	5
13	14
8	16
4	18
11	2
# tree 122
9	17
6	9
1	6
1	0
17	10
0	3
10	12
10	13
6	8
10	4
1	11
17	7
3	15
12	5
13	14
8	16
4	18
11	2
# tree 123
9	17
6	9
1	6
1	0
17	10
0	3
10	12
10	13
9	8
10	4
1	11
17	7
3	15
12	5
13	14
8	16
4	18
11	2
# tree 124
6	9
9	17
1	6
1	0
17	10
17	7
0	3
10	13
7	8
9	4
10	12
3	15
6	2
1	11
13	14
8	16
4	18
17	5
# tree 125
6	9
9	17
1	6
1	0
17	10
17	7
0	3
10	13
7	8
9	4
10	12
3	15
6	2
1	11
13	14
8	16
4	18
10	5
# tree 126
6	9
9	17
1	6
1	0
17	10
17	7
0	3
10	13
7	8
9	4
10	12
3	15
6	2
1	11
13	14
8	16
4	18
9	5
# tree 127
6	9
9	17
1	6
1	0
17	10
6	7
0	3
10	12
10	13
7	8
9	4
3	15
6	2
12	5
1	11
13	14
8	16
4	18
# tree 128
6	9
9	17
1	6
1	0
17	10
9	7
0	3
10	12
10	13
7	8
9	4
3	15
6	2
12	5
1	11
13	14
8	16
4	18
# tree 129
6	9
9	17
1	6
1	0
17	10
0	3
10	12
10	13
1	8
9	4
17	7
3	15
6	2
12	5
1	11
13	14
8	16
4	18
# tree 130
6	9
9	17
1	6
1	0
17	10
0	3
10	12
10	13
17	8
9	4
17	7
3	15
6	2
12	5
1	11
13	14
8	16
4	18
# tree 131
6	9
9	17
1	6
1	0
17	10
0	3
10	12
10	13
6	8
9	4
17	7
3	15
6	2
12	5
1	11
13	14
8	16
4	18
# tree 132
6	9
9	17
1	6
1	0
17	10
0	3
10	12
10	13
9	8
9	4
17	7
3	15
6	2
12	5
1	11
13	14
8	16
4	18
# tree 133
9	17
6	9
1	6
1	0
17	10
6	7
0	3
10	13
7	8
10	4
10	12
3	15
6	2
1	11
13	14
8	16
4	18
9	5
# tree 134
9	17
6	9
1	6
1	0
17	10
9	7
0	3
10	13
7	8
10	4
10	12
3	15
6	2
1	11
13	14
8	16
4	18
9	5
# tree 135
9	17
6	9
1	6
1	0
17	10
0	3
10	13
1	8
10	4
17	7
10	12
3	15
6	2
1	11
13	14
8	16
4	18
9	5
# tree 136
9	17
6	9
1	6
1	0
17	10
0	3
10	13
17	8
10	4
17	7
10	12
3	15
6	2
1	11
13	14
8	16
4	18
9	5
# tree 137
9	17
6	9
1	6
1	0
17	10
0	3
10	13
6	8
10	4
17	7
10	12
3	15
6	2
1	11
13	14
8	16
4	18
9	5
# tree 138
9	17
6	9
1	6
1	0
17	10
0	3
10	13
9	8
10	4
17	7
10	12
3	15
6	2
1	11
13	14
8	16
4	18
9	5
# tree 139
9	17
6	9
1	6
1	0
17	10
0	3
10	12
10	13
1	8
10	4
9	7
3	15
6	2
12	5
1	11
13	14
8	16
4	18
# tree 140
9	17
6	9
1	6
1	0
17	10
0	3
10	12
10	13
17	8
10	4
9	7
3	15
6	2
12	5
1	11
13	14
8	16
4	18
# tree 141
6	9
1	6
9	17
1	0
17	7
17	10
0	3
9	12
7	8
10	4
17	13
3	15
6	2
12	5
1	11
8	16
4	18
10	14
# tree 142
6	9
1	6
9	17
1	0
17	7
17	10
9	12
17	13
7	8
10	4
0	3
6	2
12	5
1	11
13	14
8	16
4	18
0	15
# tree 143
6	9
1	6
9	17
1	0
17	7
17	10
0	3
9	12
17	13
10	4
7	8
3	15
6	2
12	5
1	11
13	14
4	18
1	16
# tree 144
6	9
1	6
9	17
1	0
17	7
17	10
0	3
9	12
17	13
10	4
7	8
3	15
6	2
12	5
1	11
13	14
4	18
17	16
# tree 145
6	9
1	6
9	17
1	0
17	7
17	10
0	3
9	12
17	13
10	4
7	8
3	15
6	2
12	5
1	11
13	14
4	18
7	16
# tree 146
6	9
1	6
9	17
1	0
17	7
17	10
0	3
9	12
17	13
10	4
7	8
3	15
6	2
12	5
1	11
13	14
4	18
6	16
# tree 147
6	9
1	6
9	17
1	0
17	7
17	10
0	3
9	12
17	13
10	4
7	8
3	15
6	2
12	5
1	11
13	14
4	18
9	16
# tree 148
6	9
1	6
9	17
1	0
17	7
17	10
0	3
9	12
17	13
7	8
10	4
3	15
6	2
12	5
1	11
13	14
8	16
10	18
# tree 149
6	9
1	6
9	17
1	0
17	7
17	10
0	3
9	12
17	13
7	8
10	4
3	15
6	2
12	5
1	11
13	14
8	16
17	18
# tree 150
6	9
1	6
9	17
1	0
17	7
17	10
0	3
9	12
17	13
7	8
10	4
3	15
6	2
12	5
1	11
13	14
8	16
9	18
# tree 151
6	9
1	6
9	17
1	0
17	7
0	3
9	12
17	13
7	8
17	4
17	10
3	15
6	2
12	5
1	11
13	14
8	16
4	18
# tree 152
6	9
1	6
9	17
1	0
17	7
0	3
9	12
17	13
7	8
9	4
17	10
3	15
6	2
12	5
1	11
13	14
8	16
4	18
# tree 153
6	9
1	6
9	17
1	0
17	7
17	10
0	3
17	13
7	8
10	4
9	12
3	15
6	2
1	11
13	14
8	16
4	18
17	5
# tree 154
6	9
1	6
9	17
1	0
17	7
17	10
0	3
17	13
7	8
10	4
9	12
3	15
6	2
1	11
13	14
8	16
4	18
10	5
# tree 155
6	9
1	6
9	17
1	0
6	7
17	10
0	3
9	12
17	13
7	8
10	4
3	15
6	2
12	5
1	11
13	14
8	16
4	18
# tree 156
6	9
1	6
9	17
1	0
9	7
17	10
0	3
9	12
17	13
7	8
10	4
3	15
6	2
12	5
1	11
13	14
8	16
4	18
# tree 157
6	9
1	6
9	17
1	0
17	10
0	3
9	12
17	13
1	8
10	4
17	7
3	15
6	2
12	5
1	11
13	14
8	16
4	18
# tree 158
6	9
1	6
9	17
1	0
17	10
0	3
9	12
17	13
17	8
10	4
17	7
3	15
6	2
12	5
1	11
13	14
8	16
4	18
# tree 159
6	9
1	6
9	17
1	0
17	10
0	3
9	12
17	13
6	8
10	4
17	7
3	15
6	2
12	5
1	11
13	14
8	16
4	18
# tree 160
6	9
1	6
9	17
1	0
17	10
0	3
9	12
17	13
9	8
10	4
17	7
3	15
6	2
12	5
1	11
13	14
8	16
4	18
# tree 161
6	9
1	6
9	17
17	10
17	7
1	0
9	12
10	13
10	4
7	8
0	3
6	2
12	5
1	11
13	14
4	18
0	15
1	16
# tree 162
6	9
1	6
9	17
17	10
17	7
1	0
9	12
10	13
10	4
7	8
0	3
6	2
12	5
1	11
13	14
4	18
0	15
17	16
# tree 163
6	9
1	6
9	17
17	10
17	7
1	0
9	12
10	13
10	4
7	8
0	3
6	2
12	5
1	11
13	14
4	18
0	15
7	16
# tree 164
6	9
1	6
9	17
17	10
17	7
1	0
9	12
10	13
10	4
7	8
0	3
6	2
12	5
1	11
13	14
4	18
0	15
6	16
# tree 165
6	9
1	6
9	17
17	10
17	7
1	0
9	12
10	13
10	4
7	8
0	3
6	2
12	5
1	11
13	14
4	18
0	15
9	16
# tree 166
6	9
1	6
9	17
17	10
17	7
1	0
9	12
10	13
7	8
10	4
0	3
6	2
12	5
1	11
13	14
8	16
0	15
10	18
# tree 167
6	9
1	6
9	17
17	10
17	7
1	0
9	12
10	13
7	8
10	4
0	3
6	2
12	5
1	11
13	14
8	16
0	15
17	18
# tree 168
6	9
1	6
9	17
17	10
17	7
1	0
9	12
10	13
7	8
10	4
0	3
6	2
12	5
1	11
13	14
8	16
0	15
9	18
# tree 169
6	9
1	6
9	17
17	10
17	7
1	0
9	12
10	13
7	8
17	4
0	3
6	2
12	5
1	11
13	14
8	16
4	18
0	15
# tree 170
6	9
1	6
9	17
17	10
17	7
1	0
9	12
10	13
7	8
9	4
0	3
6	2
12	5
1	11
13	14
8	16
4	18
0	15
# tree 171
6	9
1	6
9	17
17	10
17	7
1	0
10	13
7	8
10	4
9	12
0	3
6	2
1	11
13	14
8	16
4	18
0	15
17	5
# tree 172
6	9
1	6
9	17
17	10
17	7
1	0
10	13
7	8
10	4
9	12
0	3
6	2
1	11
13	14
8	16
4	18
0	15
10	5
# tree 173
6	9
1	6
9	17
17	10
6	7
1	0
9	12
10	13
7	8
10	4
0	3
6	2
12	5
1	11
13	14
8	16
4	18
0	15
# tree 174
6	9
1	6
9	17
17	10
9	7
1	0
9	12
10	13
7	8
10	4
0	3
6	2
12	5
1	11
13	14
8	16
4	18
0	15
# tree 175
6	9
1	6
9	17
17	10
1	0
9	12
10	13
1	8
10	4
17	7
0	3
6	2
12	5
1	11
13	14
8	16
4	18
0	15
# tree 176
6	9
1	6
9	17
17	10
1	0
9	12
10	13
17	8
10	4
17	7
0	3
6	2
12	5
1	11
13	14
8	16
4	18
0	15
# tree 177
6	9
1	6
9	17
17	10
1	0
9	12
10	13
6	8
10	4
17	7
0	3
6	2
12	5
1	11
13	14
8	16
4	18
0	15
# tree 178
6	9
1	6
9	17
17	10
1	0
9	12
10	13
9	8
10	4
17	7
0	3
6	2
12	5
1	11
13	14
8	16
4	18
0	15
# tree 179
6	9
1	6
9	17
1	0
17	10
17	7
0	3
9	12
10	13
10	4
7	8
3	15
6	2
12	5
1	11
13	14
9	16
10	18
# tree 180
6	9
1	6
9	17
1	0
17	10
17	7
0	3
9	12
10	13
10	4
7	8
3	15
6	2
12	5
1	11
13	14
9	16
17	18
# tree 181
6	9
1	6
9	17
1	0
17	10
17	7
0	3
9	12
10	13
10	4
7	8
3	15
6	2
12	5
1	11
13	14
9	16
9	18
# tree 182
6	9
1	6
9	17
1	0
17	10
17	7
0	3
9	12
10	13
17	4
7	8
3	15
6	2
12	5
1	11
13	14
4	18
9	16
# tree 183
6	9
1	6
9	17
1	0
17	10
17	7
0	3
9	12
10	13
9	4
7	8
3	15
6	2
12	5
1	11
13	14
4	18
9	16
# tree 184
6	9
1	6
9	17
1	0
17	10
17	7
0	3
10	13
10	4
9	12
7	8
3	15
6	2
1	11
13	14
4	18
9	16
17	5
# tree 185
6	9
1	6
9	17
1	0
17	10
17	7
0	3
10	13
10	4
9	12
7	8
3	15
6	2
1	11
13	14
4	18
9	16
10	5
# tree 186
6	9
1	6
9	17
1	0
17	10
6	7
0	3
9	12
10	13
10	4
7	8
3	15
6	2
12	5
1	11
13	14
4	18
9	16
# tree 187
6	9
1	6
9	17
1	0
17	10
0	3
9	12
10	13
10	4
17	7
3	15
6	2
12	5
1	11
13	14
4	18
9	16
1	8
# tree 188
6	9
1	6
9	17
1	0
17	10
0	3
9	12
10	13
10	4
17	7
3	15
6	2
12	5
1	11
13	14
4	18
9	16
17	8
# tree 189
6	9
1	6
9	17
1	0
17	10
0	3
9	12
10	13
10	4
17	7
3	15
6	2
12	5
1	11
13	14
4	18
9	16
6	8
# tree 190
6	9
1	6
9	17
1	0
17	10
0	3
9	12
10	13
10	4
17	7
3	15
6	2
12	5
1	11
13	14
4	18
9	16
9	8
# tree 191
6	9
1	6
9	17
1	0
17	10
17	7
0	3
9	12
10	13
7	8
3	15
6	2
12	5
1	11
13	14
8	16
9	18
17	4
# tree 192
6	9
1	6
9	17
1	0
17	10
17	7
0	3
10	13
7	8
9	12
10	4
3	15
6	2
1	11
13	14
8	16
9	18
17	5
# tree 193
6	9
1	6
9	17
1	0
17	10
17	7
0	3
10	13
7	8
9	12
10	4
3	15
6	2
1	11
13	14
8	16
9	18
10	5
# tree 194
6	9
1	6
9	17
1	0
17	10
6	7
0	3
9	12
10	13
7	8
10	4
3	15
6	2
12	5
1	11
13	14
8	16
9	18
# tree 195
6	9
1	6
9	17
1	0
17	10
9	7
0	3
9	12
10	13
7	8
10	4
3	15
6	2
12	5
1	11
13	14
8	16
9	18
# tree 196
6	9
1	6
9	17
1	0
17	10
0	3
9	12
10	13
1	8
17	7
10	4
3	15
6	2
12	5
1	11
13	14
8	16
9	18
# tree 197
6	9
1	6
9	17
1	0
17	10
0	3
9	12
10	13
17	8
17	7
10	4
3	15
6	2
12	5
1	11
13	14
8	16
9	18
# tree 198
6	9
1	6
9	17
1	0
17	10
0	3
9	12
10	13
6	8
17	7
10	4
3	15
6	2
12	5
1	11
13	14
8	16
9	18
# tree 199
6	9
1	6
9	17
1	0
17	10
0	3
9	12
10	13
9	8
17	7
10	4
3	15
6	2
12	5
1	11
13	14
8	16
9	18
# tree 200
6	9
1	6
9	17
1	0
17	10
17	7
0	3
10	13
7	8
9	4
9	12
3	15
6	2
1	11
13	14
8	16
4	18
17	5
# tree 201
6	9
1	6
9	17
1	0
17	10
17	7
0	3
10	13
7	8
9	4
9	12
3	15
6	2
1	11
13	14
8	16
4	18
10	5
# tree 202
6	9
1	6
9	17
1	0
17	10
6	7
0	3
9	12
10	13
7	8
9	4
3	15
6	2
12	5
1	11
13	14
8	16
4	18
# tree 203
6	9
1	6
9	17
1	0
17	10
9	7
0	3
9	12
10	13
7	8
9	4
3	15
6	2
12	5
1	11
13	14
8	16
4	18
# tree 204
6	9
1	6
9	17
1	0
17	10
0	3
9	12
10	13
1	8
9	4
17	7
3	15
6	2
12	5
1	11
13	14
8	16
4	18
# tree 205
6	9
1	6
9	17
1	0
17	10
0	3
9	12
10	13
17	8
9	4
17	7
3	15
6	2
12	5
1	11
13	14
8	16
4	18
# tree 206
6	9
1	6
9	17
1	0
17	10
0	3
9	12
10	13
6	8
9	4
17	7
3	15
6	2
12	5
1	11
13	14
8	16
4	18
# tree 207
6	9
1	6
9	17
1	0
17	10
0	3
9	12
10	13
9	8
9	4
17	7
3	15
6	2
12	5
1	11
13	14
8	16
4	18
# tree 208
6	9
1	6
9	17
1	0
17	10
0	3
9	12
10	13
1	8
10	4
9	7
3	15
6	2
12	5
1	11
13	14
8	16
4	18
# tree 209
6	9
1	6
9	17
1	0
17	10
0	3
9	12
10	13
17	8
10	4
9	7
3	15
6	2
12	5
1	11
13	14
8	16
4	18
# tree 210
6	9
1	6
9	17
17	10
17	7
1	0
10	12
17	13
10	4
7	8
0	3
6	2
12	5
1	11
13	14
4	18
0	15
1	16
# tree 211
6	9
1	6
9	17
17	10
17	7
1	0
10	12
17	13
10	4
7	8
0	3
6	2
12	5
1	11
13	14
4	18
0	15
17	16
# tree 212
6	9
1	6
9	17
17	10
17	7
1	0
10	12
17	13
10	4
7	8
0	3
6	2
12	5
1	11
13	14
4	18
0	15
7	16
# tree 213
6	9
1	6
9	17
17	10
17	7
1	0
10	12
17	13
10	4
7	8
0	3
6	2
12	5
1	11
13	14
4	18
0	15
6	16
# tree 214
6	9
1	6
9	17
17	10
17	7
1	0
10	12
17	13
10	4
7	8
0	3
6	2
12	5
1	11
13	14
4	18
0	15
9	16
# tree 215
6	9
1	6
9	17
17	10
17	7
1	0
10	12
17	13
7	8
10	4
0	3
6	2
12	5
1	11
13	14
8	16
0	15
10	18
# tree 216
6	9
1	6
9	17
17	10
17	7
1	0
10	12
17	13
7	8
10	4
0	3
6	2
12	5
1	11
13	14
8	16
0	15
17	18
# tree 217
6	9
1	6
9	17
17	10
17	7
1	0
10	12
17	13
7	8
10	4
0	3
6	2
12	5
1	11
13	14
8	16
0	15
9	18
# tree 218
6	9
1	6
9	17
17	10
17	7
1	0
10	12
17	13
7	8
17	4
0	3
6	2
12	5
1	11
13	14
8	16
4	18
0	15
# tree 219
6	9
1	6
9	17
17	10
17	7
1	0
10	12
17	13
7	8
9	4
0	3
6	2
12	5
1	11
13	14
8	16
4	18
0	15
# tree 220
6	9
1	6
9	17
17	10
17	7
1	0
17	13
7	8
10	4
10	12
0	3
6	2
1	11
13	14
8	16
4	18
0	15
17	5
# tree 221
6	9
1	6
9	17
17	10
17	7
1	0
17	13
7	8
10	4
10	12
0	3
6	2
1	11
13	14
8	16
4	18
0	15
10	5
# tree 222
6	9
1	6
9	17
17	10
17	7
1	0
17	13
7	8
10	4
10	12
0	3
6	2
1	11
13	14
8	16
4	18
0	15
9	5
# tree 223
6	9
1	6
9	17
17	10
6	7
1	0
10	12
17	13
7	8
10	4
0	3
6	2
12	5
1	11
13	14
8	16
4	18
0	15
# tree 224
6	9
1	6
9	17
17	10
9	7
1	0
10	12
17	13
7	8
10	4
0	3
6	2
12	5
1	11
13	14
8	16
4	18
0	15
# tree 225
6	9
1	6
9	17
17	10
1	0
10	12
17	13
1	8
10	4
17	7
0	3
6	2
12	5
1	11
13	14
8	16
4	18
0	15
# tree 226
6	9
1	6
9	17
17	10
1	0
10	12
17	13
17	8
10	4
17	7
0	3
6	2
12	5
1	11
13	14
8	16
4	18
0	15
# tree 227
6	9
1	6
9	17
17	10
1	0
10	12
17	13
6	8
10	4
17	7
0	3
6	2
12	5
1	11
13	14
8	16
4	18
0	15
# tree 228
6	9
1	6
9	17
17	10
1	0
10	12
17	13
9	8
10	4
17	7
0	3
6	2
12	5
1	11
13	14
8	16
4	18
0	15
# tree 229
6	9
1	6
9	17
1	0
17	10
17	7
0	3
10	12
17	13
10	4
7	8
3	15
6	2
12	5
1	11
13	14
9	16
10	18
# tree 230
6	9
1	6
9	17
1	0
17	10
17	7
0	3
10	12
17	13
10	4
7	8
3	15
6	2
12	5
1	11
13	14
9	16
17	18
# tree 231
6	9
1	6
9	17
1	0
17	10
17	7
0	3
10	12
17	13
10	4
7	8
3	15
6	2
12	5
1	11
13	14
9	16
9	18
# tree 232
6	9
1	6
9	17
1	0
17	10
17	7
0	3
10	12
17	13
17	4
7	8
3	15
6	2
12	5
1	11
13	14
4	18
9	16
# tree 233
6	9
1	6
9	17
1	0
17	10
17	7
0	3
10	12
17	13
9	4
7	8
3	15
6	2
12	5
1	11
13	14
4	18
9	16
# tree 234
6	9
1	6
9	17
1	0
17	10
17	7
0	3
17	13
10	4
10	12
7	8
3	15
6	2
1	11
13	14
4	18
9	16
17	5
# tree 235
6	9
1	6
9	17
1	0
17	10
17	7
0	3
17	13
10	4
10	12
7	8
3	15
6	2
1	11
13	14
4	18
9	16
10	5
# tree 236
6	9
1	6
9	17
1	0
17	10
17	7
0	3
17	13
10	4
10	12
7	8
3	15
6	2
1	11
13	14
4	18
9	16
9	5
# tree 237
6	9
1	6
9	17
1	0
17	10
6	7
0	3
10	12
17	13
10	4
7	8
3	15
6	2
12	5
1	11
13	14
4	18
9	16
# tree 238
6	9
1	6
9	17
1	0
17	10
0	3
10	12
17	13
10	4
17	7
3	15
6	2
12	5
1	11
13	14
4	18
9	16
1	8
# tree 239
6	9
1	6
9	17
1	0
17	10
0	3
10	12
17	13
10	4
17	7
3	15
6	2
12	5
1	11
13	14
4	18
9	16
17	8
# tree 240
6	9
1	6
9	17
1	0
17	10
0	3
10	12
17	13
10	4
17	7
3	15
6	2
12	5
1	11
13	14
4	18
9	16
6	8
# tree 241
6	9
1	6
9	17
1	0
17	10
0	3
10	12
17	13
10	4
17	7
3	15
6	2
12	5
1	11
13	14
4	18
9	16
9	8
# tree 242
6	9
1	6
9	17
1	0
17	10
17	7
0	3
10	12
17	13
7	8
3	15
6	2
12	5
1	11
13	14
8	16
9	18
17	4
# tree 243
6	9
1	6
9	17
1	0
17	10
17	7
0	3
17	13
7	8
10	12
10	4
3	15
6	2
1	11
13	14
8	16
9	18
17	5
# tree 244
6	9
1	6
9	17
1	0
17	10
17	7
0	3
17	13
7	8
10	12
10	4
3	15
6	2
1	11
13	14
8	16
9	18
10	5
# tree 245
6	9
1	6
9	17
1	0
17	10
17	7
0	3
17	13
7	8
10	12
10	4
3	15
6	2
1	11
13	14
8	16
9	18
9	5
# tree 246
6	9
1	6
9	17
1	0
17	10
6	7
0	3
10	12
17	13
7	8
10	4
3	15
6	2
12	5
1	11
13	14
8	16
9	18
# tree 247
6	9
1	6
9	17
1	0
17	10
9	7
0	3
10	12
17	13
7	8
10	4
3	15
6	2
12	5
1	11
13	14
8	16
9	18
# tree 248
6	9
1	6
9	17
1	0
17	10
0	3
10	12
17	13
1	8
17	7
10	4
3	15
6	2
12	5
1	11
13	14
8	16
9	18
# tree 249
6	9
1	6
9	17
1	0
17	10
0	3
10	12
17	13
17	8
17	7
10	4
3	15
6	2
12	5
1	11
13	14
8	16
9	18
# tree 250
6	9
1	6
9	17
1	0
17	10
0	3
10	12
17	13
6	8
17	7
10	4
3	15
6	2
12	5
1	11
13	14
8	16
9	18
# tree 251
6	9
1	6
9	17
1	0
17	10
0	3
10	12
17	13
9	8
17	7
10	4
3	15
6	2
12	5
1	11
13	14
8	16
9	18
# tree 252
6	9
1	6
9	17
1	0
17	10
17	7
0	3
17	13
7	8
9	4
10	12
3	15
6	2
1	11
13	14
8	16
4	18
17	5
# tree 253
6	9
1	6
9	17
1	0
17	10
17	7
0	3
17	13
7	8
9	4
10	12
3	15
6	2
1	11
13	14
8	16
4	18
10	5
# tree 254
6	9
1	6
9	17
1	0
17	10
17	7
0	3
17	13
7	8
9	4
10	12
3	15
6	2
1	11
13	14
8	16
4	18
9	5
# tree 255
6	9
1	6
9	17
1	0
17	10
6	7
0	3
10	12
17	13
7	8
9	4
3	15
6	2
12	5
1	11
13	14
8	16
4	18
# tree 256
6	9
1	6
9	17
1	0
17	10
9	7
0	3
10	12
17	13
7	8
9	4
3	15
6	2
12	5
1	11
13	14
8	16
4	18
# tree 257
6	9
1	6
9	17
1	0
17	10
0	3
10	12
17	13
1	8
9	4
17	7
3	15
6	2
12	5
1	11
13	14
8	16
4	18
# tree 258
6	9
1	6
9	17
1	0
17	10
0	3
10	12
17	13
17	8
9	4
17	7
3	15
6	2
12	5
1	11
13	14
8	16
4	18
# tree 259
6	9
1	6
9	17
1	0
17	10
0	3
10	12
17	13
6	8
9	4
17	7
3	15
6	2
12	5
1	11
13	14
8	16
4	18
# tree 260
6	9
1	6
9	17
1	0
17	10
0	3
10	12
17	13
9	8
9	4
17	7
3	15
6	2
12	5
1	11
13	14
8	16
4	18
# tree 261
6	9
1	6
9	17
1	0
6	7
17	10
0	3
17	13
7	8
10	4
10	12
3	15
6	2
1	11
13	14
8	16
4	18
9	5
# tree 262
6	9
1	6
9	17
1	0
9	7
17	10
0	3
17	13
7	8
10	4
10	12
3	15
6	2
1	11
13	14
8	16
4	18
9	5
# tree 263
6	9
1	6
9	17
1	0
17	10
0	3
17	13
1	8
10	4
17	7
10	12
3	15
6	2
1	11
13	14
8	16
4	18
9	5
# tree 264
6	9
1	6
9	17
1	0
17	10
0	3
17	13
17	8
10	4
17	7
10	12
3	15
6	2
1	11
13	14
8	16
4	18
9	5
# tree 265
6	9
1	6
9	17
1	0
17	10
0	3
17	13
6	8
10	4
17	7
10	12
3	15
6	2
1	11
13	14
8	16
4	18
9	5
# tree 266
6	9
1	6
9	17
1	0
17	10
0	3
17	13
9	8
10	4
17	7
10	12
3	15
6	2
1	11
13	14
8	16
4	18
9	5
# tree 267
6	9
1	6
9	17
1	0
17	10
0	3
10	12
17	13
1	8
10	4
9	7
3	15
6	2
12	5
1	11
13	14
8	16
4	18
# tree 268
6	9
1	6
9	17
1	0
17	10
0	3
10	12
17	13
17	8
10	4
9	7
3	15
6	2
12	5
1	11
13	14
8	16
4	18
# tree 269
6	9
1	6
9	17
17	10
17	7
1	0
10	12
10	13
10	4
7	8
0	3
6	2
12	5
1	11
13	14
0	15
9	16
10	18
# tree 270
6	9
1	6
9	17
17	10
17	7
1	0
10	12
10	13
10	4
7	8
0	3
6	2
12	5
1	11
13	14
0	15
9	16
17	18
# tree 271
6	9
1	6
9	17
17	10
17	7
1	0
10	12
10	13
10	4
7	8
0	3
6	2
12	5
1	11
13	14
0	15
9	16
9	18
# tree 272
6	9
1	6
9	17
17	10
17	7
1	0
10	12
10	13
17	4
7	8
0	3
6	2
12	5
1	11
13	14
4	18
0	15
9	16
# tree 273
6	9
1	6
9	17
17	10
17	7
1	0
10	12
10	13
9	4
7	8
0	3
6	2
12	5
1	11
13	14
4	18
0	15
9	16
# tree 274
6	9
1	6
9	17
17	10
17	7
1	0
10	13
10	4
10	12
7	8
0	3
6	2
1	11
13	14
4	18
0	15
9	16
17	5
# tree 275
6	9
1	6
9	17
17	10
17	7
1	0
10	13
10	4
10	12
7	8
0	3
6	2
1	11
13	14
4	18
0	15
9	16
10	5
# tree 276
6	9
1	6
9	17
17	10
17	7
1	0
10	13
10	4
10	12
7	8
0	3
6	2
1	11
13	14
4	18
0	15
9	16
9	5
# tree 277
6	9
1	6
9	17
17	10
6	7
1	0
10	12
10	13
10	4
7	8
0	3
6	2
12	5
1	11
13	14
4	18
0	15
9	16
# tree 278
6	9
1	6
9	17
17	10
1	0
10	12
10	13
10	4
17	7
0	3
6	2
12	5
1	11
13	14
4	18
0	15
9	16
1	8
# tree 279
6	9
1	6
9	17
17	10
1	0
10	12
10	13
10	4
17	7
0	3
6	2
12	5
1	11
13	14
4	18
0	15
9	16
17	8
# tree 280
6	9
1	6
9	17
17	10
1	0
10	12
10	13
10	4
17	7
0	3
6	2
12	5
1	11
13	14
4	18
0	15
9	16
6	8
# tree 281
6	9
1	6
9	17
17	10
1	0
10	12
10	13
10	4
17	7
0	3
6	2
12	5
1	11
13	14
4	18
0	15
9	16
9	8
# tree 282
6	9
1	6
9	17
17	10
17	7
1	0
10	12
10	13
7	8
0	3
6	2
12	5
1	11
13	14
8	16
0	15
9	18
17	4
# tree 283
6	9
1	6
9	17
17	10
17	7
1	0
10	13
7	8
10	12
10	4
0	3
6	2
1	11
13	14
8	16
0	15
9	18
17	5
# tree 284
6	9
1	6
9	17
17	10
17	7
1	0
10	13
7	8
10	12
10	4
0	3
6	2
1	11
13	14
8	16
0	15
9	18
10	5
# tree 285
6	9
1	6
9	17
17	10
17	7
1	0
10	13
7	8
10	12
10	4
0	3
6	2
1	11
13	14
8	16
0	15
9	18
9	5
# tree 286
6	9
1	6
9	17
17	10
6	7
1	0
10	12
10	13
7	8
10	4
0	3
6	2
12	5
1	11
13	14
8	16
0	15
9	18
# tree 287
6	9
1	6
9	17
17	10
9	7
1	0
10	12
10	13
7	8
10	4
0	3
6	2
12	5
1	11
13	14
8	16
0	15
9	18
# tree 288
6	9
1	6
9	17
17	10
1	0
10	12
10	13
1	8
17	7
10	4
0	3
6	2
12	5
1	11
13	14
8	16
0	15
9	18
# tree 289
6	9
1	6
9	17
17	10
1	0
10	12
10	13
17	8
17	7
10	4
0	3
6	2
12	5
1	11
13	14
8	16
0	15
9	18
# tree 290
6	9
1	6
9	17
17	10
1	0
10	12
10	13
6	8
17	7
10	4
0	3
6	2
12	5
1	11
13	14
8	16
0	15
9	18
# tree 291
6	9
1	6
9	17
17	10
1	0
10	12
10	13
9	8
17	7
10	4
0	3
6	2
12	5
1	11
13	14
8	16
0	15
9	18
# tree 292
6	9
1	6
9	17
17	10
17	7
1	0
10	13
7	8
9	4
10	12
0	3
6	2
1	11
13	14
8	16
4	18
0	15
17	5
# tree 293
6	9
1	6
9	17
17	10
17	7
1	0
10	13
7	8
9	4
10	12
0	3
6	2
1	11
13	14
8	16
4	18
0	15
10	5
# tree 294
6	9
1	6
9	17
17	10
17	7
1	0
10	13
7	8
9	4
10	12
0	3
6	2
1	11
13	14
8	16
4	18
0	15
9	5
# tree 295
6	9
1	6
9	17
17	10
6	7
1	0
10	12
10	13
7	8
9	4
0	3
6	2
12	5
1	11
13	14
8	16
4	18
0	15
# tree 296
6	9
1	6
9	17
17	10
9	7
1	0
10	12
10	13
7	8
9	4
0	3
6	2
12	5
1	11
13	14
8	16
4	18
0	15
# tree 297
6	9
1	6
9	17
17	10
1	0
10	12
10	13
1	8
9	4
17	7
0	3
6	2
12	5
1	11
13	14
8	16
4	18
0	15
# tree 298
6	9
1	6
9	17
17	10
1	0
10	12
10	13
17	8
9	4
17	7
0	3
6	2
12	5
1	11
13	14
8	16
4	18
0	15
# tree 299
6	9
1	6
9	17
17	10
1	0
10	12
10	13
6	8
9	4
17	7
0	3
6	2
12	5
1	11
13	14
8	16
4	18
0	15
# tree 300
6	9
1	6
9	17
17	10
1	0
10	12
10	13
9	8
9	4
17	7
0	3
6	2
12	5
1	11
13	14
8	16
4	18
0	15
# tree 301
6	9
1	6
9	17
17	10
6	7
1	0
10	13
7	8
10	4
10	12
0	3
6	2
1	11
13	14
8	16
4	18
0	15
9	5
# tree 302
6	9
1	6
9	17
17	10
9	7
1	0
10	13
7	8
10	4
10	12
0	3
6	2
1	11
13	14
8	16
4	18
0	15
9	5
# tree 303
6	9
1	6
9	17
17	10
1	0
10	13
1	8
10	4
17	7
10	12
0	3
6	2
1	11
13	14
8	16
4	18
0	15
9	5
# tree 304
6	9
1	6
9	17
17	10
1	0
10	13
17	8
10	4
17	7
10	12
0	3
6	2
1	11
13	14
8	16
4	18
0	15
9	5
# tree 305
6	9
1	6
9	17
17	10
1	0
10	13
6	8
10	4
17	7
10	12
0	3
6	2
1	11
13	14
8	16
4	18
0	15
9	5
# tree 306
6	9
1	6
9	17
17	10
1	0
10	13
9	8
10	4
17	7
10	12
0	3
6	2
1	11
13	14
8	16
4	18
0	15
9	5
# tree 307
6	9
1	6
9	17
17	10
1	0
10	12
10	13
1	8
10	4
9	7
0	3
6	2
12	5
1	11
13	14
8	16
4	18
0	15
# tree 308
6	9
1	6
9	17
17	10
1	0
10	12
10	13
17	8
10	4
9	7
0	3
6	2
12	5
1	11
13	14
8	16
4	18
0	15
# tree 309
6	9
1	6
9	17
1	0
17	10
17	7
0	3
10	12
10	13
7	8
3	15
6	2
12	5
1	11
13	14
9	16
9	18
17	4
# tree 310
6	9
1	6
9	17
1	0
17	10
17	7
0	3
10	13
10	12
10	4
7	8
3	15
6	2
1	11
13	14
9	16
9	18
17	5
# tree 311
6	9
1	6
9	17
1	0
17	10
17	7
0	3
10	13
10	12
10	4
7	8
3	15
6	2
1	11
13	14
9	16
9	18
10	5
# tree 312
6	9
1	6
9	17
1	0
17	10
17	7
0	3
10	13
10	12
10	4
7	8
3	15
6	2
1	11
13	14
9	16
9	18
9	5
# tree 313
6	9
1	6
9	17
1	0
17	10
6	7
0	3
10	12
10	13
10	4
7	8
3	15
6	2
12	5
1	11
13	14
9	16
9	18
# tree 314
6	9
1	6
9	17
1	0
17	10
0	3
10	12
10	13
17	7
10	4
3	15
6	2
12	5
1	11
13	14
9	16
9	18
1	8
# tree 315
6	9
1	6
9	17
1	0
17	10
0	3
10	12
10	13
17	7
10	4
3	15
6	2
12	5
1	11
13	14
9	16
9	18
17	8
# tree 316
6	9
1	6
9	17
1	0
17	10
0	3
10	12
10	13
17	7
10	4
3	15
6	2
12	5
1	11
13	14
9	16
9	18
6	8
# tree 317
6	9
1	6
9	17
1	0
17	10
0	3
10	12
10	13
17	7
10	4
3	15
6	2
12	5
1	11
13	14
9	16
9	18
9	8
# tree 318
6	9
1	6
9	17
1	0
17	10
17	7
0	3
10	13
9	4
10	12
7	8
3	15
6	2
1	11
13	14
4	18
9	16
17	5
# tree 319
6	9
1	6
9	17
1	0
17	10
17	7
0	3
10	13
9	4
10	12
7	8
3	15
6	2
1	11
13	14
4	18
9	16
10	5
# tree 320
6	9
1	6
9	17
1	0
17	10
17	7
0	3
10	13
9	4
10	12
7	8
3	15
6	2
1	11
13	14
4	18
9	16
9	5
# tree 321
6	9
1	6
9	17
1	0
17	10
6	7
0	3
10	12
10	13
9	4
7	8
3	15
6	2
12	5
1	11
13	14
4	18
9	16
# tree 322
6	9
1	6
9	17
1	0
17	10
0	3
10	12
10	13
9	4
17	7
3	15
6	2
12	5
1	11
13	14
4	18
9	16
1	8
# tree 323
6	9
1	6
9	17
1	0
17	10
0	3
10	12
10	13
9	4
17	7
3	15
6	2
12	5
1	11
13	14
4	18
9	16
17	8
# tree 324
6	9
1	6
9	17
1	0
17	10
0	3
10	12
10	13
9	4
17	7
3	15
6	2
12	5
1	11
13	14
4	18
9	16
6	8
# tree 325
6	9
1	6
9	17
1	0
17	10
0	3
10	12
10	13
9	4
17	7
3	15
6	2
12	5
1	11
13	14
4	18
9	16
9	8
# tree 326
6	9
1	6
9	17
1	0
17	10
6	7
0	3
10	13
10	4
10	12
7	8
3	15
6	2
1	11
13	14
4	18
9	16
9	5
# tree 327
6	9
1	6
9	17
1	0
17	10
0	3
10	13
10	4
17	7
10	12
3	15
6	2
1	11
13	14
4	18
9	16
9	5
1	8
# tree 328
6	9
1	6
9	17
1	0
17	10
0	3
10	13
10	4
17	7
10	12
3	15
6	2
1	11
13	14
4	18
9	16
9	5
17	8
# tree 329
6	9
1	6
9	17
1	0
17	10
0	3
10	13
10	4
17	7
10	12
3	15
6	2
1	11
13	14
4	18
9	16
9	5
6	8
# tree 330
6	9
1	6
9	17
1	0
17	10
0	3
10	13
10	4
17	7
10	12
3	15
6	2
1	11
13	14
4	18
9	16
9	5
9	8
# tree 331
6	9
1	6
9	17
1	0
17	10
6	7
0	3
10	13
7	8
10	12
10	4
3	15
6	2
1	11
13	14
8	16
9	18
9	5
# tree 332
6	9
1	6
9	17
1	0
17	10
9	7
0	3
10	13
7	8
10	12
10	4
3	15
6	2
1	11
13	14
8	16
9	18
9	5
# tree 333
6	9
1	6
9	17
1	0
17	10
0	3
10	13
1	8
17	7
10	12
10	4
3	15
6	2
1	11
13	14
8	16
9	18
9	5
# tree 334
6	9
1	6
9	17
1	0
17	10
0	3
10	13
17	8
17	7
10	12
10	4
3	15
6	2
1	11
13	14
8	16
9	18
9	5
# tree 335
6	9
1	6
9	17
1	0
17	10
0	3
10	13
6	8
17	7
10	12
10	4
3	15
6	2
1	11
13	14
8	16
9	18
9	5
# tree 336
6	9
1	6
9	17
1	0
17	10
0	3
10	13
9	8
17	7
10	12
10	4
3	15
6	2
1	11
13	14
8	16
9	18
9	5
# tree 337
6	9
1	6
9	17
1	0
17	10
0	3
10	12
10	13
1	8
9	7
10	4
3	15
6	2
12	5
1	11
13	14
8	16
9	18
# tree 338
6	9
1	6
9	17
1	0
17	10
0	3
10	12
10	13
17	8
9	7
10	4
3	15
6	2
12	5
1	11
13	14
8	16
9	18
# tree 339
6	9
1	6
9	17
1	0
17	10
17	7
0	3
10	13
7	8
9	4
1	11
10	12
3	15
13	14
8	16
4	18
11	2
17	5
# tree 340
6	9
1	6
9	17
1	0
17	10
17	7
0	3
10	13
7	8
9	4
1	11
10	12
3	15
13	14
8	16
4	18
11	2
10	5
# tree 341
6	9
1	6
9	17
1	0
17	10
17	7
0	3
10	13
7	8
9	4
1	11
10	12
3	15
13	14
8	16
4	18
11	2
9	5
# tree 342
6	9
1	6
9	17
1	0
17	10
6	7
0	3
10	12
10	13
7	8
9	4
1	11
3	15
12	5
13	14
8	16
4	18
11	2
# tree 343
6	9
1	6
9	17
1	0
17	10
9	7
0	3
10	12
10	13
7	8
9	4
1	11
3	15
12	5
13	14
8	16
4	18
11	2
# tree 344
6	9
1	6
9	17
1	0
17	10
0	3
10	12
10	13
1	8
9	4
1	11
17	7
3	15
12	5
13	14
8	16
4	18
11	2
# tree 345
6	9
1	6
9	17
1	0
17	10
0	3
10	12
10	13
17	8
9	4
1	11
17	7
3	15
12	5
13	14
8	16
4	18
11	2
# tree 346
6	9
1	6
9	17
1	0
17	10
0	3
10	12
10	13
6	8
9	4
1	11
17	7
3	15
12	5
13	14
8	16
4	18
11	2
# tree 347
6	9
1	6
9	17
1	0
17	10
0	3
10	12
10	13
9	8
9	4
1	11
17	7
3	15
12	5
13	14
8	16
4	18
11	2
# tree 348
6	9
1	6
9	17
1	0
17	10
6	7
0	3
10	13
7	8
10	4
1	11
10	12
3	15
13	14
8	16
4	18
11	2
9	5
# tree 349
6	9
1	6
9	17
1	0
17	10
9	7
0	3
10	13
7	8
10	4
1	11
10	12
3	15
13	14
8	16
4	18
11	2
9	5
# tree 350
6	9
1	6
9	17
1	0
17	10
0	3
10	13
1	8
10	4
1	11
17	7
10	12
3	15
13	14
8	16
4	18
11	2
9	5
# tree 351
6	9
1	6
9	17
1	0
17	10
0	3
10	13
17	8
10	4
1	11
17	7
10	12
3	15
13	14
8	16
4	18
11	2
9	5
# tree 352
6	9
1	6
9	17
1	0
17	10
0	3
10	13
6	8
10	4
1	11
17	7
10	12
3	15
13	14
8	16
4	18
11	2
9	5
# tree 353
6	9
1	6
9	17
1	0
17	10
0	3
10	13
9	8
10	4
1	11
17	7
10	12
3	15
13	14
8	16
4	18
11	2
9	5
# tree 354
6	9
1	6
9	17
1	0
17	10
0	3
10	12
10	13
1	8
10	4
1	11
9	7
3	15
12	5
13	14
8	16
4	18
11	2
# tree 355
6	9
1	6
9	17
1	0
17	10
0	3
10	12
10	13
17	8
10	4
1	11
9	7
3	15
12	5
13	14
8	16
4	18
11	2
# tree 356
1	6
6	9
9	17
1	0
17	10
6	7
0	3
10	13
7	8
9	4
10	12
3	15
6	2
1	11
13	14
8	16
4	18
9	5
# tree 357
1	6
6	9
9	17
1	0
17	10
9	7
0	3
10	13
7	8
9	4
10	12
3	15
6	2
1	11
13	14
8	16
4	18
9	5
# tree 358
1	6
6	9
9	17
1	0
17	10
0	3
10	13
1	8
9	4
17	7
10	12
3	15
6	2
1	11
13	14
8	16
4	18
9	5
# tree 359
1	6
6	9
9	17
1	0
17	10
0	3
10	13
17	8
9	4
17	7
10	12
3	15
6	2
1	11
13	14
8	16
4	18
9	5
# tree 360
1	6
6	9
9	17
1	0
17	10
0	3
10	13
6	8
9	4
17	7
10	12
3	15
6	2
1	11
13	14
8	16
4	18
9	5
# tree 361
1	6
6	9
9	17
1	0
17	10
0	3
10	13
9	8
9	4
17	7
10	12
3	15
6	2
1	11
13	14
8	16
4	18
9	5
# tree 362
1	6
6	9
9	17
1	0
17	10
0	3
10	12
10	13
1	8
9	4
9	7
3	15
6	2
12	5
1	11
13	14
8	16
4	18
# tree 363
1	6
6	9
9	17
1	0
17	10
0	3
10	12
10	13
17	8
9	4
9	7
3	15
6	2
12	5
1	11
13	14
8	16
4	18
# tree 364
6	9
1	6
9	17
1	0
17	10
0	3
10	13
1	8
10	4
9	7
10	12
3	15
6	2
1	11
13	14
8	16
4	18
9	5
# tree 365
6	9
1	6
9	17
1	0
17	10
0	3
10	13
17	8
10	4
9	7
10	12
3	15
6	2
1	11
13	14
8	16
4	18
9	5
# tree 366
1	6
6	9
9	17
17	7
17	10
1	0
9	12
17	13
10	4
7	8
0	3
6	2
12	5
1	11
13	14
4	18
0	15
1	16
# tree 367
1	6
6	9
9	17
17	7
17	10
1	0
9	12
17	13
10	4
7	8
0	3
6	2
12	5
1	11
13	14
4	18
0	15
17	16
# tree 368
1	6
6	9
9	17
17	7
17	10
1	0
9	12
17	13
10	4
7	8
0	3
6	2
12	5
1	11
13	14
4	18
0	15
7	16
# tree 369
1	6
6	9
9	17
17	7
17	10
1	0
9	12
17	13
10	4
7	8
0	3
6	2
12	5
1	11
13	14
4	18
0	15
6	16
# tree 370
1	6
6	9
9	17
17	7
17	10
1	0
9	12
17	13
10	4
7	8
0	3
6	2
12	5
1	11
13	14
4	18
0	15
9	16
# tree 371
1	6
6	9
9	17
17	7
17	10
1	0
9	12
17	13
7	8
10	4
0	3
6	2
12	5
1	11
13	14
8	16
0	15
10	18
# tree 372
1	6
6	9
9	17
17	7
17	10
1	0
9	12
17	13
7	8
10	4
0	3
6	2
12	5
1	11
13	14
8	16
0	15
17	18
# tree 373
1	6
6	9
9	17
17	7
17	10
1	0
9	12
17	13
7	8
10	4
0	3
6	2
12	5
1	11
13	14
8	16
0	15
9	18
# tree 374
1	6
6	9
9	17
17	7
1	0
9	12
17	13
7	8
17	4
17	10
0	3
6	2
12	5
1	11
13	14
8	16
4	18
0	15
# tree 375
1	6
6	9
9	17
17	7
1	0
9	12
17	13
7	8
9	4
17	10
0	3
6	2
12	5
1	11
13	14
8	16
4	18
0	15
# tree 376
1	6
6	9
9	17
17	7
17	10
1	0
17	13
7	8
10	4
9	12
0	3
6	2
1	11
13	14
8	16
4	18
0	15
17	5
# tree 377
1	6
6	9
9	17
17	7
17	10
1	0
17	13
7	8
10	4
9	12
0	3
6	2
1	11
13	14
8	16
4	18
0	15
10	5
# tree 378
1	6
6	9
9	17
6	7
17	10
1	0
9	12
17	13
7	8
10	4
0	3
6	2
12	5
1	11
13	14
8	16
4	18
0	15
# tree 379
1	6
6	9
9	17
9	7
17	10
1	0
9	12
17	13
7	8
10	4
0	3
6	2
12	5
1	11
13	14
8	16
4	18
0	15
# tree 380
1	6
6	9
9	17
17	10
1	0
9	12
17	13
1	8
10	4
17	7
0	3
6	2
12	5
1	11
13	14
8	16
4	18
0	15
# tree 381
1	6
6	9
9	17
17	10
1	0
9	12
17	13
17	8
10	4
17	7
0	3
6	2
12	5
1	11
13	14
8	16
4	18
0	15
# tree 382
1	6
6	9
9	17
17	10
1	0
9	12
17	13
6	8
10	4
17	7
0	3
6	2
12	5
1	11
13	14
8	16
4	18
0	15
# tree 383
1	6
6	9
9	17
17	10
1	0
9	12
17	13
9	8
10	4
17	7
0	3
6	2
12	5
1	11
13	14
8	16
4	18
0	15
# tree 384
1	6
6	9
9	17
1	0
17	10
17	7
0	3
9	12
17	13
10	4
7	8
3	15
6	2
12	5
1	11
13	14
9	16
10	18
# tree 385
1	6
6	9
9	17
1	0
17	10
17	7
0	3
9	12
17	13
10	4
7	8
3	15
6	2
12	5
1	11
13	14
9	16
17	18
# tree 386
1	6
6	9
9	17
1	0
17	10
17	7
0	3
9	12
17	13
10	4
7	8
3	15
6	2
12	5
1	11
13	14
9	16
9	18
# tree 387
1	6
6	9
9	17
1	0
17	7
0	3
9	12
17	13
17	4
17	10
7	8
3	15
6	2
12	5
1	11
13	14
4	18
9	16
# tree 388
1	6
6	9
9	17
1	0
17	7
0	3
9	12
17	13
9	4
17	10
7	8
3	15
6	2
12	5
1	11
13	14
4	18
9	16
# tree 389
1	6
6	9
9	17
1	0
17	10
17	7
0	3
17	13
10	4
9	12
7	8
3	15
6	2
1	11
13	14
4	18
9	16
17	5
# tree 390
1	6
6	9
9	17
1	0
17	10
17	7
0	3
17	13
10	4
9	12
7	8
3	15
6	2
1	11
13	14
4	18
9	16
10	5
# tree 391
1	6
6	9
9	17
1	0
17	10
6	7
0	3
9	12
17	13
10	4
7	8
3	15
6	2
12	5
1	11
13	14
4	18
9	16
# tree 392
1	6
6	9
9	17
1	0
17	10
0	3
9	12
17	13
10	4
17	7
3	15
6	2
12	5
1	11
13	14
4	18
9	16
1	8
# tree 393
1	6
6	9
9	17
1	0
17	10
0	3
9	12
17	13
10	4
17	7
3	15
6	2
12	5
1	11
13	14
4	18
9	16
17	8
# tree 394
1	6
6	9
9	17
1	0
17	10
0	3
9	12
17	13
10	4
17	7
3	15
6	2
12	5
1	11
13	14
4	18
9	16
6	8
# tree 395
1	6
6	9
9	17
1	0
17	10
0	3
9	12
17	13
10	4
17	7
3	15
6	2
12	5
1	11
13	14
4	18
9	16
9	8
# tree 396
1	6
6	9
9	17
1	0
17	7
0	3
9	12
17	13
7	8
17	10
3	15
6	2
12	5
1	11
13	14
8	16
9	18
17	4
# tree 397
1	6
6	9
9	17
1	0
17	7
17	10
0	3
17	13
7	8
9	12
10	4
3	15
6	2
1	11
13	14
8	16
9	18
17	5
# tree 398
1	6
6	9
9	17
1	0
17	7
17	10
0	3
17	13
7	8
9	12
10	4
3	15
6	2
1	11
13	14
8	16
9	18
10	5
# tree 399
1	6
6	9
9	17
1	0
6	7
17	10
0	3
9	12
17	13
7	8
10	4
3	15
6	2
12	5
1	11
13	14
8	16
9	18
# tree 400
1	6
6	9
9	17
1	0
9	7
17	10
0	3
9	12
17	13
7	8
10	4
3	15
6	2
12	5
1	11
13	14
8	16
9	18
# tree 401
1	6
6	9
9	17
1	0
17	10
0	3
9	12
17	13
1	8
17	7
10	4
3	15
6	2
12	5
1	11
13	14
8	16
9	18
# tree 402
1	6
6	9
9	17
1	0
17	10
0	3
9	12
17	13
17	8
17	7
10	4
3	15
6	2
12	5
1	11
13	14
8	16
9	18
# tree 403
1	6
6	9
9	17
1	0
17	10
0	3
9	12
17	13
6	8
17	7
10	4
3	15
6	2
12	5
1	11
13	14
8	16
9	18
# tree 404
1	6
6	9
9	17
1	0
17	10
0	3
9	12
17	13
9	8
17	7
10	4
3	15
6	2
12	5
1	11
13	14
8	16
9	18
# tree 405
1	6
6	9
9	17
1	0
17	7
0	3
17	13
7	8
9	4
9	12
17	10
3	15
6	2
1	11
13	14
8	16
4	18
17	5
# tree 406
1	6
6	9
9	17
1	0
17	7
0	3
17	13
7	8
9	4
17	10
9	12
3	15
6	2
1	11
13	14
8	16
4	18
10	5
# tree 407
1	6
6	9
1	0
9	17
6	7
0	3
9	12
17	13
7	8
9	4
17	10
3	15
6	2
12	5
1	11
13	14
8	16
4	18
# tree 408
1	6
6	9
1	0
9	17
9	7
0	3
9	12
17	13
7	8
9	4
17	10
3	15
6	2
12	5
1	11
13	14
8	16
4	18
# tree 409
1	6
6	9
9	17
1	0
0	3
9	12
17	13
1	8
9	4
17	7
17	10
3	15
6	2
12	5
1	11
13	14
8	16
4	18
# tree 410
1	6
6	9
9	17
1	0
0	3
9	12
17	13
17	8
9	4
17	7
17	10
3	15
6	2
12	5
1	11
13	14
8	16
4	18
# tree 411
1	6
6	9
9	17
1	0
0	3
9	12
17	13
6	8
9	4
17	7
17	10
3	15
6	2
12	5
1	11
13	14
8	16
4	18
# tree 412
1	6
6	9
9	17
1	0
0	3
9	12
17	13
9	8
9	4
17	7
17	10
3	15
6	2
12	5
1	11
13	14
8	16
4	18
# tree 413
1	6
6	9
9	17
1	0
17	10
0	3
9	12
17	13
1	8
10	4
9	7
3	15
6	2
12	5
1	11
13	14
8	16
4	18
# tree 414
1	6
6	9
9	17
1	0
17	10
0	3
9	12
17	13
17	8
10	4
9	7
3	15
6	2
12	5
1	11
13	14
8	16
4	18
# tree 415
1	6
6	9
9	17
17	10
17	7
1	0
9	12
10	13
10	4
7	8
0	3
6	2
12	5
1	11
13	14
0	15
9	16
10	18
# tree 416
1	6
6	9
9	17
17	10
17	7
1	0
9	12
10	13
10	4
7	8
0	3
6	2
12	5
1	11
13	14
0	15
9	16
17	18
# tree 417
1	6
6	9
9	17
17	10
17	7
1	0
9	12
10	13
10	4
7	8
0	3
6	2
12	5
1	11
13	14
0	15
9	16
9	18
# tree 418
1	6
6	9
9	17
17	10
17	7
1	0
9	12
10	13
17	4
7	8
0	3
6	2
12	5
1	11
13	14
4	18
0	15
9	16
# tree 419
1	6
6	9
9	17
17	10
17	7
1	0
9	12
10	13
9	4
7	8
0	3
6	2
12	5
1	11
13	14
4	18
0	15
9	16
# tree 420
1	6
6	9
9	17
17	10
17	7
1	0
10	13
10	4
9	12
7	8
0	3
6	2
1	11
13	14
4	18
0	15
9	16
17	5
# tree 421
1	6
6	9
9	17
17	10
17	7
1	0
10	13
10	4
9	12
7	8
0	3
6	2
1	11
13	14
4	18
0	15
9	16
10	5
# tree 422
1	6
6	9
9	17
17	10
6	7
1	0
9	12
10	13
10	4
7	8
0	3
6	2
12	5
1	11
13	14
4	18
0	15
9	16
# tree 423
1	6
6	9
9	17
17	10
1	0
9	12
10	13
10	4
17	7
0	3
6	2
12	5
1	11
13	14
4	18
0	15
9	16
1	8
# tree 424
1	6
6	9
9	17
17	10
1	0
9	12
10	13
10	4
17	7
0	3
6	2
12	5
1	11
13	14
4	18
0	15
9	16
17	8
# tree 425
1	6
6	9
9	17
17	10
1	0
9	12
10	13
10	4
17	7
0	3
6	2
12	5
1	11
13	14
4	18
0	15
9	16
6	8
# tree 426
1	6
6	9
9	17
17	10
1	0
9	12
10	13
10	4
17	7
0	3
6	2
12	5
1	11
13	14
4	18
0	15
9	16
9	8
# tree 427
1	6
6	9
9	17
17	10
17	7
1	0
9	12
10	13
7	8
0	3
6	2
12	5
1	11
13	14
8	16
0	15
9	18
17	4
# tree 428
1	6
6	9
9	17
17	10
17	7
1	0
10	13
7	8
9	12
10	4
0	3
6	2
1	11
13	14
8	16
0	15
9	18
17	5
# tree 429
1	6
6	9
9	17
17	10
17	7
1	0
10	13
7	8
9	12
10	4
0	3
6	2
1	11
13	14
8	16
0	15
9	18
10	5
# tree 430
1	6
6	9
9	17
17	10
6	7
1	0
9	12
10	13
7	8
10	4
0	3
6	2
12	5
1	11
13	14
8	16
0	15
9	18
# tree 431
1	6
6	9
9	17
17	10
9	7
1	0
9	12
10	13
7	8
10	4
0	3
6	2
12	5
1	11
13	14
8	16
0	15
9	18
# tree 432
1	6
6	9
9	17
17	10
1	0
9	12
10	13
1	8
17	7
10	4
0	3
6	2
12	5
1	11
13	14
8	16
0	15
9	18
# tree 433
1	6
6	9
9	17
17	10
1	0
9	12
10	13
17	8
17	7
10	4
0	3
6	2
12	5
1	11
13	14
8	16
0	15
9	18
# tree 434
1	6
6	9
9	17
17	10
1	0
9	12
10	13
6	8
17	7
10	4
0	3
6	2
12	5
1	11
13	14
8	16
0	15
9	18
# tree 435
1	6
6	9
9	17
17	10
1	0
9	12
10	13
9	8
17	7
10	4
0	3
6	2
12	5
1	11
13	14
8	16
0	15
9	18
# tree 436
1	6
6	9
9	17
17	10
17	7
1	0
10	13
7	8
9	4
9	12
0	3
6	2
1	11
13	14
8	16
4	18
0	15
17	5
# tree 437
1	6
6	9
9	17
17	10
17	7
1	0
10	13
7	8
9	4
9	12
0	3
6	2
1	11
13	14
8	16
4	18
0	15
10	5
# tree 438
1	6
6	9
9	17
17	10
6	7
1	0
9	12
10	13
7	8
9	4
0	3
6	2
12	5
1	11
13	14
8	16
4	18
0	15
# tree 439
1	6
6	9
9	17
17	10
9	7
1	0
9	12
10	13
7	8
9	4
0	3
6	2
12	5
1	11
13	14
8	16
4	18
0	15
# tree 440
1	6
6	9
9	17
17	10
1	0
9	12
10	13
1	8
9	4
17	7
0	3
6	2
12	5
1	11
13	14
8	16
4	18
0	15
# tree 441
1	6
6	9
9	17
17	10
1	0
9	12
10	13
17	8
9	4
17	7
0	3
6	2
12	5
1	11
13	14
8	16
4	18
0	15
# tree 442
1	6
6	9
9	17
17	10
1	0
9	12
10	13
6	8
9	4
17	7
0	3
6	2
12	5
1	11
13	14
8	16
4	18
0	15
# tree 443
1	6
6	9
9	17
17	10
1	0
9	12
10	13
9	8
9	4
17	7
0	3
6	2
12	5
1	11
13	14
8	16
4	18
0	15
# tree 444
1	6
6	9
9	17
17	10
1	0
9	12
10	13
1	8
10	4
9	7
0	3
6	2
12	5
1	11
13	14
8	16
4	18
0	15
# tree 445
1	6
6	9
9	17
17	10
1	0
9	12
10	13
17	8
10	4
9	7
0	3
6	2
12	5
1	11
13	14
8	16
4	18
0	15
# tree 446
1	6
6	9
9	17
1	0
17	10
17	7
0	3
9	12
10	13
7	8
3	15
6	2
12	5
1	11
13	14
9	16
9	18
17	4
# tree 447
1	6
6	9
9	17
1	0
17	10
17	7
0	3
10	13
9	12
10	4
7	8
3	15
6	2
1	11
13	14
9	16
9	18
17	5
# tree 448
1	6
6	9
9	17
1	0
17	10
17	7
0	3
10	13
9	12
10	4
7	8
3	15
6	2
1	11
13	14
9	16
9	18
10	5
# tree 449
1	6
6	9
9	17
1	0
17	10
6	7
0	3
9	12
10	13
10	4
7	8
3	15
6	2
12	5
1	11
13	14
9	16
9	18
# tree 450
1	6
6	9
9	17
1	0
17	10
0	3
9	12
10	13
17	7
10	4
3	15
6	2
12	5
1	11
13	14
9	16
9	18
1	8
# tree 451
1	6
6	9
9	17
1	0
17	10
0	3
9	12
10	13
17	7
10	4
3	15
6	2
12	5
1	11
13	14
9	16
9	18
17	8
# tree 452
1	6
6	9
9	17
1	0
17	10
0	3
9	12
10	13
17	7
10	4
3	15
6	2
12	5
1	11
13	14
9	16
9	18
6	8
# tree 453
1	6
6	9
9	17
1	0
17	10
0	3
9	12
10	13
17	7
10	4
3	15
6	2
12	5
1	11
13	14
9	16
9	18
9	8
# tree 454
1	6
6	9
9	17
1	0
17	10
17	7
0	3
10	13
9	4
9	12
7	8
3	15
6	2
1	11
13	14
4	18
9	16
17	5
# tree 455
1	6
6	9
9	17
1	0
17	10
17	7
0	3
10	13
9	4
9	12
7	8
3	15
6	2
1	11
13	14
4	18
9	16
10	5
# tree 456
1	6
6	9
9	17
1	0
17	10
6	7
0	3
9	12
10	13
9	4
7	8
3	15
6	2
12	5
1	11
13	14
4	18
9	16
# tree 457
1	6
6	9
9	17
1	0
17	10
0	3
9	12
10	13
9	4
17	7
3	15
6	2
12	5
1	11
13	14
4	18
9	16
1	8
# tree 458
1	6
6	9
9	17
1	0
17	10
0	3
9	12
10	13
9	4
17	7
3	15
6	2
12	5
1	11
13	14
4	18
9	16
17	8
# tree 459
1	6
6	9
9	17
1	0
17	10
0	3
9	12
10	13
9	4
17	7
3	15
6	2
12	5
1	11
13	14
4	18
9	16
6	8
# tree 460
1	6
6	9
9	17
1	0
17	10
0	3
9	12
10	13
9	4
17	7
3	15
6	2
12	5
1	11
13	14
4	18
9	16
9	8
# tree 461
1	6
6	9
9	17
1	0
17	10
0	3
9	12
10	13
1	8
9	7
10	4
3	15
6	2
12	5
1	11
13	14
8	16
9	18
# tree 462
1	6
6	9
9	17
1	0
17	10
0	3
9	12
10	13
17	8
9	7
10	4
3	15
6	2
12	5
1	11
13	14
8	16
9	18
# tree 463
1	6
6	9
9	17
1	0
17	10
0	3
9	12
10	13
1	8
9	4
9	7
3	15
6	2
12	5
1	11
13	14
8	16
4	18
# tree 464
1	6
6	9
9	17
1	0
17	10
0	3
9	12
10	13
17	8
9	4
9	7
3	15
6	2
12	5
1	11
13	14
8	16
4	18
# tree 465
1	6
6	9
9	17
17	10
17	7
1	0
10	12
17	13
10	4
7	8
0	3
6	2
12	5
1	11
13	14
0	15
9	16
10	18
# tree 466
1	6
6	9
9	17
17	10
17	7
1	0
10	12
17	13
10	4
7	8
0	3
6	2
12	5
1	11
13	14
0	15
9	16
17	18
# tree 467
1	6
6	9
9	17
17	10
17	7
1	0
10	12
17	13
10	4
7	8
0	3
6	2
12	5
1	11
13	14
0	15
9	16
9	18
# tree 468
1	6
6	9
9	17
17	10
17	7
1	0
10	12
17	13
17	4
7	8
0	3
6	2
12	5
1	11
13	14
4	18
0	15
9	16
# tree 469
1	6
6	9
9	17
17	10
17	7
1	0
10	12
17	13
9	4
7	8
0	3
6	2
12	5
1	11
13	14
4	18
0	15
9	16
# tree 470
1	6
6	9
9	17
17	10
17	7
1	0
17	13
10	4
10	12
7	8
0	3
6	2
1	11
13	14
4	18
0	15
9	16
17	5
# tree 471
1	6
6	9
9	17
17	10
17	7
1	0
17	13
10	4
10	12
7	8
0	3
6	2
1	11
13	14
4	18
0	15
9	16
10	5
# tree 472
1	6
6	9
9	17
17	10
17	7
1	0
17	13
10	4
10	12
7	8
0	3
6	2
1	11
13	14
4	18
0	15
9	16
9	5
# tree 473
1	6
6	9
9	17
17	10
6	7
1	0
10	12
17	13
10	4
7	8
0	3
6	2
12	5
1	11
13	14
4	18
0	15
9	16
# tree 474
1	6
6	9
9	17
17	10
1	0
10	12
17	13
10	4
17	7
0	3
6	2
12	5
1	11
13	14
4	18
0	15
9	16
1	8
# tree 475
1	6
6	9
9	17
17	10
1	0
10	12
17	13
10	4
17	7
0	3
6	2
12	5
1	11
13	14
4	18
0	15
9	16
17	8
# tree 476
1	6
6	9
9	17
17	10
1	0
10	12
17	13
10	4
17	7
0	3
6	2
12	5
1	11
13	14
4	18
0	15
9	16
6	8
# tree 477
1	6
6	9
9	17
17	10
1	0
10	12
17	13
10	4
17	7
0	3
6	2
12	5
1	11
13	14
4	18
0	15
9	16
9	8
# tree 478
1	6
6	9
9	17
17	10
17	7
1	0
10	12
17	13
7	8
0	3
6	2
12	5
1	11
13	14
8	16
0	15
9	18
17	4
# tree 479
1	6
6	9
9	17
17	10
17	7
1	0
17	13
7	8
10	12
10	4
0	3
6	2
1	11
13	14
8	16
0	15
9	18
17	5
# tree 480
1	6
6	9
9	17
17	10
17	7
1	0
17	13
7	8
10	12
10	4
0	3
6	2
1	11
13	14
8	16
0	15
9	18
10	5
# tree 481
1	6
6	9
9	17
17	10
17	7
1	0
17	13
7	8
10	12
10	4
0	3
6	2
1	11
13	14
8	16
0	15
9	18
9	5
# tree 482
1	6
6	9
9	17
17	10
6	7
1	0
10	12
17	13
7	8
10	4
0	3
6	2
12	5
1	11
13	14
8	16
0	15
9	18
# tree 483
1	6
6	9
9	17
17	10
9	7
1	0
10	12
17	13
7	8
10	4
0	3
6	2
12	5
1	11
13	14
8	16
0	15
9	18
# tree 484
1	6
6	9
9	17
17	10
1	0
10	12
17	13
1	8
17	7
10	4
0	3
6	2
12	5
1	11
13	14
8	16
0	15
9	18
# tree 485
1	6
6	9
9	17
17	10
1	0
10	12
17	13
17	8
17	7
10	4
0	3
6	2
12	5
1	11
13	14
8	16
0	15
9	18
# tree 486
1	6
6	9
9	17
17	10
1	0
10	12
17	13
6	8
17	7
10	4
0	3
6	2
12	5
1	11
13	14
8	16
0	15
9	18
# tree 487
1	6
6	9
9	17
17	10
1	0
10	12
17	13
9	8
17	7
10	4
0	3
6	2
12	5
1	11
13	14
8	16
0	15
9	18
# tree 488
1	6
6	9
9	17
17	10
17	7
1	0
17	13
7	8
9	4
10	12
0	3
6	2
1	11
13	14
8	16
4	18
0	15
17	5
# tree 489
1	6
6	9
9	17
17	10
17	7
1	0
17	13
7	8
9	4
10	12
0	3
6	2
1	11
13	14
8	16
4	18
0	15
10	5
# tree 490
1	6
6	9
9	17
17	10
17	7
1	0
17	13
7	8
9	4
10	12
0	3
6	2
1	11
13	14
8	16
4	18
0	15
9	5
# tree 491
1	6
6	9
9	17
17	10
6	7
1	0
10	12
17	13
7	8
9	4
0	3
6	2
12	5
1	11
13	14
8	16
4	18
0	15
# tree 492
1	6
6	9
9	17
17	10
9	7
1	0
10	12
17	13
7	8
9	4
0	3
6	2
12	5
1	11
13	14
8	16
4	18
0	15
# tree 493
1	6
6	9
9	17
17	10
1	0
10	12
17	13
1	8
9	4
17	7
0	3
6	2
12	5
1	11
13	14
8	16
4	18
0	15
# tree 494
1	6
6	9
9	17
17	10
1	0
10	12
17	13
17	8
9	4
17	7
0	3
6	2
12	5
1	11
13	14
8	16
4	18
0	15
# tree 495
1	6
6	9
9	17
17	10
1	0
10	12
17	13
6	8
9	4
17	7
0	3
6	2
12	5
1	11
13	14
8	16
4	18
0	15
# tree 496
1	6
6	9
9	17
17	10
1	0
10	12
17	13
9	8
9	4
17	7
0	3
6	2
12	5
1	11
13	14
8	16
4	18
0	15
# tree 497
1	6
6	9
9	17
6	7
17	10
1	0
17	13
7	8
10	4
10	12
0	3
6	2
1	11
13	14
8	16
4	18
0	15
9	5
# tree 498
1	6
6	9
9	17
9	7
17	10
1	0
17	13
7	8
10	4
10	12
0	3
6	2
1	11
13	14
8	16
4	18
0	15
9	5
# tree 499
1	6
6	9
9	17
17	10
1	0
17	13
1	8
10	4
17	7
10	12
0	3
6	2
1	11
13	14
8	16
4	18
0	15
9	5
# tree 500
1	6
6	9
9	17
17	10
1	0
17	13
17	8
10	4
17	7
10	12
0	3
6	2
1	11
13	14
8	16
4	18
0	15
9	5
# tree 501
1	6
6	9
9	17
17	10
1	0
17	13
6	8
10	4
17	7
10	12
0	3
6	2
1	11
13	14
8	16
4	18
0	15
9	5
# tree 502
1	6
6	9
9	17
17	10
1	0
17	13
9	8
10	4
17	7
10	12
0	3
6	2
1	11
13	14
8	16
4	18
0	15
9	5
# tree 503
1	6
6	9
9	17
17	10
1	0
10	12
17	13
1	8
10	4
9	7
0	3
6	2
12	5
1	11
13	14
8	16
4	18
0	15
# tree 504
1	6
6	9
9	17
17	10
1	0
10	12
17	13
17	8
10	4
9	7
0	3
6	2
12	5
1	11
13	14
8	16
4	18
0	15
# tree 505
1	6
6	9
9	17
1	0
17	10
17	7
0	3
10	12
17	13
7	8
3	15
6	2
12	5
1	11
13	14
9	16
9	18
17	4
# tree 506
1	6
6	9
9	17
1	0
17	10
17	7
0	3
17	13
10	12
10	4
7	8
3	15
6	2
1	11
13	14
9	16
9	18
17	5
# tree 507
1	6
6	9
9	17
1	0
17	10
17	7
0	3
17	13
10	12
10	4
7	8
3	15
6	2
1	11
13	14
9	16
9	18
10	5
# tree 508
1	6
6	9
9	17
1	0
17	10
17	7
0	3
17	13
10	12
10	4
7	8
3	15
6	2
1	11
13	14
9	16
9	18
9	5
# tree 509
1	6
6	9
9	17
1	0
17	10
6	7
0	3
10	12
17	13
10	4
7	8
3	15
6	2
12	5
1	11
13	14
9	16
9	18
# tree 510
1	6
6	9
9	17
1	0
17	10
0	3
10	12
17	13
17	7
10	4
3	15
6	2
12	5
1	11
13	14
9	16
9	18
1	8
# tree 511
1	6
6	9
9	17
1	0
17	10
0	3
10	12
17	13
17	7
10	4
3	15
6	2
12	5
1	11
13	14
9	16
9	18
17	8
# tree 512
1	6
6	9
9	17
1	0
17	10
0	3
10	12
17	13
17	7
10	4
3	15
6	2
12	5
1	11
13	14
9	16
9	18
6	8
# tree 513
1	6
6	9
9	17
1	0
17	10
0	3
10	12
17	13
17	7
10	4
3	15
6	2
12	5
1	11
13	14
9	16
9	18
9	8
# tree 514
1	6
6	9
9	17
1	0
17	10
17	7
0	3
17	13
9	4
10	12
7	8
3	15
6	2
1	11
13	14
4	18
9	16
17	5
# tree 515
1	6
6	9
9	17
1	0
17	10
17	7
0	3
17	13
9	4
10	12
7	8
3	15
6	2
1	11
13	14
4	18
9	16
10	5
# tree 516
1	6
6	9
9	17
1	0
17	10
17	7
0	3
17	13
9	4
10	12
7	8
3	15
6	2
1	11
13	14
4	18
9	16
9	5
# tree 517
1	6
6	9
9	17
1	0
17	10
6	7
0	3
10	12
17	13
9	4
7	8
3	15
6	2
12	5
1	11
13	14
4	18
9	16
# tree 518
1	6
6	9
9	17
1	0
17	10
0	3
10	12
17	13
9	4
17	7
3	15
6	2
12	5
1	11
13	14
4	18
9	16
1	8
# tree 519
1	6
6	9
9	17
1	0
17	10
0	3
10	12
17	13
9	4
17	7
3	15
6	2
12	5
1	11
13	14
4	18
9	16
17	8
# tree 520
1	6
6	9
9	17
1	0
17	10
0	3
10	12
17	13
9	4
17	7
3	15
6	2
12	5
1	11
13	14
4	18
9	16
6	8
# tree 521
1	6
6	9
9	17
1	0
17	10
0	3
10	12
17	13
9	4
17	7
3	15
6	2
12	5
1	11
13	14
4	18
9	16
9	8
# tree 522
1	6
6	9
9	17
1	0
17	10
6	7
0	3
17	13
10	4
10	12
7	8
3	15
6	2
1	11
13	14
4	18
9	16
9	5
# tree 523
1	6
6	9
9	17
1	0
17	10
0	3
17	13
10	4
17	7
10	12
3	15
6	2
1	11
13	14
4	18
9	16
9	5
1	8
# tree 524
1	6
6	9
9	17
1	0
17	10
0	3
17	13
10	4
17	7
10	12
3	15
6	2
1	11
13	14
4	18
9	16
9	5
17	8
# tree 525
1	6
6	9
9	17
1	0
17	10
0	3
17	13
10	4
17	7
10	12
3	15
6	2
1	11
13	14
4	18
9	16
9	5
6	8
# tree 526
1	6
6	9
9	17
1	0
17	10
0	3
17	13
10	4
17	7
10	12
3	15
6	2
1	11
13	14
4	18
9	16
9	5
9	8
# tree 527
1	6
6	9
9	17
1	0
6	7
17	10
0	3
17	13
7	8
10	12
10	4
3	15
6	2
1	11
13	14
8	16
9	18
9	5
# tree 528
1	6
6	9
9	17
1	0
9	7
17	10
0	3
17	13
7	8
10	12
10	4
3	15
6	2
1	11
13	14
8	16
9	18
9	5
# tree 529
1	6
6	9
9	17
1	0
17	10
0	3
17	13
1	8
17	7
10	12
10	4
3	15
6	2
1	11
13	14
8	16
9	18
9	5
# tree 530
1	6
6	9
9	17
1	0
17	10
0	3
17	13
17	8
17	7
10	12
10	4
3	15
6	2
1	11
13	14
8	16
9	18
9	5
# tree 531
1	6
6	9
9	17
1	0
17	10
0	3
17	13
6	8
17	7
10	12
10	4
3	15
6	2
1	11
13	14
8	16
9	18
9	5
# tree 532
1	6
6	9
9	17
1	0
17	10
0	3
17	13
9	8
17	7
10	12
10	4
3	15
6	2
1	11
13	14
8	16
9	18
9	5
# tree 533
1	6
6	9
9	17
1	0
17	10
0	3
10	12
17	13
1	8
9	7
10	4
3	15
6	2
12	5
1	11
13	14
8	16
9	18
# tree 534
1	6
6	9
9	17
1	0
17	10
0	3
10	12
17	13
17	8
9	7
10	4
3	15
6	2
12	5
1	11
13	14
8	16
9	18
# tree 535
1	6
6	9
9	17
1	0
6	7
17	10
0	3
17	13
7	8
9	4
10	12
3	15
6	2
1	11
13	14
8	16
4	18
9	5
# tree 536
1	6
6	9
9	17
1	0
9	7
17	10
0	3
17	13
7	8
9	4
10	12
3	15
6	2
1	11
13	14
8	16
4	18
9	5
# tree 537
1	6
6	9
9	17
1	0
17	10
0	3
17	13
1	8
9	4
17	7
10	12
3	15
6	2
1	11
13	14
8	16
4	18
9	5
# tree 538
1	6
6	9
9	17
1	0
17	10
0	3
17	13
17	8
9	4
17	7
10	12
3	15
6	2
1	11
13	14
8	16
4	18
9	5
# tree 539
1	6
6	9
9	17
1	0
17	10
0	3
17	13
6	8
9	4
17	7
10	12
3	15
6	2
1	11
13	14
8	16
4	18
9	5
# tree 540
1	6
6	9
9	17
1	0
17	10
0	3
17	13
9	8
9	4
17	7
10	12
3	15
6	2
1	11
13	14
8	16
4	18
9	5
# tree 541
1	6
6	9
9	17
1	0
17	10
0	3
10	12
17	13
1	8
9	4
9	7
3	15
6	2
12	5
1	11
13	14
8	16
4	18
# tree 542
1	6
6	9
9	17
1	0
17	10
0	3
10	12
17	13
17	8
9	4
9	7
3	15
6	2
12	5
1	11
13	14
8	16
4	18
# tree 543
1	6
6	9
9	17
1	0
17	10
0	3
17	13
1	8
10	4
9	7
10	12
3	15
6	2
1	11
13	14
8	16
4	18
9	5
# tree 544
1	6
6	9
9	17
1	0
17	10
0	3
17	13
17	8
10	4
9	7
10	12
3	15
6	2
1	11
13	14
8	16
4	18
9	5
# tree 545
1	6
6	9
9	17
17	10
17	7
1	0
10	12
10	13
7	8
0	3
6	2
12	5
1	11
13	14
0	15
9	16
9	18
17	4
# tree 546
1	6
6	9
9	17
17	10
17	7
1	0
10	13
10	12
10	4
7	8
0	3
6	2
1	11
13	14
0	15
9	16
9	18
17	5
# tree 547
1	6
6	9
9	17
17	10
17	7
1	0
10	13
10	12
10	4
7	8
0	3
6	2
1	11
13	14
0	15
9	16
9	18
10	5
# tree 548
1	6
6	9
9	17
17	10
17	7
1	0
10	13
10	12
10	4
7	8
0	3
6	2
1	11
13	14
0	15
9	16
9	18
9	5
# tree 549
1	6
6	9
9	17
17	10
6	7
1	0
10	12
10	13
10	4
7	8
0	3
6	2
12	5
1	11
13	14
0	15
9	16
9	18
# tree 550
1	6
6	9
9	17
17	10
1	0
10	12
10	13
17	7
10	4
0	3
6	2
12	5
1	11
13	14
0	15
9	16
9	18
1	8
# tree 551
1	6
6	9
9	17
17	10
1	0
10	12
10	13
17	7
10	4
0	3
6	2
12	5
1	11
13	14
0	15
9	16
9	18
17	8
# tree 552
1	6
6	9
9	17
17	10
1	0
10	12
10	13
17	7
10	4
0	3
6	2
12	5
1	11
13	14
0	15
9	16
9	18
6	8
# tree 553
1	6
6	9
9	17
17	10
1	0
10	12
10	13
17	7
10	4
0	3
6	2
12	5
1	11
13	14
0	15
9	16
9	18
9	8
# tree 554
1	6
6	9
9	17
17	10
17	7
1	0
10	13
9	4
10	12
7	8
0	3
6	2
1	11
13	14
4	18
0	15
9	16
17	5
# tree 555
1	6
6	9
9	17
17	10
17	7
1	0
10	13
9	4
10	12
7	8
0	3
6	2
1	11
13	14
4	18
0	15
9	16
10	5
# tree 556
1	6
6	9
9	17
17	10
17	7
1	0
10	13
9	4
10	12
7	8
0	3
6	2
1	11
13	14
4	18
0	15
9	16
9	5
# tree 557
1	6
6	9
9	17
17	10
6	7
1	0
10	12
10	13
9	4
7	8
0	3
6	2
12	5
1	11
13	14
4	18
0	15
9	16
# tree 558
1	6
6	9
9	17
17	10
1	0
10	12
10	13
9	4
17	7
0	3
6	2
12	5
1	11
13	14
4	18
0	15
9	16
1	8
# tree 559
1	6
6	9
9	17
17	10
1	0
10	12
10	13
9	4
17	7
0	3
6	2
12	5
1	11
13	14
4	18
0	15
9	16
17	8
# tree 560
1	6
6	9
9	17
17	10
1	0
10	12
10	13
9	4
17	7
0	3
6	2
12	5
1	11
13	14
4	18
0	15
9	16
6	8
# tree 561
1	6
6	9
9	17
17	10
1	0
10	12
10	13
9	4
17	7
0	3
6	2
12	5
1	11
13	14
4	18
0	15
9	16
9	8
# tree 562
1	6
6	9
9	17
17	10
6	7
1	0
10	13
10	4
10	12
7	8
0	3
6	2
1	11
13	14
4	18
0	15
9	16
9	5
# tree 563
1	6
6	9
9	17
17	10
1	0
10	13
10	4
17	7
10	12
0	3
6	2
1	11
13	14
4	18
0	15
9	16
9	5
1	8
# tree 564
1	6
6	9
9	17
17	10
1	0
10	13
10	4
17	7
10	12
0	3
6	2
1	11
13	14
4	18
0	15
9	16
9	5
17	8
# tree 565
1	6
6	9
9	17
17	10
1	0
10	13
10	4
17	7
10	12
0	3
6	2
1	11
13	14
4	18
0	15
9	16
9	5
6	8
# tree 566
1	6
6	9
9	17
17	10
1	0
10	13
10	4
17	7
10	12
0	3
6	2
1	11
13	14
4	18
0	15
9	16
9	5
9	8
# tree 567
1	6
6	9
9	17
17	10
6	7
1	0
10	13
7	8
10	12
10	4
0	3
6	2
1	11
13	14
8	16
0	15
9	18
9	5
# tree 568
1	6
6	9
9	17
17	10
9	7
1	0
10	13
7	8
10	12
10	4
0	3
6	2
1	11
13	14
8	16
0	15
9	18
9	5
# tree 569
1	6
6	9
9	17
17	10
1	0
10	13
1	8
17	7
10	12
10	4
0	3
6	2
1	11
13	14
8	16
0	15
9	18
9	5
# tree 570
1	6
6	9
9	17
17	10
1	0
10	13
17	8
17	7
10	12
10	4
0	3
6	2
1	11
13	14
8	16
0	15
9	18
9	5
# tree 571
1	6
6	9
9	17
17	10
1	0
10	13
6	8
17	7
10	12
10	4
0	3
6	2
1	11
13	14
8	16
0	15
9	18
9	5
# tree 572
1	6
6	9
9	17
17	10
1	0
10	13
9	8
17	7
10	12
10	4
0	3
6	2
1	11
13	14
8	16
0	15
9	18
9	5
# tree 573
1	6
6	9
9	17
17	10
1	0
10	12
10	13
1	8
9	7
10	4
0	3
6	2
12	5
1	11
13	14
8	16
0	15
9	18
# tree 574
1	6
6	9
9	17
17	10
1	0
10	12
10	13
17	8
9	7
10	4
0	3
6	2
12	5
1	11
13	14
8	16
0	15
9	18
# tree 575
1	6
6	9
9	17
17	10
6	7
1	0
10	13
7	8
9	4
10	12
0	3
6	2
1	11
13	14
8	16
4	18
0	15
9	5
# tree 576
1	6
6	9
9	17
17	10
9	7
1	0
10	13
7	8
9	4
10	12
0	3
6	2
1	11
13	14
8	16
4	18
0	15
9	5
# tree 577
1	6
6	9
9	17
17	10
1	0
10	13
1	8
9	4
17	7
10	12
0	3
6	2
1	11
13	14
8	16
4	18
0	15
9	5
# tree 578
1	6
6	9
9	17
17	10
1	0
10	13
17	8
9	4
17	7
10	12
0	3
6	2
1	11
13	14
8	16
4	18
0	15
9	5
# tree 579
1	6
6	9
9	17
17	10
1	0
10	13
6	8
9	4
17	7
10	12
0	3
6	2
1	11
13	14
8	16
4	18
0	15
9	5
# tree 580
1	6
6	9
9	17
17	10
1	0
10	13
9	8
9	4
17	7
10	12
0	3
6	2
1	11
13	14
8	16
4	18
0	15
9	5
# tree 581
1	6
6	9
9	17
17	10
1	0
10	12
10	13
1	8
9	4
9	7
0	3
6	2
12	5
1	11
13	14
8	16
4	18
0	15
# tree 582
1	6
6	9
9	17
17	10
1	0
10	12
10	13
17	8
9	4
9	7
0	3
6	2
12	5
1	11
13	14
8	16
4	18
0	15
# tree 583
1	6
6	9
9	17
17	10
1	0
10	13
1	8
10	4
9	7
10	12
0	3
6	2
1	11
13	14
8	16
4	18
0	15
9	5
# tree 584
1	6
6	9
9	17
17	10
1	0
10	13
17	8
10	4
9	7
10	12
0	3
6	2
1	11
13	14
8	16
4	18
0	15
9	5
# tree 585
1	6
6	9
9	17
1	0
17	10
6	7
0	3
10	13
10	12
10	4
7	8
3	15
6	2
1	11
13	14
9	16
9	18
9	5
# tree 586
1	6
6	9
9	17
1	0
17	10
0	3
10	13
17	7
10	12
10	4
3	15
6	2
1	11
13	14
9	16
9	18
9	5
1	8
# tree 587
1	6
6	9
9	17
1	0
17	10
0	3
10	13
17	7
10	12
10	4
3	15
6	2
1	11
13	14
9	16
9	18
9	5
17	8
# tree 588
1	6
6	9
9	17
1	0
17	10
0	3
10	13
17	7
10	12
10	4
3	15
6	2
1	11
13	14
9	16
9	18
9	5
6	8
# tree 589
1	6
6	9
9	17
1	0
17	10
0	3
10	13
17	7
10	12
10	4
3	15
6	2
1	11
13	14
9	16
9	18
9	5
9	8
# tree 590
1	6
6	9
9	17
1	0
17	10
6	7
0	3
10	13
9	4
10	12
7	8
3	15
6	2
1	11
13	14
4	18
9	16
9	5
# tree 591
1	6
6	9
9	17
1	0
17	10
0	3
10	13
9	4
17	7
10	12
3	15
6	2
1	11
13	14
4	18
9	16
9	5
1	8
# tree 592
1	6
6	9
9	17
1	0
17	10
0	3
10	13
9	4
17	7
10	12
3	15
6	2
1	11
13	14
4	18
9	16
9	5
17	8
# tree 593
1	6
6	9
9	17
1	0
17	10
0	3
10	13
9	4
17	7
10	12
3	15
6	2
1	11
13	14
4	18
9	16
9	5
6	8
# tree 594
1	6
6	9
9	17
1	0
17	10
0	3
10	13
9	4
17	7
10	12
3	15
6	2
1	11
13	14
4	18
9	16
9	5
9	8
# tree 595
1	6
6	9
9	17
1	0
17	10
0	3
10	13
1	8
9	7
10	12
10	4
3	15
6	2
1	11
13	14
8	16
9	18
9	5
# tree 596
1	6
6	9
9	17
1	0
17	10
0	3
10	13
17	8
9	7
10	12
10	4
3	15
6	2
1	11
13	14
8	16
9	18
9	5
# tree 597
1	6
6	9
9	17
1	0
17	10
6	7
0	3
10	13
7	8
9	4
1	11
10	12
3	15
13	14
8	16
4	18
11	2
9	5
# tree 598
1	6
6	9
9	17
1	0
17	10
9	7
0	3
10	13
7	8
9	4
1	11
10	12
3	15
13	14
8	16
4	18
11	2
9	5
# tree 599
1	6
6	9
9	17
1	0
17	10
0	3
10	13
1	8
9	4
1	11
17	7
10	12
3	15
13	14
8	16
4	18
11	2
9	5
# tree 600
1	6
6	9
9	17
1	0
17	10
0	3
10	13
17	8
9	4
1	11
17	7
10	12
3	15
13	14
8	16
4	18
11	2
9	5
# tree 601
1	6
6	9
9	17
1	0
17	10
0	3
10	13
6	8
9	4
1	11
17	7
10	12
3	15
13	14
8	16
4	18
11	2
9	5
# tree 602
1	6
6	9
9	17
1	0
17	10
0	3
10	13
9	8
9	4
1	11
17	7
10	12
3	15
13	14
8	16
4	18
11	2
9	5
# tree 603
1	6
6	9
9	17
1	0
17	10
0	3
10	12
10	13
1	8
9	4
1	11
9	7
3	15
12	5
13	14
8	16
4	18
11	2
# tree 604
1	6
6	9
9	17
1	0
17	10
0	3
10	12
10	13
17	8
9	4
1	11
9	7
3	15
12	5
13	14
8	16
4	18
11	2
# tree 605
1	6
6	9
9	17
1	0
17	10
0	3
10	13
1	8
10	4
1	11
9	7
10	12
3	15
13	14
8	16
4	18
11	2
9	5
# tree 606
1	6
6	9
9	17
1	0
17	10
0	3
10	13
17	8
10	4
1	11
9	7
10	12
3	15
13	14
8	16
4	18
11	2
9	5
# tree 607
1	6
6	9
9	17
1	0
17	10
0	3
10	13
1	8
9	4
9	7
10	12
3	15
6	2
1	11
13	14
8	16
4	18
9	5
# tree 608
1	6
6	9
9	17
1	0
17	10
0	3
10	13
17	8
9	4
9	7
10	12
3	15
6	2
1	11
13	14
8	16
4	18
9	5
# tree 609
1	6
6	9
9	17
17	10
17	7
1	0
9	12
17	13
10	4
7	8
0	3
6	2
12	5
1	11
13	14
0	15
9	16
10	18
# tree 610
1	6
6	9
9	17
17	10
17	7
1	0
9	12
17	13
10	4
7	8
0	3
6	2
12	5
1	11
13	14
0	15
9	16
17	18
# tree 611
1	6
6	9
9	17
17	10
17	7
1	0
9	12
17	13
10	4
7	8
0	3
6	2
12	5
1	11
13	14
0	15
9	16
9	18
# tree 612
1	6
6	9
9	17
17	7
1	0
9	12
17	13
17	4
17	10
7	8
0	3
6	2
12	5
1	11
13	14
4	18
0	15
9	16
# tree 613
1	6
6	9
9	17
17	7
1	0
9	12
17	13
9	4
17	10
7	8
0	3
6	2
12	5
1	11
13	14
4	18
0	15
9	16
# tree 614
1	6
6	9
9	17
17	10
17	7
1	0
17	13
10	4
9	12
7	8
0	3
6	2
1	11
13	14
4	18
0	15
9	16
17	5
# tree 615
1	6
6	9
9	17
17	10
17	7
1	0
17	13
10	4
9	12
7	8
0	3
6	2
1	11
13	14
4	18
0	15
9	16
10	5
# tree 616
1	6
6	9
9	17
17	10
6	7
1	0
9	12
17	13
10	4
7	8
0	3
6	2
12	5
1	11
13	14
4	18
0	15
9	16
# tree 617
1	6
6	9
9	17
17	10
1	0
9	12
17	13
10	4
17	7
0	3
6	2
12	5
1	11
13	14
4	18
0	15
9	16
1	8
# tree 618
1	6
6	9
9	17
17	10
1	0
9	12
17	13
10	4
17	7
0	3
6	2
12	5
1	11
13	14
4	18
0	15
9	16
17	8
# tree 619
1	6
6	9
9	17
17	10
1	0
9	12
17	13
10	4
17	7
0	3
6	2
12	5
1	11
13	14
4	18
0	15
9	16
6	8
# tree 620
1	6
6	9
9	17
17	10
1	0
9	12
17	13
10	4
17	7
0	3
6	2
12	5
1	11
13	14
4	18
0	15
9	16
9	8
# tree 621
1	6
6	9
9	17
17	7
1	0
9	12
17	13
7	8
17	10
0	3
6	2
12	5
1	11
13	14
8	16
0	15
9	18
17	4
# tree 622
1	6
6	9
9	17
17	7
17	10
1	0
17	13
7	8
9	12
10	4
0	3
6	2
1	11
13	14
8	16
0	15
9	18
17	5
# tree 623
1	6
6	9
9	17
17	7
17	10
1	0
17	13
7	8
9	12
10	4
0	3
6	2
1	11
13	14
8	16
0	15
9	18
10	5
# tree 624
1	6
6	9
9	17
6	7
17	10
1	0
9	12
17	13
7	8
10	4
0	3
6	2
12	5
1	11
13	14
8	16
0	15
9	18
# tree 625
1	6
6	9
9	17
9	7
17	10
1	0
9	12
17	13
7	8
10	4
0	3
6	2
12	5
1	11
13	14
8	16
0	15
9	18
# tree 626
1	6
6	9
9	17
17	10
1	0
9	12
17	13
1	8
17	7
10	4
0	3
6	2
12	5
1	11
13	14
8	16
0	15
9	18
# tree 627
1	6
6	9
9	17
17	10
1	0
9	12
17	13
17	8
17	7
10	4
0	3
6	2
12	5
1	11
13	14
8	16
0	15
9	18
# tree 628
1	6
6	9
9	17
17	10
1	0
9	12
17	13
6	8
17	7
10	4
0	3
6	2
12	5
1	11
13	14
8	16
0	15
9	18
# tree 629
1	6
6	9
9	17
17	10
1	0
9	12
17	13
9	8
17	7
10	4
0	3
6	2
12	5
1	11
13	14
8	16
0	15
9	18
# tree 630
1	6
6	9
9	17
17	7
1	0
17	13
7	8
9	4
9	12
17	10
0	3
6	2
1	11
13	14
8	16
4	18
0	15
17	5
# tree 631
1	6
6	9
9	17
17	7
1	0
17	13
7	8
9	4
17	10
9	12
0	3
6	2
1	11
13	14
8	16
4	18
0	15
10	5
# tree 632
1	6
6	9
9	17
6	7
1	0
9	12
17	13
7	8
9	4
17	10
0	3
6	2
12	5
1	11
13	14
8	16
4	18
0	15
# tree 633
1	6
6	9
9	17
9	7
1	0
9	12
17	13
7	8
9	4
17	10
0	3
6	2
12	5
1	11
13	14
8	16
4	18
0	15
# tree 634
1	6
6	9
9	17
1	0
9	12
17	13
1	8
9	4
17	7
17	10
0	3
6	2
12	5
1	11
13	14
8	16
4	18
0	15
# tree 635
1	6
6	9
9	17
1	0
9	12
17	13
17	8
9	4
17	7
17	10
0	3
6	2
12	5
1	11
13	14
8	16
4	18
0	15
# tree 636
1	6
6	9
9	17
1	0
9	12
17	13
6	8
9	4
17	7
17	10
0	3
6	2
12	5
1	11
13	14
8	16
4	18
0	15
# tree 637
1	6
6	9
9	17
1	0
9	12
17	13
9	8
9	4
17	7
17	10
0	3
6	2
12	5
1	11
13	14
8	16
4	18
0	15
# tree 638
1	6
6	9
9	17
17	10
1	0
9	12
17	13
1	8
10	4
9	7
0	3
6	2
12	5
1	11
13	14
8	16
4	18
0	15
# tree 639
1	6
6	9
9	17
17	10
1	0
9	12
17	13
17	8
10	4
9	7
0	3
6	2
12	5
1	11
13	14
8	16
4	18
0	15
# tree 640
1	6
6	9
9	17
1	0
17	7
0	3
9	12
17	13
17	10
7	8
3	15
6	2
12	5
1	11
13	14
9	16
9	18
17	4
# tree 641
1	6
6	9
9	17
1	0
17	10
17	7
0	3
17	13
9	12
10	4
7	8
3	15
6	2
1	11
13	14
9	16
9	18
17	5
# tree 642
1	6
6	9
9	17
1	0
17	10
17	7
0	3
17	13
9	12
10	4
7	8
3	15
6	2
1	11
13	14
9	16
9	18
10	5
# tree 643
1	6
6	9
9	17
1	0
17	10
6	7
0	3
9	12
17	13
10	4
7	8
3	15
6	2
12	5
1	11
13	14
9	16
9	18
# tree 644
1	6
6	9
9	17
1	0
17	10
0	3
9	12
17	13
17	7
10	4
3	15
6	2
12	5
1	11
13	14
9	16
9	18
1	8
# tree 645
1	6
6	9
9	17
1	0
17	10
0	3
9	12
17	13
17	7
10	4
3	15
6	2
12	5
1	11
13	14
9	16
9	18
17	8
# tree 646
1	6
6	9
9	17
1	0
17	10
0	3
9	12
17	13
17	7
10	4
3	15
6	2
12	5
1	11
13	14
9	16
9	18
6	8
# tree 647
1	6
6	9
9	17
1	0
17	10
0	3
9	12
17	13
17	7
10	4
3	15
6	2
12	5
1	11
13	14
9	16
9	18
9	8
# tree 648
1	6
6	9
9	17
1	0
17	7
0	3
17	13
9	4
9	12
17	10
7	8
3	15
6	2
1	11
13	14
4	18
9	16
17	5
# tree 649
1	6
6	9
9	17
1	0
17	7
0	3
17	13
9	4
17	10
9	12
7	8
3	15
6	2
1	11
13	14
4	18
9	16
10	5
# tree 650
1	6
6	9
1	0
9	17
6	7
0	3
9	12
17	13
9	4
17	10
7	8
3	15
6	2
12	5
1	11
13	14
4	18
9	16
# tree 651
1	6
6	9
9	17
1	0
0	3
9	12
17	13
9	4
17	7
17	10
3	15
6	2
12	5
1	11
13	14
4	18
9	16
1	8
# tree 652
1	6
6	9
9	17
1	0
0	3
9	12
17	13
9	4
17	7
17	10
3	15
6	2
12	5
1	11
13	14
4	18
9	16
17	8
# tree 653
1	6
6	9
9	17
1	0
0	3
9	12
17	13
9	4
17	7
17	10
3	15
6	2
12	5
1	11
13	14
4	18
9	16
6	8
# tree 654
1	6
6	9
9	17
1	0
0	3
9	12
17	13
9	4
17	7
17	10
3	15
6	2
12	5
1	11
13	14
4	18
9	16
9	8
# tree 655
1	6
6	9
9	17
1	0
17	10
0	3
9	12
17	13
1	8
9	7
10	4
3	15
6	2
12	5
1	11
13	14
8	16
9	18
# tree 656
1	6
6	9
9	17
1	0
17	10
0	3
9	12
17	13
17	8
9	7
10	4
3	15
6	2
12	5
1	11
13	14
8	16
9	18
# tree 657
1	6
6	9
1	0
9	17
0	3
9	12
17	13
1	8
9	4
9	7
17	10
3	15
6	2
12	5
1	11
13	14
8	16
4	18
# tree 658
1	6
6	9
1	0
9	17
0	3
9	12
17	13
17	8
9	4
9	7
17	10
3	15
6	2
12	5
1	11
13	14
8	16
4	18
# tree 659
1	6
6	9
9	17
17	10
17	7
1	0
9	12
10	13
7	8
0	3
6	2
12	5
1	11
13	14
0	15
9	16
9	18
17	4
# tree 660
1	6
6	9
9	17
17	10
17	7
1	0
10	13
9	12
10	4
7	8
0	3
6	2
1	11
13	14
0	15
9	16
9	18
17	5
# tree 661
1	6
6	9
9	17
17	10
17	7
1	0
10	13
9	12
10	4
7	8
0	3
6	2
1	11
13	14
0	15
9	16
9	18
10	5
# tree 662
1	6
6	9
9	17
17	10
6	7
1	0
9	12
10	13
10	4
7	8
0	3
6	2
12	5
1	11
13	14
0	15
9	16
9	18
# tree 663
1	6
6	9
9	17
17	10
1	0
9	12
10	13
17	7
10	4
0	3
6	2
12	5
1	11
13	14
0	15
9	16
9	18
1	8
# tree 664
1	6
6	9
9	17
17	10
1	0
9	12
10	13
17	7
10	4
0	3
6	2
12	5
1	11
13	14
0	15
9	16
9	18
17	8
# tree 665
1	6
6	9
9	17
17	10
1	0
9	12
10	13
17	7
10	4
0	3
6	2
12	5
1	11
13	14
0	15
9	16
9	18
6	8
# tree 666
1	6
6	9
9	17
17	10
1	0
9	12
10	13
17	7
10	4
0	3
6	2
12	5
1	11
13	14
0	15
9	16
9	18
9	8
# tree 667
1	6
6	9
9	17
17	10
17	7
1	0
10	13
9	4
9	12
7	8
0	3
6	2
1	11
13	14
4	18
0	15
9	16
17	5
# tree 668
1	6
6	9
9	17
17	10
17	7
1	0
10	13
9	4
9	12
7	8
0	3
6	2
1	11
13	14
4	18
0	15
9	16
10	5
# tree 669
1	6
6	9
9	17
17	10
6	7
1	0
9	12
10	13
9	4
7	8
0	3
6	2
12	5
1	11
13	14
4	18
0	15
9	16
# tree 670
1	6
6	9
9	17
17	10
1	0
9	12
10	13
9	4
17	7
0	3
6	2
12	5
1	11
13	14
4	18
0	15
9	16
1	8
# tree 671
1	6
6	9
9	17
17	10
1	0
9	12
10	13
9	4
17	7
0	3
6	2
12	5
1	11
13	14
4	18
0	15
9	16
17	8
# tree 672
1	6
6	9
9	17
17	10
1	0
9	12
10	13
9	4
17	7
0	3
6	2
12	5
1	11
13	14
4	18
0	15
9	16
6	8
# tree 673
1	6
6	9
9	17
17	10
1	0
9	12
10	13
9	4
17	7
0	3
6	2
12	5
1	11
13	14
4	18
0	15
9	16
9	8
# tree 674
1	6
6	9
9	17
17	10
1	0
9	12
10	13
1	8
9	7
10	4
0	3
6	2
12	5
1	11
13	14
8	16
0	15
9	18
# tree 675
1	6
6	9
9	17
17	10
1	0
9	12
10	13
17	8
9	7
10	4
0	3
6	2
12	5
1	11
13	14
8	16
0	15
9	18
# tree 676
1	6
6	9
9	17
17	10
1	0
9	12
10	13
1	8
9	4
9	7
0	3
6	2
12	5
1	11
13	14
8	16
4	18
0	15
# tree 677
1	6
6	9
9	17
17	10
1	0
9	12
10	13
17	8
9	4
9	7
0	3
6	2
12	5
1	11
13	14
8	16
4	18
0	15
# tree 678
1	6
6	9
9	17
17	10
17	7
1	0
10	12
17	13
7	8
0	3
6	2
12	5
1	11
13	14
0	15
9	16
9	18
17	4
# tree 679
1	6
6	9
9	17
17	10
17	7
1	0
17	13
10	12
10	4
7	8
0	3
6	2
1	11
13	14
0	15
9	16
9	18
17	5
# tree 680
1	6
6	9
9	17
17	10
17	7
1	0
17	13
10	12
10	4
7	8
0	3
6	2
1	11
13	14
0	15
9	16
9	18
10	5
# tree 681
1	6
6	9
9	17
17	10
17	7
1	0
17	13
10	12
10	4
7	8
0	3
6	2
1	11
13	14
0	15
9	16
9	18
9	5
# tree 682
1	6
6	9
9	17
17	10
6	7
1	0
10	12
17	13
10	4
7	8
0	3
6	2
12	5
1	11
13	14
0	15
9	16
9	18
# tree 683
1	6
6	9
9	17
17	10
1	0
10	12
17	13
17	7
10	4
0	3
6	2
12	5
1	11
13	14
0	15
9	16
9	18
1	8
# tree 684
1	6
6	9
9	17
17	10
1	0
10	12
17	13
17	7
10	4
0	3
6	2
12	5
1	11
13	14
0	15
9	16
9	18
17	8
# tree 685
1	6
6	9
9	17
17	10
1	0
10	12
17	13
17	7
10	4
0	3
6	2
12	5
1	11
13	14
0	15
9	16
9	18
6	8
# tree 686
1	6
6	9
9	17
17	10
1	0
10	12
17	13
17	7
10	4
0	3
6	2
12	5
1	11
13	14
0	15
9	16
9	18
9	8
# tree 687
1	6
6	9
9	17
17	10
17	7
1	0
17	13
9	4
10	12
7	8
0	3
6	2
1	11
13	14
4	18
0	15
9	16
17	5
# tree 688
1	6
6	9
9	17
17	10
17	7
1	0
17	13
9	4
10	12
7	8
0	3
6	2
1	11
13	14
4	18
0	15
9	16
10	5
# tree 689
1	6
6	9
9	17
17	10
17	7
1	0
17	13
9	4
10	12
7	8
0	3
6	2
1	11
13	14
4	18
0	15
9	16
9	5
# tree 690
1	6
6	9
9	17
17	10
6	7
1	0
10	12
17	13
9	4
7	8
0	3
6	2
12	5
1	11
13	14
4	18
0	15
9	16
# tree 691
1	6
6	9
9	17
17	10
1	0
10	12
17	13
9	4
17	7
0	3
6	2
12	5
1	11
13	14
4	18
0	15
9	16
1	8
# tree 692
1	6
6	9
9	17
17	10
1	0
10	12
17	13
9	4
17	7
0	3
6	2
12	5
1	11
13	14
4	18
0	15
9	16
17	8
# tree 693
1	6
6	9
9	17
17	10
1	0
10	12
17	13
9	4
17	7
0	3
6	2
12	5
1	11
13	14
4	18
0	15
9	16
6	8
# tree 694
1	6
6	9
9	17
17	10
1	0
10	12
17	13
9	4
17	7
0	3
6	2
12	5
1	11
13	14
4	18
0	15
9	16
9	8
# tree 695
1	6
6	9
9	17
17	10
6	7
1	0
17	13
10	4
10	12
7	8
0	3
6	2
1	11
13	14
4	18
0	15
9	16
9	5
# tree 696
1	6
6	9
9	17
17	10
1	0
17	13
10	4
17	7
10	12
0	3
6	2
1	11
13	14
4	18
0	15
9	16
9	5
1	8
# tree 697
1	6
6	9
9	17
17	10
1	0
17	13
10	4
17	7
10	12
0	3
6	2
1	11
13	14
4	18
0	15
9	16
9	5
17	8
# tree 698
1	6
6	9
9	17
17	10
1	0
17	13
10	4
17	7
10	12
0	3
6	2
1	11
13	14
4	18
0	15
9	16
9	5
6	8
# tree 699
1	6
6	9
9	17
17	10
1	0
17	13
10	4
17	7
10	12
0	3
6	2
1	11
13	14
4	18
0	15
9	16
9	5
9	8
# tree 700
1	6
6	9
9	17
6	7
17	10
1	0
17	13
7	8
10	12
10	4
0	3
6	2
1	11
13	14
8	16
0	15
9	18
9	5
# tree 701
1	6
6	9
9	17
9	7
17	10
1	0
17	13
7	8
10	12
10	4
0	3
6	2
1	11
13	14
8	16
0	15
9	18
9	5
# tree 702
1	6
6	9
9	17
17	10
1	0
17	13
1	8
17	7
10	12
10	4
0	3
6	2
1	11
13	14
8	16
0	15
9	18
9	5
# tree 703
1	6
6	9
9	17
17	10
1	0
17	13
17	8
17	7
10	12
10	4
0	3
6	2
1	11
13	14
8	16
0	15
9	18
9	5
# tree 704
1	6
6	9
9	17
17	10
1	0
17	13
6	8
17	7
10	12
10	4
0	3
6	2
1	11
13	14
8	16
0	15
9	18
9	5
# tree 705
1	6
6	9
9	17
17	10
1	0
17	13
9	8
17	7
10	12
10	4
0	3
6	2
1	11
13	14
8	16
0	15
9	18
9	5
# tree 706
1	6
6	9
9	17
17	10
1	0
10	12
17	13
1	8
9	7
10	4
0	3
6	2
12	5
1	11
13	14
8	16
0	15
9	18
# tree 707
1	6
6	9
9	17
17	10
1	0
10	12
17	13
17	8
9	7
10	4
0	3
6	2
12	5
1	11
13	14
8	16
0	15
9	18
# tree 708
1	6
6	9
9	17
6	7
17	10
1	0
17	13
7	8
9	4
10	12
0	3
6	2
1	11
13	14
8	16
4	18
0	15
9	5
# tree 709
1	6
6	9
9	17
9	7
17	10
1	0
17	13
7	8
9	4
10	12
0	3
6	2
1	11
13	14
8	16
4	18
0	15
9	5
# tree 710
1	6
6	9
9	17
17	10
1	0
17	13
1	8
9	4
17	7
10	12
0	3
6	2
1	11
13	14
8	16
4	18
0	15
9	5
# tree 711
1	6
6	9
9	17
17	10
1	0
17	13
17	8
9	4
17	7
10	12
0	3
6	2
1	11
13	14
8	16
4	18
0	15
9	5
# tree 712
1	6
6	9
9	17
17	10
1	0
17	13
6	8
9	4
17	7
10	12
0	3
6	2
1	11
13	14
8	16
4	18
0	15
9	5
# tree 713
1	6
6	9
9	17
17	10
1	0
17	13
9	8
9	4
17	7
10	12
0	3
6	2
1	11
13	14
8	16
4	18
0	15
9	5
# tree 714
1	6
6	9
9	17
17	10
1	0
10	12
17	13
1	8
9	4
9	7
0	3
6	2
12	5
1	11
13	14
8	16
4	18
0	15
# tree 715
1	6
6	9
9	17
17	10
1	0
10	12
17	13
17	8
9	4
9	7
0	3
6	2
12	5
1	11
13	14
8	16
4	18
0	15
# tree 716
1	6
6	9
9	17
17	10
1	0
17	13
1	8
10	4
9	7
10	12
0	3
6	2
1	11
13	14
8	16
4	18
0	15
9	5
# tree 717
1	6
6	9
9	17
17	10
1	0
17	13
17	8
10	4
9	7
10	12
0	3
6	2
1	11
13	14
8	16
4	18
0	15
9	5
# tree 718
1	6
6	9
9	17
1	0
17	10
6	7
0	3
17	13
10	12
10	4
7	8
3	15
6	2
1	11
13	14
9	16
9	18
9	5
# tree 719
1	6
6	9
9	17
1	0
17	10
0	3
17	13
17	7
10	12
10	4
3	15
6	2
1	11
13	14
9	16
9	18
9	5
1	8
# tree 720
1	6
6	9
9	17
1	0
17	10
0	3
17	13
17	7
10	12
10	4
3	15
6	2
1	11
13	14
9	16
9	18
9	5
17	8
# tree 721
1	6
6	9
9	17
1	0
17	10
0	3
17	13
17	7
10	12
10	4
3	15
6	2
1	11
13	14
9	16
9	18
9	5
6	8
# tree 722
1	6
6	9
9	17
1	0
17	10
0	3
17	13
17	7
10	12
10	4
3	15
6	2
1	11
13	14
9	16
9	18
9	5
9	8
# tree 723
1	6
6	9
9	17
1	0
17	10
6	7
0	3
17	13
9	4
10	12
7	8
3	15
6	2
1	11
13	14
4	18
9	16
9	5
# tree 724
1	6
6	9
9	17
1	0
17	10
0	3
17	13
9	4
17	7
10	12
3	15
6	2
1	11
13	14
4	18
9	16
9	5
1	8
# tree 725
1	6
6	9
9	17
1	0
17	10
0	3
17	13
9	4
17	7
10	12
3	15
6	2
1	11
13	14
4	18
9	16
9	5
17	8
# tree 726
1	6
6	9
9	17
1	0
17	10
0	3
17	13
9	4
17	7
10	12
3	15
6	2
1	11
13	14
4	18
9	16
9	5
6	8
# tree 727
1	6
6	9
9	17
1	0
17	10
0	3
17	13
9	4
17	7
10	12
3	15
6	2
1	11
13	14
4	18
9	16
9	5
9	8
# tree 728
1	6
6	9
9	17
1	0
17	10
0	3
17	13
1	8
9	7
10	12
10	4
3	15
6	2
1	11
13	14
8	16
9	18
9	5
# tree 729
1	6
6	9
9	17
1	0
17	10
0	3
17	13
17	8
9	7
10	12
10	4
3	15
6	2
1	11
13	14
8	16
9	18
9	5
# tree 730
1	6
6	9
9	17
1	0
17	10
0	3
17	13
1	8
9	4
9	7
10	12
3	15
6	2
1	11
13	14
8	16
4	18
9	5
# tree 731
1	6
6	9
9	17
1	0
17	10
0	3
17	13
17	8
9	4
9	7
10	12
3	15
6	2
1	11
13	14
8	16
4	18
9	5
# tree 732
1	6
6	9
9	17
17	10
6	7
1	0
10	13
10	12
10	4
7	8
0	3
6	2
1	11
13	14
0	15
9	16
9	18
9	5
# tree 733
1	6
6	9
9	17
17	10
1	0
10	13
17	7
10	12
10	4
0	3
6	2
1	11
13	14
0	15
9	16
9	18
9	5
1	8
# tree 734
1	6
6	9
9	17
17	10
1	0
10	13
17	7
10	12
10	4
0	3
6	2
1	11
13	14
0	15
9	16
9	18
9	5
17	8
# tree 735
1	6
6	9
9	17
17	10
1	0
10	13
17	7
10	12
10	4
0	3
6	2
1	11
13	14
0	15
9	16
9	18
9	5
6	8
# tree 736
1	6
6	9
9	17
17	10
1	0
10	13
17	7
10	12
10	4
0	3
6	2
1	11
13	14
0	15
9	16
9	18
9	5
9	8
# tree 737
1	6
6	9
9	17
17	10
6	7
1	0
10	13
9	4
10	12
7	8
0	3
6	2
1	11
13	14
4	18
0	15
9	16
9	5
# tree 738
1	6
6	9
9	17
17	10
1	0
10	13
9	4
17	7
10	12
0	3
6	2
1	11
13	14
4	18
0	15
9	16
9	5
1	8
# tree 739
1	6
6	9
9	17
17	10
1	0
10	13
9	4
17	7
10	12
0	3
6	2
1	11
13	14
4	18
0	15
9	16
9	5
17	8
# tree 740
1	6
6	9
9	17
17	10
1	0
10	13
9	4
17	7
10	12
0	3
6	2
1	11
13	14
4	18
0	15
9	16
9	5
6	8
# tree 741
1	6
6	9
9	17
17	10
1	0
10	13
9	4
17	7
10	12
0	3
6	2
1	11
13	14
4	18
0	15
9	16
9	5
9	8
# tree 742
1	6
6	9
9	17
17	10
1	0
10	13
1	8
9	7
10	12
10	4
0	3
6	2
1	11
13	14
8	16
0	15
9	18
9	5
# tree 743
1	6
6	9
9	17
17	10
1	0
10	13
17	8
9	7
10	12
10	4
0	3
6	2
1	11
13	14
8	16
0	15
9	18
9	5
# tree 744
1	6
6	9
9	17
17	10
1	0
10	13
1	8
9	4
9	7
10	12
0	3
6	2
1	11
13	14
8	16
4	18
0	15
9	5
# tree 745
1	6
6	9
9	17
17	10
1	0
10	13
17	8
9	4
9	7
10	12
0	3
6	2
1	11
13	14
8	16
4	18
0	15
9	5
# tree 746
1	6
6	9
9	17
1	0
17	10
0	3
10	13
1	8
9	4
1	11
9	7
10	12
3	15
13	14
8	16
4	18
11	2
9	5
# tree 747
1	6
6	9
9	17
1	0
17	10
0	3
10	13
17	8
9	4
1	11
9	7
10	12
3	15
13	14
8	16
4	18
11	2
9	5
