### 352 trees
# tree 1
1	3
7	5
1	6
9	7
12	9
14	10
6	12
12	14
1	2
10	4
3	11
5	13
# tree 2
9	7
12	9
6	12
12	14
1	6
1	3
7	5
14	10
1	2
3	11
5	13
14	4
# tree 3
9	7
12	9
6	12
12	14
1	6
1	3
7	5
14	10
1	2
3	11
5	13
6	4
# tree 4
9	7
12	9
6	12
12	14
1	6
1	3
7	5
14	10
1	2
3	11
5	13
12	4
# tree 5
12	9
6	12
12	14
1	6
14	10
1	3
1	5
9	7
1	2
10	4
3	11
5	13
# tree 6
12	9
6	12
12	14
1	6
14	10
1	3
9	5
9	7
1	2
10	4
3	11
5	13
# tree 7
12	9
6	12
12	14
1	6
14	10
1	3
12	5
9	7
1	2
10	4
3	11
5	13
# tree 8
12	9
6	12
12	14
1	6
14	10
1	3
6	5
9	7
1	2
10	4
3	11
5	13
# tree 9
1	7
6	12
12	14
1	6
14	10
1	3
7	5
12	9
1	2
10	4
3	11
5	13
# tree 10
12	7
6	12
12	14
1	6
14	10
1	3
7	5
12	9
1	2
10	4
3	11
5	13
# tree 11
6	7
6	12
12	14
1	6
14	10
1	3
7	5
12	9
1	2
10	4
3	11
5	13
# tree 12
9	7
12	9
6	12
1	6
6	10
1	3
7	5
12	14
1	2
10	4
3	11
5	13
# tree 13
9	7
12	9
6	12
1	6
12	10
1	3
7	5
12	14
1	2
10	4
3	11
5	13
# tree 14
9	7
12	9
6	12
12	14
1	6
14	10
7	5
1	3
1	2
10	4
5	13
1	11
# tree 15
9	7
12	9
6	12
12	14
1	6
14	10
1	3
7	5
1	2
10	4
3	11
7	13
# tree 16
9	7
12	9
6	12
12	14
1	6
14	10
1	3
7	5
1	2
10	4
3	11
9	13
# tree 17
9	7
12	9
6	12
12	14
1	6
14	10
1	3
7	5
1	2
10	4
3	11
12	13
# tree 18
9	7
12	9
6	12
6	14
1	6
14	10
1	3
7	5
1	2
10	4
3	11
5	13
# tree 19
12	9
6	12
1	6
9	7
12	10
7	5
1	3
12	14
1	2
10	4
5	13
1	11
# tree 20
12	9
6	12
1	6
9	7
12	10
1	3
7	5
12	14
1	2
10	4
3	11
7	13
# tree 21
12	9
6	12
1	6
9	7
12	10
1	3
7	5
12	14
1	2
10	4
3	11
9	13
# tree 22
12	9
6	12
1	6
9	7
12	10
1	3
7	5
12	14
1	2
10	4
3	11
12	13
# tree 23
12	9
6	12
1	6
9	7
12	10
1	3
7	5
1	2
10	4
3	11
5	13
6	14
# tree 24
12	9
6	12
1	6
9	7
1	3
7	5
12	14
12	10
1	2
3	11
5	13
14	4
# tree 25
12	9
6	12
1	6
9	7
1	3
7	5
12	10
12	14
1	2
3	11
5	13
6	4
# tree 26
12	9
6	12
1	6
9	7
1	3
7	5
12	10
12	14
1	2
3	11
5	13
12	4
# tree 27
12	9
6	12
1	6
12	10
1	3
1	5
9	7
12	14
1	2
10	4
3	11
5	13
# tree 28
12	9
6	12
1	6
12	10
1	3
9	5
9	7
12	14
1	2
10	4
3	11
5	13
# tree 29
12	9
6	12
1	6
12	10
1	3
12	5
9	7
12	14
1	2
10	4
3	11
5	13
# tree 30
12	9
6	12
1	6
12	10
1	3
6	5
9	7
12	14
1	2
10	4
3	11
5	13
# tree 31
6	12
1	6
1	7
12	10
1	3
7	5
12	9
12	14
1	2
10	4
3	11
5	13
# tree 32
6	12
1	6
12	7
12	10
1	3
7	5
12	9
12	14
1	2
10	4
3	11
5	13
# tree 33
6	12
1	6
6	7
12	10
1	3
7	5
12	9
12	14
1	2
10	4
3	11
5	13
# tree 34
12	9
6	12
1	6
12	14
9	7
14	10
7	5
1	3
1	2
10	4
1	11
7	13
# tree 35
12	9
6	12
1	6
12	14
9	7
14	10
7	5
1	3
1	2
10	4
1	11
9	13
# tree 36
12	9
6	12
1	6
12	14
9	7
14	10
7	5
1	3
1	2
10	4
1	11
12	13
# tree 37
12	9
6	12
1	6
6	14
9	7
14	10
7	5
1	3
1	2
10	4
5	13
1	11
# tree 38
12	9
6	12
1	6
12	14
9	7
7	5
14	10
1	3
1	2
5	13
1	11
14	4
# tree 39
12	9
6	12
1	6
12	14
9	7
7	5
14	10
1	3
1	2
5	13
1	11
6	4
# tree 40
12	9
6	12
1	6
12	14
9	7
7	5
14	10
1	3
1	2
5	13
1	11
12	4
# tree 41
12	9
6	12
1	6
12	14
14	10
1	5
9	7
1	3
1	2
10	4
5	13
1	11
# tree 42
12	9
6	12
1	6
12	14
14	10
9	5
9	7
1	3
1	2
10	4
5	13
1	11
# tree 43
12	9
6	12
1	6
12	14
14	10
12	5
9	7
1	3
1	2
10	4
5	13
1	11
# tree 44
12	9
6	12
1	6
12	14
14	10
6	5
9	7
1	3
1	2
10	4
5	13
1	11
# tree 45
6	12
1	6
12	14
1	7
14	10
7	5
12	9
1	3
1	2
10	4
5	13
1	11
# tree 46
6	12
1	6
12	14
12	7
14	10
7	5
12	9
1	3
1	2
10	4
5	13
1	11
# tree 47
6	12
1	6
12	14
6	7
14	10
7	5
12	9
1	3
1	2
10	4
5	13
1	11
# tree 48
12	9
6	12
1	6
6	14
9	7
14	10
1	3
7	5
1	2
10	4
3	11
12	13
# tree 49
12	9
6	12
1	6
12	14
9	7
1	3
14	10
7	5
1	2
3	11
12	13
14	4
# tree 50
12	9
6	12
1	6
12	14
9	7
1	3
14	10
7	5
1	2
3	11
12	13
6	4
# tree 51
12	9
6	12
1	6
12	14
9	7
1	3
14	10
7	5
1	2
3	11
12	13
12	4
# tree 52
12	9
6	12
1	6
12	14
14	10
1	3
9	7
1	2
10	4
3	11
12	13
1	5
# tree 53
12	9
6	12
1	6
12	14
14	10
1	3
9	7
1	2
10	4
3	11
12	13
9	5
# tree 54
12	9
6	12
1	6
12	14
14	10
1	3
9	7
1	2
10	4
3	11
12	13
12	5
# tree 55
12	9
6	12
1	6
12	14
14	10
1	3
9	7
1	2
10	4
3	11
12	13
6	5
# tree 56
6	12
1	6
12	14
1	7
14	10
1	3
12	9
7	5
1	2
10	4
3	11
12	13
# tree 57
6	12
1	6
12	14
12	7
14	10
1	3
12	9
7	5
1	2
10	4
3	11
12	13
# tree 58
6	12
1	6
12	14
6	7
14	10
1	3
12	9
7	5
1	2
10	4
3	11
12	13
# tree 59
12	9
6	12
1	6
6	14
9	7
1	3
7	5
14	10
1	2
3	11
5	13
12	4
# tree 60
12	9
6	12
1	6
6	14
14	10
1	3
1	5
9	7
1	2
10	4
3	11
5	13
# tree 61
12	9
6	12
1	6
6	14
14	10
1	3
9	5
9	7
1	2
10	4
3	11
5	13
# tree 62
12	9
6	12
1	6
6	14
14	10
1	3
12	5
9	7
1	2
10	4
3	11
5	13
# tree 63
12	9
6	12
1	6
6	14
14	10
1	3
6	5
9	7
1	2
10	4
3	11
5	13
# tree 64
6	12
1	6
6	14
1	7
14	10
1	3
7	5
12	9
1	2
10	4
3	11
5	13
# tree 65
6	12
1	6
6	14
12	7
14	10
1	3
7	5
12	9
1	2
10	4
3	11
5	13
# tree 66
6	12
1	6
6	14
6	7
14	10
1	3
7	5
12	9
1	2
10	4
3	11
5	13
# tree 67
12	9
6	12
1	6
12	14
1	3
1	5
9	7
14	10
1	2
3	11
5	13
12	4
# tree 68
12	9
6	12
1	6
12	14
1	3
9	5
9	7
14	10
1	2
3	11
5	13
12	4
# tree 69
12	9
6	12
1	6
12	14
1	3
12	5
9	7
14	10
1	2
3	11
5	13
12	4
# tree 70
12	9
6	12
1	6
12	14
1	3
6	5
9	7
14	10
1	2
3	11
5	13
12	4
# tree 71
6	12
1	6
1	7
12	14
1	3
7	5
12	9
14	10
1	2
3	11
5	13
12	4
# tree 72
6	12
1	6
12	7
12	14
1	3
7	5
12	9
14	10
1	2
3	11
5	13
12	4
# tree 73
6	12
1	6
6	7
12	14
1	3
7	5
12	9
14	10
1	2
3	11
5	13
12	4
# tree 74
6	12
1	6
12	14
14	10
1	3
6	5
12	9
1	2
10	4
3	11
5	13
1	7
# tree 75
6	12
1	6
12	14
14	10
1	3
6	5
12	9
1	2
10	4
3	11
5	13
12	7
# tree 76
6	12
1	6
12	14
14	10
1	3
6	5
12	9
1	2
10	4
3	11
5	13
6	7
# tree 77
6	12
1	6
12	9
9	7
12	10
7	5
1	3
12	14
1	2
10	4
1	11
7	13
# tree 78
6	12
1	6
12	9
9	7
12	10
7	5
1	3
12	14
1	2
10	4
1	11
9	13
# tree 79
6	12
1	6
12	9
9	7
12	10
7	5
1	3
12	14
1	2
10	4
1	11
12	13
# tree 80
6	12
1	6
12	9
9	7
12	10
7	5
1	3
1	2
10	4
5	13
1	11
6	14
# tree 81
6	12
1	6
12	9
9	7
7	5
12	14
12	10
1	3
1	2
5	13
1	11
14	4
# tree 82
6	12
1	6
12	9
9	7
7	5
12	10
1	3
12	14
1	2
5	13
1	11
6	4
# tree 83
6	12
1	6
12	9
9	7
7	5
12	10
1	3
12	14
1	2
5	13
1	11
12	4
# tree 84
6	12
1	6
12	9
12	10
1	5
9	7
1	3
12	14
1	2
10	4
5	13
1	11
# tree 85
6	12
1	6
12	9
12	10
9	5
9	7
1	3
12	14
1	2
10	4
5	13
1	11
# tree 86
6	12
1	6
12	9
12	10
12	5
9	7
1	3
12	14
1	2
10	4
5	13
1	11
# tree 87
6	12
1	6
12	9
12	10
6	5
9	7
1	3
12	14
1	2
10	4
5	13
1	11
# tree 88
6	12
1	6
1	7
12	10
7	5
12	9
1	3
12	14
1	2
10	4
5	13
1	11
# tree 89
6	12
1	6
12	7
12	10
7	5
12	9
1	3
12	14
1	2
10	4
5	13
1	11
# tree 90
6	12
1	6
6	7
12	10
7	5
12	9
1	3
12	14
1	2
10	4
5	13
1	11
# tree 91
6	12
1	6
12	9
9	7
12	10
1	3
7	5
1	2
10	4
3	11
12	13
6	14
# tree 92
6	12
1	6
12	9
9	7
1	3
12	14
12	10
7	5
1	2
3	11
12	13
14	4
# tree 93
6	12
1	6
12	9
9	7
1	3
12	10
7	5
12	14
1	2
3	11
12	13
6	4
# tree 94
6	12
1	6
12	9
9	7
1	3
12	10
7	5
12	14
1	2
3	11
12	13
12	4
# tree 95
6	12
1	6
12	9
12	10
1	3
9	7
12	14
1	2
10	4
3	11
12	13
1	5
# tree 96
6	12
1	6
12	9
12	10
1	3
9	7
12	14
1	2
10	4
3	11
12	13
9	5
# tree 97
6	12
1	6
12	9
12	10
1	3
9	7
12	14
1	2
10	4
3	11
12	13
12	5
# tree 98
6	12
1	6
12	9
12	10
1	3
9	7
12	14
1	2
10	4
3	11
12	13
6	5
# tree 99
6	12
1	6
1	7
12	10
1	3
12	9
7	5
12	14
1	2
10	4
3	11
12	13
# tree 100
6	12
1	6
12	7
12	10
1	3
12	9
7	5
12	14
1	2
10	4
3	11
12	13
# tree 101
6	12
1	6
6	7
12	10
1	3
12	9
7	5
12	14
1	2
10	4
3	11
12	13
# tree 102
6	12
1	6
12	9
9	7
1	3
7	5
12	10
1	2
3	11
5	13
6	14
12	4
# tree 103
6	12
1	6
12	9
12	10
1	3
1	5
9	7
1	2
10	4
3	11
5	13
6	14
# tree 104
6	12
1	6
12	9
12	10
1	3
9	5
9	7
1	2
10	4
3	11
5	13
6	14
# tree 105
6	12
1	6
12	9
12	10
1	3
12	5
9	7
1	2
10	4
3	11
5	13
6	14
# tree 106
6	12
1	6
12	9
12	10
1	3
6	5
9	7
1	2
10	4
3	11
5	13
6	14
# tree 107
6	12
1	6
1	7
12	10
1	3
7	5
12	9
1	2
10	4
3	11
5	13
6	14
# tree 108
6	12
1	6
12	7
12	10
1	3
7	5
12	9
1	2
10	4
3	11
5	13
6	14
# tree 109
6	12
1	6
6	7
12	10
1	3
7	5
12	9
1	2
10	4
3	11
5	13
6	14
# tree 110
6	12
1	6
12	9
1	3
1	5
9	7
12	10
12	14
1	2
3	11
5	13
12	4
# tree 111
6	12
1	6
12	9
1	3
9	5
9	7
12	10
12	14
1	2
3	11
5	13
12	4
# tree 112
6	12
1	6
12	9
1	3
12	5
9	7
12	10
12	14
1	2
3	11
5	13
12	4
# tree 113
6	12
1	6
12	9
1	3
6	5
9	7
12	10
12	14
1	2
3	11
5	13
12	4
# tree 114
6	12
1	6
1	7
1	3
7	5
12	9
12	10
12	14
1	2
3	11
5	13
12	4
# tree 115
6	12
1	6
12	7
1	3
7	5
12	9
12	10
12	14
1	2
3	11
5	13
12	4
# tree 116
6	12
1	6
6	7
1	3
7	5
12	9
12	10
12	14
1	2
3	11
5	13
12	4
# tree 117
6	12
1	6
12	10
1	3
6	5
12	9
12	14
1	2
10	4
3	11
5	13
1	7
# tree 118
6	12
1	6
12	10
1	3
6	5
12	9
12	14
1	2
10	4
3	11
5	13
12	7
# tree 119
6	12
1	6
12	10
1	3
6	5
12	9
12	14
1	2
10	4
3	11
5	13
6	7
# tree 120
6	12
1	6
12	9
6	14
9	7
14	10
7	5
1	3
1	2
10	4
1	11
12	13
# tree 121
6	12
1	6
12	9
12	14
9	7
14	10
7	5
1	3
1	2
1	11
12	13
14	4
# tree 122
6	12
1	6
12	9
12	14
9	7
14	10
7	5
1	3
1	2
1	11
12	13
6	4
# tree 123
6	12
1	6
12	9
12	14
9	7
14	10
7	5
1	3
1	2
1	11
12	13
12	4
# tree 124
6	12
1	6
12	9
12	14
14	10
9	7
1	3
1	2
10	4
1	11
12	13
1	5
# tree 125
6	12
1	6
12	9
12	14
14	10
9	7
1	3
1	2
10	4
1	11
12	13
9	5
# tree 126
6	12
1	6
12	9
12	14
14	10
9	7
1	3
1	2
10	4
1	11
12	13
12	5
# tree 127
6	12
1	6
12	9
12	14
14	10
9	7
1	3
1	2
10	4
1	11
12	13
6	5
# tree 128
6	12
1	6
12	14
1	7
14	10
12	9
7	5
1	3
1	2
10	4
1	11
12	13
# tree 129
6	12
1	6
12	14
12	7
14	10
12	9
7	5
1	3
1	2
10	4
1	11
12	13
# tree 130
6	12
1	6
12	14
6	7
14	10
12	9
7	5
1	3
1	2
10	4
1	11
12	13
# tree 131
6	12
1	6
12	9
6	14
9	7
7	5
14	10
1	3
1	2
5	13
1	11
12	4
# tree 132
6	12
1	6
12	9
6	14
14	10
1	5
9	7
1	3
1	2
10	4
5	13
1	11
# tree 133
6	12
1	6
12	9
6	14
14	10
9	5
9	7
1	3
1	2
10	4
5	13
1	11
# tree 134
6	12
1	6
12	9
6	14
14	10
12	5
9	7
1	3
1	2
10	4
5	13
1	11
# tree 135
6	12
1	6
12	9
6	14
14	10
6	5
9	7
1	3
1	2
10	4
5	13
1	11
# tree 136
6	12
1	6
6	14
1	7
14	10
7	5
12	9
1	3
1	2
10	4
5	13
1	11
# tree 137
6	12
1	6
6	14
12	7
14	10
7	5
12	9
1	3
1	2
10	4
5	13
1	11
# tree 138
6	12
1	6
6	14
6	7
14	10
7	5
12	9
1	3
1	2
10	4
5	13
1	11
# tree 139
6	12
1	6
12	9
12	14
1	5
9	7
14	10
1	3
1	2
5	13
1	11
12	4
# tree 140
6	12
1	6
12	9
12	14
9	5
9	7
14	10
1	3
1	2
5	13
1	11
12	4
# tree 141
6	12
1	6
12	9
12	14
12	5
9	7
14	10
1	3
1	2
5	13
1	11
12	4
# tree 142
6	12
1	6
12	9
12	14
6	5
9	7
14	10
1	3
1	2
5	13
1	11
12	4
# tree 143
6	12
1	6
1	7
12	14
7	5
12	9
14	10
1	3
1	2
5	13
1	11
12	4
# tree 144
6	12
1	6
12	7
12	14
7	5
12	9
14	10
1	3
1	2
5	13
1	11
12	4
# tree 145
6	12
1	6
6	7
12	14
7	5
12	9
14	10
1	3
1	2
5	13
1	11
12	4
# tree 146
6	12
1	6
12	14
14	10
6	5
12	9
1	3
1	2
10	4
5	13
1	11
1	7
# tree 147
6	12
1	6
12	14
14	10
6	5
12	9
1	3
1	2
10	4
5	13
1	11
12	7
# tree 148
6	12
1	6
12	14
14	10
6	5
12	9
1	3
1	2
10	4
5	13
1	11
6	7
# tree 149
6	12
1	6
12	9
6	14
9	7
1	3
14	10
7	5
1	2
3	11
12	13
12	4
# tree 150
6	12
1	6
12	9
6	14
14	10
1	3
9	7
1	2
10	4
3	11
12	13
1	5
# tree 151
6	12
1	6
12	9
6	14
14	10
1	3
9	7
1	2
10	4
3	11
12	13
9	5
# tree 152
6	12
1	6
12	9
6	14
14	10
1	3
9	7
1	2
10	4
3	11
12	13
12	5
# tree 153
6	12
1	6
12	9
6	14
14	10
1	3
9	7
1	2
10	4
3	11
12	13
6	5
# tree 154
6	12
1	6
6	14
1	7
14	10
1	3
12	9
7	5
1	2
10	4
3	11
12	13
# tree 155
6	12
1	6
6	14
12	7
14	10
1	3
12	9
7	5
1	2
10	4
3	11
12	13
# tree 156
6	12
1	6
6	14
6	7
14	10
1	3
12	9
7	5
1	2
10	4
3	11
12	13
# tree 157
6	12
1	6
12	9
12	14
1	3
9	7
14	10
1	2
3	11
12	13
12	4
1	5
# tree 158
6	12
1	6
12	9
12	14
1	3
9	7
14	10
1	2
3	11
12	13
12	4
9	5
# tree 159
6	12
1	6
12	9
12	14
1	3
9	7
14	10
1	2
3	11
12	13
12	4
12	5
# tree 160
6	12
1	6
12	9
12	14
1	3
9	7
14	10
1	2
3	11
12	13
12	4
6	5
# tree 161
6	12
1	6
12	14
1	7
1	3
12	9
14	10
7	5
1	2
3	11
12	13
12	4
# tree 162
6	12
1	6
12	14
12	7
1	3
12	9
14	10
7	5
1	2
3	11
12	13
12	4
# tree 163
6	12
1	6
12	14
6	7
1	3
12	9
14	10
7	5
1	2
3	11
12	13
12	4
# tree 164
6	12
1	6
12	14
14	10
1	3
12	9
1	2
10	4
3	11
12	13
6	5
1	7
# tree 165
6	12
1	6
12	14
14	10
1	3
12	9
1	2
10	4
3	11
12	13
6	5
12	7
# tree 166
6	12
1	6
12	14
14	10
1	3
12	9
1	2
10	4
3	11
12	13
6	5
6	7
# tree 167
6	12
1	6
12	9
6	14
1	3
1	5
9	7
14	10
1	2
3	11
5	13
12	4
# tree 168
6	12
1	6
12	9
6	14
1	3
9	5
9	7
14	10
1	2
3	11
5	13
12	4
# tree 169
6	12
1	6
12	9
6	14
1	3
12	5
9	7
14	10
1	2
3	11
5	13
12	4
# tree 170
6	12
1	6
12	9
6	14
1	3
6	5
9	7
14	10
1	2
3	11
5	13
12	4
# tree 171
6	12
1	6
1	7
6	14
1	3
7	5
12	9
14	10
1	2
3	11
5	13
12	4
# tree 172
6	12
1	6
12	7
6	14
1	3
7	5
12	9
14	10
1	2
3	11
5	13
12	4
# tree 173
6	12
1	6
6	7
6	14
1	3
7	5
12	9
14	10
1	2
3	11
5	13
12	4
# tree 174
6	12
1	6
6	14
14	10
1	3
6	5
12	9
1	2
10	4
3	11
5	13
1	7
# tree 175
6	12
1	6
6	14
14	10
1	3
6	5
12	9
1	2
10	4
3	11
5	13
12	7
# tree 176
6	12
1	6
6	14
14	10
1	3
6	5
12	9
1	2
10	4
3	11
5	13
6	7
# tree 177
6	12
1	6
12	14
1	3
6	5
12	9
14	10
1	2
3	11
5	13
12	4
1	7
# tree 178
6	12
1	6
12	14
1	3
6	5
12	9
14	10
1	2
3	11
5	13
12	4
12	7
# tree 179
6	12
1	6
12	14
1	3
6	5
12	9
14	10
1	2
3	11
5	13
12	4
6	7
# tree 180
1	6
6	12
12	9
9	7
12	10
7	5
1	3
1	2
10	4
1	11
12	13
6	14
# tree 181
1	6
6	12
12	9
9	7
12	14
12	10
7	5
1	3
1	2
1	11
12	13
14	4
# tree 182
1	6
6	12
12	9
9	7
12	10
7	5
1	3
12	14
1	2
1	11
12	13
6	4
# tree 183
1	6
6	12
12	9
9	7
12	10
7	5
1	3
12	14
1	2
1	11
12	13
12	4
# tree 184
1	6
6	12
12	9
12	10
9	7
1	3
12	14
1	2
10	4
1	11
12	13
1	5
# tree 185
1	6
6	12
12	9
12	10
9	7
1	3
12	14
1	2
10	4
1	11
12	13
9	5
# tree 186
1	6
6	12
12	9
12	10
9	7
1	3
12	14
1	2
10	4
1	11
12	13
12	5
# tree 187
1	6
6	12
12	9
12	10
9	7
1	3
12	14
1	2
10	4
1	11
12	13
6	5
# tree 188
1	6
6	12
1	7
12	10
12	9
7	5
1	3
12	14
1	2
10	4
1	11
12	13
# tree 189
1	6
6	12
12	7
12	10
12	9
7	5
1	3
12	14
1	2
10	4
1	11
12	13
# tree 190
1	6
6	12
6	7
12	10
12	9
7	5
1	3
12	14
1	2
10	4
1	11
12	13
# tree 191
1	6
6	12
12	9
9	7
7	5
12	10
1	3
1	2
5	13
1	11
6	14
12	4
# tree 192
1	6
6	12
12	9
12	10
1	5
9	7
1	3
1	2
10	4
5	13
1	11
6	14
# tree 193
1	6
6	12
12	9
12	10
9	5
9	7
1	3
1	2
10	4
5	13
1	11
6	14
# tree 194
1	6
6	12
12	9
12	10
12	5
9	7
1	3
1	2
10	4
5	13
1	11
6	14
# tree 195
1	6
6	12
12	9
12	10
6	5
9	7
1	3
1	2
10	4
5	13
1	11
6	14
# tree 196
1	6
6	12
1	7
12	10
7	5
12	9
1	3
1	2
10	4
5	13
1	11
6	14
# tree 197
1	6
6	12
12	7
12	10
7	5
12	9
1	3
1	2
10	4
5	13
1	11
6	14
# tree 198
1	6
6	12
6	7
12	10
7	5
12	9
1	3
1	2
10	4
5	13
1	11
6	14
# tree 199
1	6
6	12
12	9
1	5
9	7
12	10
1	3
12	14
1	2
5	13
1	11
12	4
# tree 200
1	6
6	12
12	9
9	5
9	7
12	10
1	3
12	14
1	2
5	13
1	11
12	4
# tree 201
1	6
6	12
12	9
12	5
9	7
12	10
1	3
12	14
1	2
5	13
1	11
12	4
# tree 202
1	6
6	12
12	9
6	5
9	7
12	10
1	3
12	14
1	2
5	13
1	11
12	4
# tree 203
1	6
6	12
1	7
7	5
12	9
12	10
1	3
12	14
1	2
5	13
1	11
12	4
# tree 204
1	6
6	12
12	7
7	5
12	9
12	10
1	3
12	14
1	2
5	13
1	11
12	4
# tree 205
1	6
6	12
6	7
7	5
12	9
12	10
1	3
12	14
1	2
5	13
1	11
12	4
# tree 206
1	6
6	12
12	10
6	5
12	9
1	3
12	14
1	2
10	4
5	13
1	11
1	7
# tree 207
1	6
6	12
12	10
6	5
12	9
1	3
12	14
1	2
10	4
5	13
1	11
12	7
# tree 208
1	6
6	12
12	10
6	5
12	9
1	3
12	14
1	2
10	4
5	13
1	11
6	7
# tree 209
1	6
6	12
12	9
9	7
1	3
12	10
7	5
1	2
3	11
12	13
6	14
12	4
# tree 210
1	6
6	12
12	9
12	10
1	3
9	7
1	2
10	4
3	11
12	13
6	14
1	5
# tree 211
1	6
6	12
12	9
12	10
1	3
9	7
1	2
10	4
3	11
12	13
6	14
9	5
# tree 212
1	6
6	12
12	9
12	10
1	3
9	7
1	2
10	4
3	11
12	13
6	14
12	5
# tree 213
1	6
6	12
12	9
12	10
1	3
9	7
1	2
10	4
3	11
12	13
6	14
6	5
# tree 214
1	6
6	12
1	7
12	10
1	3
12	9
7	5
1	2
10	4
3	11
12	13
6	14
# tree 215
1	6
6	12
12	7
12	10
1	3
12	9
7	5
1	2
10	4
3	11
12	13
6	14
# tree 216
1	6
6	12
6	7
12	10
1	3
12	9
7	5
1	2
10	4
3	11
12	13
6	14
# tree 217
1	6
6	12
12	9
1	3
9	7
12	10
12	14
1	2
3	11
12	13
12	4
1	5
# tree 218
1	6
6	12
12	9
1	3
9	7
12	10
12	14
1	2
3	11
12	13
12	4
9	5
# tree 219
1	6
6	12
12	9
1	3
9	7
12	10
12	14
1	2
3	11
12	13
12	4
12	5
# tree 220
1	6
6	12
12	9
1	3
9	7
12	10
12	14
1	2
3	11
12	13
12	4
6	5
# tree 221
1	6
6	12
1	7
1	3
12	9
12	10
7	5
12	14
1	2
3	11
12	13
12	4
# tree 222
1	6
6	12
12	7
1	3
12	9
12	10
7	5
12	14
1	2
3	11
12	13
12	4
# tree 223
1	6
6	12
6	7
1	3
12	9
12	10
7	5
12	14
1	2
3	11
12	13
12	4
# tree 224
1	6
6	12
12	10
1	3
12	9
12	14
1	2
10	4
3	11
12	13
6	5
1	7
# tree 225
1	6
6	12
12	10
1	3
12	9
12	14
1	2
10	4
3	11
12	13
6	5
12	7
# tree 226
1	6
6	12
12	10
1	3
12	9
12	14
1	2
10	4
3	11
12	13
6	5
6	7
# tree 227
1	6
6	12
12	9
1	3
1	5
9	7
12	10
1	2
3	11
5	13
6	14
12	4
# tree 228
1	6
6	12
12	9
1	3
9	5
9	7
12	10
1	2
3	11
5	13
6	14
12	4
# tree 229
1	6
6	12
12	9
1	3
12	5
9	7
12	10
1	2
3	11
5	13
6	14
12	4
# tree 230
1	6
6	12
12	9
1	3
6	5
9	7
12	10
1	2
3	11
5	13
6	14
12	4
# tree 231
1	6
6	12
1	7
1	3
7	5
12	9
12	10
1	2
3	11
5	13
6	14
12	4
# tree 232
1	6
6	12
12	7
1	3
7	5
12	9
12	10
1	2
3	11
5	13
6	14
12	4
# tree 233
1	6
6	12
6	7
1	3
7	5
12	9
12	10
1	2
3	11
5	13
6	14
12	4
# tree 234
1	6
6	12
12	10
1	3
6	5
12	9
1	2
10	4
3	11
5	13
6	14
1	7
# tree 235
1	6
6	12
12	10
1	3
6	5
12	9
1	2
10	4
3	11
5	13
6	14
12	7
# tree 236
1	6
6	12
12	10
1	3
6	5
12	9
1	2
10	4
3	11
5	13
6	14
6	7
# tree 237
1	6
6	12
1	3
6	5
12	9
12	10
12	14
1	2
3	11
5	13
12	4
1	7
# tree 238
1	6
6	12
1	3
6	5
12	9
12	10
12	14
1	2
3	11
5	13
12	4
12	7
# tree 239
1	6
6	12
1	3
6	5
12	9
12	10
12	14
1	2
3	11
5	13
12	4
6	7
# tree 240
1	6
6	12
12	9
6	14
9	7
14	10
7	5
1	3
1	2
1	11
12	13
12	4
# tree 241
1	6
6	12
12	9
6	14
14	10
9	7
1	3
1	2
10	4
1	11
12	13
1	5
# tree 242
1	6
6	12
12	9
6	14
14	10
9	7
1	3
1	2
10	4
1	11
12	13
9	5
# tree 243
1	6
6	12
12	9
6	14
14	10
9	7
1	3
1	2
10	4
1	11
12	13
12	5
# tree 244
1	6
6	12
12	9
6	14
14	10
9	7
1	3
1	2
10	4
1	11
12	13
6	5
# tree 245
1	6
6	12
6	14
1	7
14	10
12	9
7	5
1	3
1	2
10	4
1	11
12	13
# tree 246
1	6
6	12
6	14
12	7
14	10
12	9
7	5
1	3
1	2
10	4
1	11
12	13
# tree 247
1	6
6	12
6	14
6	7
14	10
12	9
7	5
1	3
1	2
10	4
1	11
12	13
# tree 248
1	6
6	12
12	9
12	14
9	7
14	10
1	3
1	2
1	11
12	13
12	4
1	5
# tree 249
1	6
6	12
12	9
12	14
9	7
14	10
1	3
1	2
1	11
12	13
12	4
9	5
# tree 250
1	6
6	12
12	9
12	14
9	7
14	10
1	3
1	2
1	11
12	13
12	4
12	5
# tree 251
1	6
6	12
12	9
12	14
9	7
14	10
1	3
1	2
1	11
12	13
12	4
6	5
# tree 252
1	6
6	12
12	14
1	7
12	9
14	10
7	5
1	3
1	2
1	11
12	13
12	4
# tree 253
1	6
6	12
12	14
12	7
12	9
14	10
7	5
1	3
1	2
1	11
12	13
12	4
# tree 254
1	6
6	12
12	14
6	7
12	9
14	10
7	5
1	3
1	2
1	11
12	13
12	4
# tree 255
1	6
6	12
12	14
14	10
12	9
1	3
1	2
10	4
1	11
12	13
6	5
1	7
# tree 256
1	6
6	12
12	14
14	10
12	9
1	3
1	2
10	4
1	11
12	13
6	5
12	7
# tree 257
1	6
6	12
12	14
14	10
12	9
1	3
1	2
10	4
1	11
12	13
6	5
6	7
# tree 258
1	6
6	12
12	9
6	14
1	5
9	7
14	10
1	3
1	2
5	13
1	11
12	4
# tree 259
1	6
6	12
12	9
6	14
9	5
9	7
14	10
1	3
1	2
5	13
1	11
12	4
# tree 260
1	6
6	12
12	9
6	14
12	5
9	7
14	10
1	3
1	2
5	13
1	11
12	4
# tree 261
1	6
6	12
12	9
6	14
6	5
9	7
14	10
1	3
1	2
5	13
1	11
12	4
# tree 262
1	6
6	12
1	7
6	14
7	5
12	9
14	10
1	3
1	2
5	13
1	11
12	4
# tree 263
1	6
6	12
12	7
6	14
7	5
12	9
14	10
1	3
1	2
5	13
1	11
12	4
# tree 264
1	6
6	12
6	7
6	14
7	5
12	9
14	10
1	3
1	2
5	13
1	11
12	4
# tree 265
1	6
6	12
6	14
14	10
6	5
12	9
1	3
1	2
10	4
5	13
1	11
1	7
# tree 266
1	6
6	12
6	14
14	10
6	5
12	9
1	3
1	2
10	4
5	13
1	11
12	7
# tree 267
1	6
6	12
6	14
14	10
6	5
12	9
1	3
1	2
10	4
5	13
1	11
6	7
# tree 268
1	6
6	12
12	14
6	5
12	9
14	10
1	3
1	2
5	13
1	11
12	4
1	7
# tree 269
1	6
6	12
12	14
6	5
12	9
14	10
1	3
1	2
5	13
1	11
12	4
12	7
# tree 270
1	6
6	12
12	14
6	5
12	9
14	10
1	3
1	2
5	13
1	11
12	4
6	7
# tree 271
1	6
6	12
12	9
6	14
1	3
9	7
14	10
1	2
3	11
12	13
12	4
1	5
# tree 272
1	6
6	12
12	9
6	14
1	3
9	7
14	10
1	2
3	11
12	13
12	4
9	5
# tree 273
1	6
6	12
12	9
6	14
1	3
9	7
14	10
1	2
3	11
12	13
12	4
12	5
# tree 274
1	6
6	12
12	9
6	14
1	3
9	7
14	10
1	2
3	11
12	13
12	4
6	5
# tree 275
1	6
6	12
6	14
1	7
1	3
12	9
14	10
7	5
1	2
3	11
12	13
12	4
# tree 276
1	6
6	12
6	14
12	7
1	3
12	9
14	10
7	5
1	2
3	11
12	13
12	4
# tree 277
1	6
6	12
6	14
6	7
1	3
12	9
14	10
7	5
1	2
3	11
12	13
12	4
# tree 278
1	6
6	12
6	14
14	10
1	3
12	9
1	2
10	4
3	11
12	13
6	5
1	7
# tree 279
1	6
6	12
6	14
14	10
1	3
12	9
1	2
10	4
3	11
12	13
6	5
12	7
# tree 280
1	6
6	12
6	14
14	10
1	3
12	9
1	2
10	4
3	11
12	13
6	5
6	7
# tree 281
1	6
6	12
12	14
1	3
12	9
14	10
1	2
3	11
12	13
12	4
6	5
1	7
# tree 282
1	6
6	12
12	14
1	3
12	9
14	10
1	2
3	11
12	13
12	4
6	5
12	7
# tree 283
1	6
6	12
12	14
1	3
12	9
14	10
1	2
3	11
12	13
12	4
6	5
6	7
# tree 284
1	6
6	12
6	14
1	3
6	5
12	9
14	10
1	2
3	11
5	13
12	4
1	7
# tree 285
1	6
6	12
6	14
1	3
6	5
12	9
14	10
1	2
3	11
5	13
12	4
12	7
# tree 286
1	6
6	12
6	14
1	3
6	5
12	9
14	10
1	2
3	11
5	13
12	4
6	7
# tree 287
1	6
6	12
12	9
9	7
12	10
7	5
1	3
1	2
1	11
12	13
6	14
12	4
# tree 288
1	6
6	12
12	9
12	10
9	7
1	3
1	2
10	4
1	11
12	13
6	14
1	5
# tree 289
1	6
6	12
12	9
12	10
9	7
1	3
1	2
10	4
1	11
12	13
6	14
9	5
# tree 290
1	6
6	12
12	9
12	10
9	7
1	3
1	2
10	4
1	11
12	13
6	14
12	5
# tree 291
1	6
6	12
12	9
12	10
9	7
1	3
1	2
10	4
1	11
12	13
6	14
6	5
# tree 292
1	6
6	12
1	7
12	10
12	9
7	5
1	3
1	2
10	4
1	11
12	13
6	14
# tree 293
1	6
6	12
12	7
12	10
12	9
7	5
1	3
1	2
10	4
1	11
12	13
6	14
# tree 294
1	6
6	12
6	7
12	10
12	9
7	5
1	3
1	2
10	4
1	11
12	13
6	14
# tree 295
1	6
6	12
12	9
9	7
12	10
1	3
12	14
1	2
1	11
12	13
12	4
1	5
# tree 296
1	6
6	12
12	9
9	7
12	10
1	3
12	14
1	2
1	11
12	13
12	4
9	5
# tree 297
1	6
6	12
12	9
9	7
12	10
1	3
12	14
1	2
1	11
12	13
12	4
12	5
# tree 298
1	6
6	12
12	9
9	7
12	10
1	3
12	14
1	2
1	11
12	13
12	4
6	5
# tree 299
1	6
6	12
1	7
12	9
12	10
7	5
1	3
12	14
1	2
1	11
12	13
12	4
# tree 300
1	6
6	12
12	7
12	9
12	10
7	5
1	3
12	14
1	2
1	11
12	13
12	4
# tree 301
1	6
6	12
6	7
12	9
12	10
7	5
1	3
12	14
1	2
1	11
12	13
12	4
# tree 302
1	6
6	12
12	10
12	9
1	3
12	14
1	2
10	4
1	11
12	13
6	5
1	7
# tree 303
1	6
6	12
12	10
12	9
1	3
12	14
1	2
10	4
1	11
12	13
6	5
12	7
# tree 304
1	6
6	12
12	10
12	9
1	3
12	14
1	2
10	4
1	11
12	13
6	5
6	7
# tree 305
1	6
6	12
12	9
1	5
9	7
12	10
1	3
1	2
5	13
1	11
6	14
12	4
# tree 306
1	6
6	12
12	9
9	5
9	7
12	10
1	3
1	2
5	13
1	11
6	14
12	4
# tree 307
1	6
6	12
12	9
12	5
9	7
12	10
1	3
1	2
5	13
1	11
6	14
12	4
# tree 308
1	6
6	12
12	9
6	5
9	7
12	10
1	3
1	2
5	13
1	11
6	14
12	4
# tree 309
1	6
6	12
1	7
7	5
12	9
12	10
1	3
1	2
5	13
1	11
6	14
12	4
# tree 310
1	6
6	12
12	7
7	5
12	9
12	10
1	3
1	2
5	13
1	11
6	14
12	4
# tree 311
1	6
6	12
6	7
7	5
12	9
12	10
1	3
1	2
5	13
1	11
6	14
12	4
# tree 312
1	6
6	12
12	10
6	5
12	9
1	3
1	2
10	4
5	13
1	11
6	14
1	7
# tree 313
1	6
6	12
12	10
6	5
12	9
1	3
1	2
10	4
5	13
1	11
6	14
12	7
# tree 314
1	6
6	12
12	10
6	5
12	9
1	3
1	2
10	4
5	13
1	11
6	14
6	7
# tree 315
1	6
6	12
6	5
12	9
12	10
1	3
12	14
1	2
5	13
1	11
12	4
1	7
# tree 316
1	6
6	12
6	5
12	9
12	10
1	3
12	14
1	2
5	13
1	11
12	4
12	7
# tree 317
1	6
6	12
6	5
12	9
12	10
1	3
12	14
1	2
5	13
1	11
12	4
6	7
# tree 318
1	6
6	12
12	9
1	3
9	7
12	10
1	2
3	11
12	13
6	14
12	4
1	5
# tree 319
1	6
6	12
12	9
1	3
9	7
12	10
1	2
3	11
12	13
6	14
12	4
9	5
# tree 320
1	6
6	12
12	9
1	3
9	7
12	10
1	2
3	11
12	13
6	14
12	4
12	5
# tree 321
1	6
6	12
12	9
1	3
9	7
12	10
1	2
3	11
12	13
6	14
12	4
6	5
# tree 322
1	6
6	12
1	7
1	3
12	9
12	10
7	5
1	2
3	11
12	13
6	14
12	4
# tree 323
1	6
6	12
12	7
1	3
12	9
12	10
7	5
1	2
3	11
12	13
6	14
12	4
# tree 324
1	6
6	12
6	7
1	3
12	9
12	10
7	5
1	2
3	11
12	13
6	14
12	4
# tree 325
1	6
6	12
12	10
1	3
12	9
1	2
10	4
3	11
12	13
6	14
6	5
1	7
# tree 326
1	6
6	12
12	10
1	3
12	9
1	2
10	4
3	11
12	13
6	14
6	5
12	7
# tree 327
1	6
6	12
12	10
1	3
12	9
1	2
10	4
3	11
12	13
6	14
6	5
6	7
# tree 328
1	6
6	12
1	3
12	9
12	10
12	14
1	2
3	11
12	13
12	4
6	5
1	7
# tree 329
1	6
6	12
1	3
12	9
12	10
12	14
1	2
3	11
12	13
12	4
6	5
12	7
# tree 330
1	6
6	12
1	3
12	9
12	10
12	14
1	2
3	11
12	13
12	4
6	5
6	7
# tree 331
1	6
6	12
1	3
6	5
12	9
12	10
1	2
3	11
5	13
6	14
12	4
1	7
# tree 332
1	6
6	12
1	3
6	5
12	9
12	10
1	2
3	11
5	13
6	14
12	4
12	7
# tree 333
1	6
6	12
1	3
6	5
12	9
12	10
1	2
3	11
5	13
6	14
12	4
6	7
# tree 334
1	6
6	12
12	9
6	14
9	7
14	10
1	3
1	2
1	11
12	13
12	4
1	5
# tree 335
1	6
6	12
12	9
6	14
9	7
14	10
1	3
1	2
1	11
12	13
12	4
9	5
# tree 336
1	6
6	12
12	9
6	14
9	7
14	10
1	3
1	2
1	11
12	13
12	4
12	5
# tree 337
1	6
6	12
12	9
6	14
9	7
14	10
1	3
1	2
1	11
12	13
12	4
6	5
# tree 338
1	6
6	12
6	14
1	7
12	9
14	10
7	5
1	3
1	2
1	11
12	13
12	4
# tree 339
1	6
6	12
6	14
12	7
12	9
14	10
7	5
1	3
1	2
1	11
12	13
12	4
# tree 340
1	6
6	12
6	14
6	7
12	9
14	10
7	5
1	3
1	2
1	11
12	13
12	4
# tree 341
1	6
6	12
6	14
14	10
12	9
1	3
1	2
10	4
1	11
12	13
6	5
1	7
# tree 342
1	6
6	12
6	14
14	10
12	9
1	3
1	2
10	4
1	11
12	13
6	5
12	7
# tree 343
1	6
6	12
6	14
14	10
12	9
1	3
1	2
10	4
1	11
12	13
6	5
6	7
# tree 344
1	6
6	12
12	14
12	9
14	10
1	3
1	2
1	11
12	13
12	4
6	5
1	7
# tree 345
1	6
6	12
12	14
12	9
14	10
1	3
1	2
1	11
12	13
12	4
6	5
12	7
# tree 346
1	6
6	12
12	14
12	9
14	10
1	3
1	2
1	11
12	13
12	4
6	5
6	7
# tree 347
1	6
6	12
6	14
6	5
12	9
14	10
1	3
1	2
5	13
1	11
12	4
1	7
# tree 348
1	6
6	12
6	14
6	5
12	9
14	10
1	3
1	2
5	13
1	11
12	4
12	7
# tree 349
1	6
6	12
6	14
6	5
12	9
14	10
1	3
1	2
5	13
1	11
12	4
6	7
# tree 350
1	6
6	12
6	14
1	3
12	9
14	10
1	2
3	11
12	13
12	4
6	5
1	7
# tree 351
1	6
6	12
6	14
1	3
12	9
14	10
1	2
3	11
12	13
12	4
6	5
12	7
# tree 352
1	6
6	12
6	14
1	3
12	9
14	10
1	2
3	11
12	13
12	4
6	5
6	7
