### 551 trees
# tree 1
0	1
5	2
1	3
26	4
0	5
2	6
12	9
1	10
27	11
6	12
18	15
3	18
3	19
4	23
6	26
19	27
18	7
3	8
18	13
9	14
19	16
15	17
4	20
23	21
11	22
27	24
10	25
# tree 2
0	5
0	1
6	26
5	2
6	12
19	27
2	6
3	18
1	3
26	4
3	19
12	9
18	15
4	23
27	11
1	10
3	8
18	13
9	14
19	16
15	17
4	20
23	21
11	22
27	24
10	25
3	7
# tree 3
0	5
0	1
6	26
5	2
6	12
19	27
2	6
3	18
1	3
26	4
3	19
12	9
18	15
4	23
27	11
1	10
10	25
18	7
18	13
9	14
19	16
15	17
4	20
23	21
11	22
27	24
25	8
# tree 4
0	5
0	1
6	26
5	2
6	12
2	6
3	18
1	3
26	4
3	19
12	9
18	15
4	23
1	11
19	27
1	10
18	7
3	8
18	13
9	14
19	16
15	17
4	20
23	21
11	22
27	24
10	25
# tree 5
0	5
0	1
6	26
5	2
6	12
2	6
3	18
1	3
26	4
3	19
12	9
18	15
4	23
3	11
19	27
1	10
18	7
3	8
18	13
9	14
19	16
15	17
4	20
23	21
11	22
27	24
10	25
# tree 6
0	5
0	1
6	26
5	2
6	12
2	6
3	18
1	3
26	4
3	19
12	9
18	15
4	23
19	11
19	27
1	10
18	7
3	8
18	13
9	14
19	16
15	17
4	20
23	21
11	22
27	24
10	25
# tree 7
0	5
0	1
6	26
5	2
6	12
19	27
2	6
3	18
1	3
26	4
3	19
12	9
18	15
4	23
27	11
1	10
27	24
18	7
3	8
18	13
9	14
15	17
4	20
23	21
11	22
10	25
24	16
# tree 8
0	5
0	1
6	26
5	2
6	12
19	27
2	6
3	18
1	3
26	4
3	19
12	9
18	15
4	23
27	11
1	10
18	7
3	8
18	13
9	14
15	17
4	20
23	21
11	22
27	24
10	25
3	16
# tree 9
0	5
0	1
6	26
5	2
6	12
19	27
2	6
3	18
1	3
26	4
3	19
12	9
18	15
27	11
1	10
4	23
18	7
3	8
18	13
9	14
19	16
15	17
4	20
11	22
27	24
10	25
6	21
# tree 10
0	5
0	1
6	26
5	2
6	12
19	27
2	6
3	18
1	3
26	4
3	19
12	9
18	15
4	23
1	10
27	11
18	7
3	8
18	13
9	14
19	16
15	17
4	20
23	21
27	24
10	25
1	22
# tree 11
0	5
0	1
6	26
5	2
6	12
19	27
2	6
3	18
1	3
26	4
3	19
12	9
18	15
4	23
1	10
27	11
18	7
3	8
18	13
9	14
19	16
15	17
4	20
23	21
27	24
10	25
27	22
# tree 12
0	5
0	1
6	26
5	2
6	12
19	27
2	6
3	18
1	3
26	4
3	19
12	9
18	15
4	23
1	10
27	11
18	7
3	8
18	13
9	14
19	16
15	17
4	20
23	21
27	24
10	25
3	22
# tree 13
0	5
0	1
6	26
5	2
6	12
19	27
2	6
3	18
1	3
26	4
3	19
12	9
18	15
4	23
1	10
27	11
18	7
3	8
18	13
9	14
19	16
15	17
4	20
23	21
27	24
10	25
19	22
# tree 14
0	5
0	1
6	26
5	2
6	12
19	27
2	6
3	18
1	3
26	4
3	19
12	9
18	15
4	23
27	11
1	10
18	7
3	8
18	13
9	14
19	16
15	17
4	20
23	21
11	22
10	25
3	24
# tree 15
0	5
0	1
6	26
5	2
6	12
19	27
2	6
3	18
1	3
26	4
3	19
12	9
18	15
4	23
27	11
1	10
18	7
3	8
18	13
9	14
19	16
15	17
4	20
23	21
11	22
27	24
18	25
# tree 16
0	5
0	1
6	26
5	2
6	12
1	27
2	6
3	18
1	3
26	4
12	9
3	19
18	15
4	23
27	11
1	10
18	7
3	8
18	13
9	14
19	16
15	17
4	20
23	21
11	22
27	24
10	25
# tree 17
0	5
0	1
6	26
5	2
6	12
3	27
2	6
3	18
1	3
26	4
12	9
3	19
18	15
4	23
27	11
1	10
18	7
3	8
18	13
9	14
19	16
15	17
4	20
23	21
11	22
27	24
10	25
# tree 18
2	6
0	5
3	19
5	2
1	3
0	1
6	26
6	12
3	18
26	4
1	10
12	9
18	15
4	23
1	11
19	27
10	25
18	7
18	13
9	14
19	16
15	17
4	20
23	21
11	22
27	24
25	8
# tree 19
2	6
0	5
3	19
5	2
1	3
0	1
6	26
6	12
3	18
26	4
1	10
12	9
18	15
4	23
3	11
19	27
10	25
18	7
18	13
9	14
19	16
15	17
4	20
23	21
11	22
27	24
25	8
# tree 20
2	6
0	5
3	19
5	2
1	3
0	1
6	26
6	12
3	18
26	4
1	10
12	9
18	15
4	23
19	11
19	27
10	25
18	7
18	13
9	14
19	16
15	17
4	20
23	21
11	22
27	24
25	8
# tree 21
2	6
0	5
3	19
5	2
1	3
0	1
6	26
6	12
3	18
26	4
19	27
1	10
12	9
18	15
4	23
27	11
10	25
18	7
9	14
19	16
15	17
4	20
23	21
11	22
27	24
25	8
3	13
# tree 22
2	6
0	5
3	19
5	2
1	3
0	1
6	26
6	12
3	18
26	4
19	27
1	10
12	9
18	15
4	23
27	11
10	25
18	7
18	13
9	14
15	17
4	20
23	21
11	22
27	24
25	8
0	16
# tree 23
2	6
0	5
3	19
5	2
1	3
0	1
6	26
6	12
3	18
26	4
19	27
1	10
12	9
18	15
4	23
27	11
10	25
18	7
18	13
9	14
15	17
4	20
23	21
11	22
27	24
25	8
1	16
# tree 24
2	6
0	5
3	19
5	2
1	3
0	1
6	26
6	12
3	18
26	4
19	27
1	10
12	9
18	15
4	23
27	11
10	25
18	7
18	13
9	14
15	17
4	20
23	21
11	22
27	24
25	8
3	16
# tree 25
2	6
0	5
3	19
5	2
1	3
0	1
6	26
6	12
3	18
26	4
19	27
1	10
12	9
18	15
4	23
27	11
10	25
18	7
18	13
9	14
27	16
15	17
4	20
23	21
11	22
27	24
25	8
# tree 26
2	6
0	5
3	19
5	2
1	3
0	1
6	26
6	12
3	18
26	4
19	27
1	10
12	9
18	15
27	11
10	25
4	23
18	7
18	13
9	14
19	16
15	17
4	20
11	22
27	24
25	8
6	21
# tree 27
2	6
0	5
3	19
5	2
1	3
0	1
6	26
6	12
3	18
26	4
19	27
1	10
12	9
18	15
4	23
10	25
27	11
18	7
18	13
9	14
19	16
15	17
4	20
23	21
27	24
25	8
1	22
# tree 28
2	6
0	5
3	19
5	2
1	3
0	1
6	26
6	12
3	18
26	4
19	27
1	10
12	9
18	15
4	23
10	25
27	11
18	7
18	13
9	14
19	16
15	17
4	20
23	21
27	24
25	8
27	22
# tree 29
2	6
0	5
3	19
5	2
1	3
0	1
6	26
6	12
3	18
26	4
19	27
1	10
12	9
18	15
4	23
10	25
27	11
18	7
18	13
9	14
19	16
15	17
4	20
23	21
27	24
25	8
3	22
# tree 30
2	6
0	5
3	19
5	2
1	3
0	1
6	26
6	12
3	18
26	4
19	27
1	10
12	9
18	15
4	23
10	25
27	11
18	7
18	13
9	14
19	16
15	17
4	20
23	21
27	24
25	8
19	22
# tree 31
2	6
0	5
3	19
5	2
1	3
0	1
6	26
6	12
3	18
26	4
19	27
1	10
12	9
18	15
4	23
27	11
10	25
18	7
18	13
9	14
19	16
15	17
4	20
23	21
11	22
25	8
3	24
# tree 32
2	6
0	5
3	19
5	2
1	3
0	1
6	26
6	12
3	18
26	4
19	27
12	9
18	15
4	23
27	11
18	25
1	10
18	7
18	13
9	14
19	16
15	17
4	20
23	21
11	22
27	24
25	8
# tree 33
2	6
0	5
5	2
1	3
0	1
6	26
6	12
3	18
26	4
1	27
1	10
12	9
3	19
18	15
4	23
27	11
10	25
18	7
18	13
9	14
19	16
15	17
4	20
23	21
11	22
27	24
25	8
# tree 34
2	6
0	5
5	2
1	3
0	1
6	26
6	12
3	18
26	4
3	27
1	10
12	9
3	19
18	15
4	23
27	11
10	25
18	7
18	13
9	14
19	16
15	17
4	20
23	21
11	22
27	24
25	8
# tree 35
2	6
0	5
3	19
5	2
1	3
0	1
6	26
6	12
3	18
26	4
19	27
1	10
12	9
18	15
4	23
27	11
10	25
18	13
9	14
19	16
15	17
4	20
23	21
11	22
27	24
25	8
3	7
# tree 36
2	6
0	5
3	19
5	2
1	3
0	1
6	26
6	12
3	18
26	4
19	27
12	9
18	15
4	23
27	11
1	10
18	7
3	8
18	13
9	14
15	17
4	20
23	21
11	22
27	24
10	25
0	16
# tree 37
2	6
0	5
3	19
5	2
1	3
0	1
6	26
6	12
3	18
26	4
19	27
12	9
18	15
4	23
27	11
1	10
18	7
3	8
18	13
9	14
15	17
4	20
23	21
11	22
27	24
10	25
1	16
# tree 38
2	6
0	5
3	19
5	2
1	3
0	1
6	26
6	12
3	18
26	4
19	27
12	9
18	15
4	23
27	11
1	10
18	7
3	8
18	13
9	14
27	16
15	17
4	20
23	21
11	22
27	24
10	25
# tree 39
2	6
0	5
5	2
1	3
0	1
6	26
6	12
3	18
26	4
3	19
12	9
18	15
4	23
19	11
19	27
1	10
18	7
3	8
18	13
9	14
15	17
4	20
23	21
11	22
27	24
10	25
0	16
# tree 40
2	6
0	5
5	2
1	3
0	1
6	26
6	12
3	18
26	4
3	19
12	9
18	15
4	23
19	11
19	27
1	10
18	7
3	8
18	13
9	14
15	17
4	20
23	21
11	22
27	24
10	25
1	16
# tree 41
2	6
0	5
5	2
1	3
0	1
6	26
6	12
3	18
26	4
3	19
12	9
18	15
4	23
19	11
19	27
1	10
18	7
3	8
18	13
9	14
15	17
4	20
23	21
11	22
27	24
10	25
3	16
# tree 42
2	6
0	5
5	2
1	3
0	1
6	26
6	12
3	18
26	4
3	19
12	9
18	15
4	23
19	11
19	27
1	10
18	7
3	8
18	13
9	14
27	16
15	17
4	20
23	21
11	22
27	24
10	25
# tree 43
2	6
0	5
5	2
1	3
0	1
6	26
6	12
3	18
26	4
3	19
12	9
18	15
19	11
19	27
1	10
4	23
18	7
3	8
18	13
9	14
19	16
15	17
4	20
11	22
27	24
10	25
6	21
# tree 44
2	6
0	5
5	2
1	3
0	1
6	26
6	12
3	18
26	4
3	19
12	9
18	15
4	23
19	27
1	10
19	11
18	7
3	8
18	13
9	14
19	16
15	17
4	20
23	21
27	24
10	25
1	22
# tree 45
2	6
0	5
5	2
1	3
0	1
6	26
6	12
3	18
26	4
3	19
12	9
18	15
4	23
19	27
1	10
19	11
18	7
3	8
18	13
9	14
19	16
15	17
4	20
23	21
27	24
10	25
27	22
# tree 46
2	6
0	5
5	2
1	3
0	1
6	26
6	12
3	18
26	4
3	19
12	9
18	15
4	23
19	27
1	10
19	11
18	7
3	8
18	13
9	14
19	16
15	17
4	20
23	21
27	24
10	25
3	22
# tree 47
2	6
0	5
5	2
1	3
0	1
6	26
6	12
3	18
26	4
3	19
12	9
18	15
4	23
19	27
1	10
19	11
18	7
3	8
18	13
9	14
19	16
15	17
4	20
23	21
27	24
10	25
19	22
# tree 48
2	6
0	5
5	2
1	3
0	1
6	26
6	12
3	18
26	4
3	19
12	9
18	15
4	23
19	11
1	10
19	27
18	7
3	8
18	13
9	14
19	16
15	17
4	20
23	21
11	22
10	25
3	24
# tree 49
2	6
0	5
5	2
1	3
0	1
6	26
6	12
3	18
26	4
3	19
12	9
18	15
4	23
19	11
19	27
1	10
18	7
3	8
18	13
9	14
19	16
15	17
4	20
23	21
11	22
27	24
18	25
# tree 50
2	6
0	5
5	2
1	3
0	1
6	26
6	12
3	18
26	4
3	19
12	9
18	15
4	23
19	11
1	27
1	10
18	7
3	8
18	13
9	14
19	16
15	17
4	20
23	21
11	22
27	24
10	25
# tree 51
2	6
0	5
5	2
1	3
0	1
6	26
6	12
3	18
26	4
3	19
12	9
18	15
4	23
19	11
3	27
1	10
18	7
3	8
18	13
9	14
19	16
15	17
4	20
23	21
11	22
27	24
10	25
# tree 52
2	6
0	5
5	2
1	3
0	1
6	26
6	12
3	18
26	4
3	19
12	9
18	15
4	23
19	11
19	27
1	10
3	8
18	13
9	14
19	16
15	17
4	20
23	21
11	22
27	24
10	25
3	7
# tree 53
2	6
0	5
3	19
5	2
1	3
0	1
6	26
6	12
3	18
26	4
19	27
12	9
18	15
4	23
27	11
1	10
18	7
3	8
9	14
19	16
15	17
4	20
23	21
11	22
27	24
3	13
18	25
# tree 54
2	6
0	5
3	19
5	2
1	3
0	1
6	26
6	12
3	18
26	4
19	27
12	9
18	15
27	11
1	10
27	24
4	23
18	7
3	8
18	13
9	14
15	17
4	20
11	22
10	25
24	16
6	21
# tree 55
2	6
0	5
3	19
5	2
1	3
0	1
6	26
6	12
3	18
26	4
19	27
12	9
18	15
4	23
1	10
27	24
27	11
18	7
3	8
18	13
9	14
15	17
4	20
23	21
10	25
24	16
1	22
# tree 56
2	6
0	5
3	19
5	2
1	3
0	1
6	26
6	12
3	18
26	4
19	27
12	9
18	15
4	23
1	10
27	24
27	11
18	7
3	8
18	13
9	14
15	17
4	20
23	21
10	25
24	16
27	22
# tree 57
2	6
0	5
3	19
5	2
1	3
0	1
6	26
6	12
3	18
26	4
19	27
12	9
18	15
4	23
1	10
27	24
27	11
18	7
3	8
18	13
9	14
15	17
4	20
23	21
10	25
24	16
3	22
# tree 58
2	6
0	5
3	19
5	2
1	3
0	1
6	26
6	12
3	18
26	4
19	27
12	9
18	15
4	23
1	10
27	24
27	11
18	7
3	8
18	13
9	14
15	17
4	20
23	21
10	25
24	16
19	22
# tree 59
2	6
0	5
3	19
5	2
1	3
0	1
6	26
6	12
3	18
26	4
19	27
12	9
18	15
4	23
27	11
1	10
3	24
18	7
3	8
18	13
9	14
15	17
4	20
23	21
11	22
10	25
24	16
# tree 60
2	6
0	5
3	19
5	2
1	3
0	1
6	26
6	12
3	18
26	4
19	27
12	9
18	15
4	23
27	11
27	24
1	10
18	7
3	8
18	13
9	14
15	17
4	20
23	21
11	22
24	16
18	25
# tree 61
2	6
0	5
5	2
1	3
0	1
6	26
6	12
3	18
26	4
1	27
12	9
18	15
4	23
27	11
1	10
27	24
3	19
18	7
3	8
18	13
9	14
15	17
4	20
23	21
11	22
10	25
24	16
# tree 62
2	6
0	5
5	2
1	3
0	1
6	26
6	12
3	18
26	4
3	27
12	9
18	15
4	23
27	11
1	10
27	24
3	19
18	7
3	8
18	13
9	14
15	17
4	20
23	21
11	22
10	25
24	16
# tree 63
2	6
0	5
3	19
5	2
1	3
0	1
6	26
6	12
3	18
26	4
19	27
12	9
18	15
4	23
27	11
1	10
27	24
3	8
18	13
9	14
15	17
4	20
23	21
11	22
10	25
24	16
3	7
# tree 64
2	6
0	5
3	19
5	2
1	3
0	1
6	26
6	12
3	18
19	27
26	4
12	9
18	15
1	10
27	11
4	23
18	7
3	8
18	13
9	14
19	16
15	17
4	20
27	24
10	25
6	21
1	22
# tree 65
2	6
0	5
3	19
5	2
1	3
0	1
6	26
6	12
3	18
19	27
26	4
12	9
18	15
1	10
27	11
4	23
18	7
3	8
18	13
9	14
19	16
15	17
4	20
27	24
10	25
6	21
27	22
# tree 66
2	6
0	5
3	19
5	2
1	3
0	1
6	26
6	12
3	18
19	27
26	4
12	9
18	15
1	10
27	11
4	23
18	7
3	8
18	13
9	14
19	16
15	17
4	20
27	24
10	25
6	21
3	22
# tree 67
2	6
0	5
3	19
5	2
1	3
0	1
6	26
6	12
3	18
19	27
26	4
12	9
18	15
1	10
27	11
4	23
18	7
3	8
18	13
9	14
19	16
15	17
4	20
27	24
10	25
6	21
19	22
# tree 68
2	6
0	5
3	19
5	2
1	3
0	1
6	26
6	12
3	18
19	27
26	4
12	9
18	15
27	11
1	10
4	23
18	7
3	8
18	13
9	14
19	16
15	17
4	20
11	22
10	25
6	21
3	24
# tree 69
2	6
0	5
3	19
5	2
1	3
0	1
6	26
6	12
3	18
19	27
26	4
12	9
18	15
27	11
1	10
4	23
18	7
3	8
18	13
9	14
19	16
15	17
4	20
11	22
27	24
6	21
18	25
# tree 70
2	6
0	5
5	2
1	3
0	1
6	26
6	12
3	18
1	27
26	4
12	9
3	19
18	15
27	11
1	10
4	23
18	7
3	8
18	13
9	14
19	16
15	17
4	20
11	22
27	24
10	25
6	21
# tree 71
2	6
0	5
5	2
1	3
0	1
6	26
6	12
3	18
3	27
26	4
12	9
3	19
18	15
27	11
1	10
4	23
18	7
3	8
18	13
9	14
19	16
15	17
4	20
11	22
27	24
10	25
6	21
# tree 72
2	6
0	5
3	19
5	2
1	3
0	1
6	26
6	12
3	18
19	27
26	4
12	9
18	15
27	11
1	10
4	23
3	8
18	13
9	14
19	16
15	17
4	20
11	22
27	24
10	25
6	21
3	7
# tree 73
2	6
0	5
3	19
5	2
1	3
0	1
6	26
6	12
3	18
26	4
19	27
12	9
18	15
4	23
1	10
27	11
18	7
3	8
18	13
9	14
19	16
15	17
4	20
23	21
10	25
19	22
3	24
# tree 74
2	6
0	5
3	19
5	2
1	3
0	1
6	26
6	12
3	18
26	4
19	27
12	9
18	15
4	23
1	10
27	11
18	7
3	8
18	13
9	14
19	16
15	17
4	20
23	21
27	24
19	22
18	25
# tree 75
2	6
0	5
5	2
1	3
0	1
6	26
6	12
3	18
26	4
1	27
12	9
3	19
18	15
4	23
1	10
27	11
18	7
3	8
18	13
9	14
19	16
15	17
4	20
23	21
27	24
10	25
19	22
# tree 76
2	6
0	5
5	2
1	3
0	1
6	26
6	12
3	18
26	4
3	27
12	9
3	19
18	15
4	23
1	10
27	11
18	7
3	8
18	13
9	14
19	16
15	17
4	20
23	21
27	24
10	25
19	22
# tree 77
2	6
0	5
3	19
5	2
1	3
0	1
6	26
6	12
3	18
26	4
19	27
12	9
18	15
4	23
1	10
27	11
3	8
18	13
9	14
19	16
15	17
4	20
23	21
27	24
10	25
19	22
3	7
# tree 78
2	6
0	5
3	19
5	2
1	3
0	1
6	26
6	12
3	18
26	4
19	27
12	9
18	15
4	23
27	11
1	10
18	7
3	8
18	13
9	14
19	16
15	17
4	20
23	21
11	22
3	24
18	25
# tree 79
2	6
0	5
5	2
1	3
0	1
6	26
6	12
3	18
26	4
1	27
12	9
3	19
18	15
4	23
27	11
1	10
18	7
3	8
18	13
9	14
19	16
15	17
4	20
23	21
11	22
10	25
3	24
# tree 80
2	6
0	5
5	2
1	3
0	1
6	26
6	12
3	18
26	4
3	27
12	9
3	19
18	15
4	23
27	11
1	10
18	7
3	8
18	13
9	14
19	16
15	17
4	20
23	21
11	22
10	25
3	24
# tree 81
2	6
0	5
3	19
5	2
1	3
0	1
6	26
6	12
3	18
26	4
19	27
12	9
18	15
4	23
27	11
1	10
3	8
18	13
9	14
19	16
15	17
4	20
23	21
11	22
10	25
3	24
3	7
# tree 82
2	6
0	5
5	2
1	3
0	1
6	26
6	12
3	18
26	4
1	27
12	9
3	19
18	15
4	23
27	11
1	10
18	7
3	8
18	13
9	14
19	16
15	17
4	20
23	21
11	22
27	24
18	25
# tree 83
2	6
0	5
5	2
1	3
0	1
6	26
6	12
3	18
26	4
3	27
12	9
3	19
18	15
4	23
27	11
1	10
18	7
3	8
18	13
9	14
19	16
15	17
4	20
23	21
11	22
27	24
18	25
# tree 84
2	6
0	5
3	19
5	2
1	3
0	1
6	26
6	12
3	18
26	4
19	27
12	9
18	15
4	23
27	11
1	10
3	8
18	13
9	14
19	16
15	17
4	20
23	21
11	22
27	24
18	25
3	7
# tree 85
2	6
0	5
1	3
5	2
0	1
6	26
6	12
3	18
26	4
3	27
12	9
3	19
18	15
4	23
27	11
1	10
3	8
18	13
9	14
19	16
15	17
4	20
23	21
11	22
27	24
10	25
3	7
# tree 86
5	2
1	3
0	5
0	1
2	6
6	26
6	12
3	18
26	4
3	19
1	10
12	9
18	15
4	23
19	11
19	27
10	25
18	7
9	14
19	16
15	17
4	20
23	21
11	22
27	24
25	8
3	13
# tree 87
5	2
1	3
0	5
0	1
2	6
6	26
6	12
3	18
26	4
3	19
1	10
12	9
18	15
4	23
19	11
19	27
10	25
18	7
18	13
9	14
15	17
4	20
23	21
11	22
27	24
25	8
0	16
# tree 88
5	2
1	3
0	5
0	1
2	6
6	26
6	12
3	18
26	4
3	19
1	10
12	9
18	15
4	23
19	11
19	27
10	25
18	7
18	13
9	14
15	17
4	20
23	21
11	22
27	24
25	8
1	16
# tree 89
5	2
1	3
0	5
0	1
2	6
6	26
6	12
3	18
26	4
3	19
1	10
12	9
18	15
4	23
19	11
19	27
10	25
18	7
18	13
9	14
15	17
4	20
23	21
11	22
27	24
25	8
3	16
# tree 90
5	2
1	3
0	5
0	1
2	6
6	26
6	12
3	18
26	4
3	19
1	10
12	9
18	15
4	23
19	11
19	27
10	25
18	7
18	13
9	14
27	16
15	17
4	20
23	21
11	22
27	24
25	8
# tree 91
5	2
1	3
0	5
0	1
2	6
6	26
6	12
3	18
26	4
3	19
1	10
12	9
18	15
19	11
19	27
10	25
4	23
18	7
18	13
9	14
19	16
15	17
4	20
11	22
27	24
25	8
6	21
# tree 92
5	2
1	3
0	5
0	1
2	6
6	26
6	12
3	18
26	4
3	19
1	10
12	9
18	15
4	23
19	27
10	25
19	11
18	7
18	13
9	14
19	16
15	17
4	20
23	21
27	24
25	8
1	22
# tree 93
5	2
1	3
0	5
0	1
2	6
6	26
6	12
3	18
26	4
3	19
1	10
12	9
18	15
4	23
19	27
10	25
19	11
18	7
18	13
9	14
19	16
15	17
4	20
23	21
27	24
25	8
27	22
# tree 94
5	2
1	3
0	5
0	1
2	6
6	26
6	12
3	18
26	4
3	19
1	10
12	9
18	15
4	23
19	27
10	25
19	11
18	7
18	13
9	14
19	16
15	17
4	20
23	21
27	24
25	8
3	22
# tree 95
5	2
1	3
0	5
0	1
2	6
6	26
6	12
3	18
26	4
3	19
1	10
12	9
18	15
4	23
19	27
10	25
19	11
18	7
18	13
9	14
19	16
15	17
4	20
23	21
27	24
25	8
19	22
# tree 96
5	2
1	3
0	5
0	1
2	6
6	26
6	12
3	18
26	4
3	19
1	10
12	9
18	15
4	23
19	11
10	25
19	27
18	7
18	13
9	14
19	16
15	17
4	20
23	21
11	22
25	8
3	24
# tree 97
5	2
1	3
0	5
0	1
2	6
6	26
6	12
3	18
26	4
3	19
12	9
18	15
4	23
19	11
19	27
18	25
1	10
18	7
18	13
9	14
19	16
15	17
4	20
23	21
11	22
27	24
25	8
# tree 98
5	2
1	3
0	5
0	1
2	6
6	26
6	12
3	18
26	4
3	19
1	10
12	9
18	15
4	23
19	11
1	27
10	25
18	7
18	13
9	14
19	16
15	17
4	20
23	21
11	22
27	24
25	8
# tree 99
5	2
1	3
0	5
0	1
2	6
6	26
6	12
3	18
26	4
3	19
1	10
12	9
18	15
4	23
19	11
3	27
10	25
18	7
18	13
9	14
19	16
15	17
4	20
23	21
11	22
27	24
25	8
# tree 100
5	2
1	3
0	5
0	1
2	6
6	26
6	12
3	18
26	4
3	19
1	10
12	9
18	15
4	23
19	11
19	27
10	25
18	13
9	14
19	16
15	17
4	20
23	21
11	22
27	24
25	8
3	7
# tree 101
5	2
1	3
0	5
0	1
2	6
6	26
3	19
6	12
3	18
26	4
19	27
1	10
12	9
18	15
4	23
27	11
10	25
18	7
9	14
15	17
4	20
23	21
11	22
27	24
25	8
3	13
0	16
# tree 102
5	2
1	3
0	5
0	1
2	6
6	26
3	19
6	12
3	18
26	4
19	27
1	10
12	9
18	15
4	23
27	11
10	25
18	7
9	14
15	17
4	20
23	21
11	22
27	24
25	8
3	13
1	16
# tree 103
5	2
1	3
0	5
0	1
2	6
6	26
3	19
6	12
3	18
26	4
19	27
1	10
12	9
18	15
4	23
27	11
10	25
18	7
9	14
15	17
4	20
23	21
11	22
27	24
25	8
3	13
3	16
# tree 104
5	2
1	3
0	5
0	1
2	6
6	26
3	19
6	12
3	18
26	4
19	27
1	10
12	9
18	15
4	23
27	11
10	25
18	7
9	14
27	16
15	17
4	20
23	21
11	22
27	24
25	8
3	13
# tree 105
5	2
1	3
0	5
0	1
2	6
6	26
3	19
6	12
3	18
26	4
19	27
1	10
12	9
18	15
27	11
10	25
4	23
18	7
9	14
19	16
15	17
4	20
11	22
27	24
25	8
3	13
6	21
# tree 106
5	2
1	3
0	5
0	1
2	6
6	26
3	19
6	12
3	18
26	4
19	27
1	10
12	9
18	15
4	23
10	25
27	11
18	7
9	14
19	16
15	17
4	20
23	21
27	24
25	8
3	13
1	22
# tree 107
5	2
1	3
0	5
0	1
2	6
6	26
3	19
6	12
3	18
26	4
19	27
1	10
12	9
18	15
4	23
10	25
27	11
18	7
9	14
19	16
15	17
4	20
23	21
27	24
25	8
3	13
27	22
# tree 108
5	2
1	3
0	5
0	1
2	6
6	26
3	19
6	12
3	18
26	4
19	27
1	10
12	9
18	15
4	23
10	25
27	11
18	7
9	14
19	16
15	17
4	20
23	21
27	24
25	8
3	13
3	22
# tree 109
5	2
1	3
0	5
0	1
2	6
6	26
3	19
6	12
3	18
26	4
19	27
1	10
12	9
18	15
4	23
10	25
27	11
18	7
9	14
19	16
15	17
4	20
23	21
27	24
25	8
3	13
19	22
# tree 110
5	2
1	3
0	5
0	1
2	6
6	26
3	19
6	12
3	18
26	4
19	27
1	10
12	9
18	15
4	23
27	11
10	25
18	7
9	14
19	16
15	17
4	20
23	21
11	22
25	8
3	13
3	24
# tree 111
5	2
1	3
0	5
0	1
2	6
6	26
3	19
6	12
3	18
26	4
19	27
12	9
18	15
4	23
27	11
18	25
1	10
18	7
9	14
19	16
15	17
4	20
23	21
11	22
27	24
25	8
3	13
# tree 112
5	2
1	3
0	5
0	1
2	6
6	26
6	12
3	18
26	4
1	27
1	10
12	9
3	19
18	15
4	23
27	11
10	25
18	7
9	14
19	16
15	17
4	20
23	21
11	22
27	24
25	8
3	13
# tree 113
5	2
1	3
0	5
0	1
2	6
6	26
6	12
3	18
26	4
3	27
1	10
12	9
3	19
18	15
4	23
27	11
10	25
18	7
9	14
19	16
15	17
4	20
23	21
11	22
27	24
25	8
3	13
# tree 114
5	2
1	3
0	5
0	1
2	6
6	26
3	19
6	12
3	18
26	4
19	27
1	10
12	9
18	15
4	23
27	11
10	25
9	14
19	16
15	17
4	20
23	21
11	22
27	24
25	8
3	13
3	7
# tree 115
5	2
1	3
0	5
0	1
2	6
6	26
3	19
6	12
3	18
19	27
1	10
26	4
12	9
18	15
10	25
27	11
4	23
18	7
18	13
9	14
19	16
15	17
4	20
27	24
25	8
6	21
1	22
# tree 116
5	2
1	3
0	5
0	1
2	6
6	26
3	19
6	12
3	18
19	27
1	10
26	4
12	9
18	15
10	25
27	11
4	23
18	7
18	13
9	14
19	16
15	17
4	20
27	24
25	8
6	21
27	22
# tree 117
5	2
1	3
0	5
0	1
2	6
6	26
3	19
6	12
3	18
19	27
1	10
26	4
12	9
18	15
10	25
27	11
4	23
18	7
18	13
9	14
19	16
15	17
4	20
27	24
25	8
6	21
3	22
# tree 118
5	2
1	3
0	5
0	1
2	6
6	26
3	19
6	12
3	18
19	27
1	10
26	4
12	9
18	15
10	25
27	11
4	23
18	7
18	13
9	14
19	16
15	17
4	20
27	24
25	8
6	21
19	22
# tree 119
5	2
1	3
0	5
0	1
2	6
6	26
3	19
6	12
3	18
19	27
1	10
26	4
12	9
18	15
27	11
10	25
4	23
18	7
18	13
9	14
19	16
15	17
4	20
11	22
25	8
6	21
3	24
# tree 120
5	2
1	3
0	5
0	1
2	6
6	26
3	19
6	12
3	18
19	27
26	4
12	9
18	15
27	11
18	25
1	10
4	23
18	7
18	13
9	14
19	16
15	17
4	20
11	22
27	24
25	8
6	21
# tree 121
5	2
1	3
0	5
0	1
2	6
6	26
6	12
3	18
1	27
1	10
26	4
12	9
3	19
18	15
27	11
10	25
4	23
18	7
18	13
9	14
19	16
15	17
4	20
11	22
27	24
25	8
6	21
# tree 122
5	2
1	3
0	5
0	1
2	6
6	26
6	12
3	18
3	27
1	10
26	4
12	9
3	19
18	15
27	11
10	25
4	23
18	7
18	13
9	14
19	16
15	17
4	20
11	22
27	24
25	8
6	21
# tree 123
5	2
1	3
0	5
0	1
2	6
6	26
3	19
6	12
3	18
19	27
1	10
26	4
12	9
18	15
27	11
10	25
4	23
18	13
9	14
19	16
15	17
4	20
11	22
27	24
25	8
6	21
3	7
# tree 124
5	2
1	3
0	5
0	1
2	6
6	26
3	19
6	12
3	18
26	4
1	10
19	27
12	9
18	15
4	23
10	25
27	11
18	7
18	13
9	14
19	16
15	17
4	20
23	21
25	8
19	22
3	24
# tree 125
5	2
1	3
0	5
0	1
2	6
6	26
3	19
6	12
3	18
26	4
19	27
12	9
18	15
4	23
18	25
1	10
27	11
18	7
18	13
9	14
19	16
15	17
4	20
23	21
27	24
25	8
19	22
# tree 126
5	2
1	3
0	5
0	1
2	6
6	26
6	12
3	18
26	4
1	10
1	27
12	9
3	19
18	15
4	23
10	25
27	11
18	7
18	13
9	14
19	16
15	17
4	20
23	21
27	24
25	8
19	22
# tree 127
5	2
1	3
0	5
0	1
2	6
6	26
6	12
3	18
26	4
1	10
3	27
12	9
3	19
18	15
4	23
10	25
27	11
18	7
18	13
9	14
19	16
15	17
4	20
23	21
27	24
25	8
19	22
# tree 128
5	2
1	3
0	5
0	1
2	6
6	26
3	19
6	12
3	18
26	4
1	10
19	27
12	9
18	15
4	23
10	25
27	11
18	13
9	14
19	16
15	17
4	20
23	21
27	24
25	8
19	22
3	7
# tree 129
5	2
1	3
0	5
0	1
2	6
6	26
3	19
6	12
3	18
26	4
19	27
12	9
18	15
4	23
27	11
18	25
1	10
18	7
18	13
9	14
19	16
15	17
4	20
23	21
11	22
25	8
3	24
# tree 130
5	2
1	3
0	5
0	1
2	6
6	26
6	12
3	18
26	4
1	27
1	10
12	9
3	19
18	15
4	23
27	11
10	25
18	7
18	13
9	14
19	16
15	17
4	20
23	21
11	22
25	8
3	24
# tree 131
5	2
1	3
0	5
0	1
2	6
6	26
6	12
3	18
26	4
3	27
1	10
12	9
3	19
18	15
4	23
27	11
10	25
18	7
18	13
9	14
19	16
15	17
4	20
23	21
11	22
25	8
3	24
# tree 132
5	2
1	3
0	5
0	1
2	6
6	26
3	19
6	12
3	18
26	4
19	27
1	10
12	9
18	15
4	23
27	11
10	25
18	13
9	14
19	16
15	17
4	20
23	21
11	22
25	8
3	24
3	7
# tree 133
5	2
1	3
0	5
0	1
2	6
6	26
6	12
3	18
26	4
1	27
12	9
3	19
18	15
4	23
27	11
18	25
1	10
18	7
18	13
9	14
19	16
15	17
4	20
23	21
11	22
27	24
25	8
# tree 134
5	2
1	3
0	5
0	1
2	6
6	26
6	12
3	18
26	4
3	27
12	9
3	19
18	15
4	23
27	11
18	25
1	10
18	7
18	13
9	14
19	16
15	17
4	20
23	21
11	22
27	24
25	8
# tree 135
5	2
1	3
0	5
0	1
2	6
6	26
3	19
6	12
3	18
26	4
19	27
12	9
18	15
4	23
27	11
18	25
1	10
18	13
9	14
19	16
15	17
4	20
23	21
11	22
27	24
25	8
3	7
# tree 136
5	2
0	5
0	1
2	6
1	3
6	26
6	12
3	18
26	4
3	27
1	10
12	9
3	19
18	15
4	23
27	11
10	25
18	13
9	14
19	16
15	17
4	20
23	21
11	22
27	24
25	8
3	7
# tree 137
5	2
0	5
0	1
2	6
1	3
6	26
6	12
3	18
26	4
3	19
12	9
18	15
4	23
19	11
19	27
1	10
18	7
3	8
9	14
19	16
15	17
4	20
23	21
11	22
27	24
3	13
18	25
# tree 138
5	2
0	5
0	1
2	6
1	3
6	26
6	12
3	18
3	19
26	4
12	9
18	15
19	27
1	10
19	11
4	23
18	7
3	8
18	13
9	14
19	16
15	17
4	20
27	24
10	25
6	21
1	22
# tree 139
5	2
0	5
0	1
2	6
1	3
6	26
6	12
3	18
3	19
26	4
12	9
18	15
19	27
1	10
19	11
4	23
18	7
3	8
18	13
9	14
19	16
15	17
4	20
27	24
10	25
6	21
27	22
# tree 140
5	2
0	5
0	1
2	6
1	3
6	26
6	12
3	18
3	19
26	4
12	9
18	15
19	27
1	10
19	11
4	23
18	7
3	8
18	13
9	14
19	16
15	17
4	20
27	24
10	25
6	21
3	22
# tree 141
5	2
0	5
0	1
2	6
1	3
6	26
6	12
3	18
3	19
26	4
12	9
18	15
19	27
1	10
19	11
4	23
18	7
3	8
18	13
9	14
19	16
15	17
4	20
27	24
10	25
6	21
19	22
# tree 142
5	2
0	5
0	1
2	6
1	3
6	26
6	12
3	18
3	19
26	4
12	9
18	15
19	11
1	10
19	27
4	23
18	7
3	8
18	13
9	14
19	16
15	17
4	20
11	22
10	25
6	21
3	24
# tree 143
5	2
0	5
0	1
2	6
1	3
6	26
6	12
3	18
3	19
26	4
12	9
18	15
19	11
19	27
1	10
4	23
18	7
3	8
18	13
9	14
19	16
15	17
4	20
11	22
27	24
6	21
18	25
# tree 144
5	2
0	5
0	1
2	6
1	3
6	26
6	12
3	18
3	19
26	4
12	9
18	15
19	11
1	27
1	10
4	23
18	7
3	8
18	13
9	14
19	16
15	17
4	20
11	22
27	24
10	25
6	21
# tree 145
5	2
0	5
0	1
2	6
1	3
6	26
6	12
3	18
3	19
26	4
12	9
18	15
19	11
3	27
1	10
4	23
18	7
3	8
18	13
9	14
19	16
15	17
4	20
11	22
27	24
10	25
6	21
# tree 146
5	2
0	5
0	1
2	6
1	3
6	26
6	12
3	18
3	19
26	4
12	9
18	15
19	11
19	27
1	10
4	23
3	8
18	13
9	14
19	16
15	17
4	20
11	22
27	24
10	25
6	21
3	7
# tree 147
5	2
0	5
0	1
2	6
1	3
6	26
6	12
3	18
26	4
3	19
12	9
18	15
4	23
1	10
19	27
19	11
18	7
3	8
18	13
9	14
19	16
15	17
4	20
23	21
10	25
19	22
3	24
# tree 148
5	2
0	5
0	1
2	6
1	3
6	26
6	12
3	18
26	4
3	19
12	9
18	15
4	23
19	27
1	10
19	11
18	7
3	8
18	13
9	14
19	16
15	17
4	20
23	21
27	24
19	22
18	25
# tree 149
5	2
0	5
0	1
2	6
1	3
6	26
6	12
3	18
26	4
3	19
12	9
18	15
4	23
1	27
1	10
19	11
18	7
3	8
18	13
9	14
19	16
15	17
4	20
23	21
27	24
10	25
19	22
# tree 150
5	2
0	5
0	1
2	6
1	3
6	26
6	12
3	18
26	4
3	19
12	9
18	15
4	23
3	27
1	10
19	11
18	7
3	8
18	13
9	14
19	16
15	17
4	20
23	21
27	24
10	25
19	22
# tree 151
5	2
0	5
0	1
2	6
1	3
6	26
6	12
3	18
26	4
3	19
12	9
18	15
4	23
19	27
1	10
19	11
3	8
18	13
9	14
19	16
15	17
4	20
23	21
27	24
10	25
19	22
3	7
# tree 152
5	2
0	5
0	1
2	6
1	3
6	26
6	12
3	18
26	4
3	19
12	9
18	15
4	23
19	11
1	10
19	27
18	7
3	8
18	13
9	14
19	16
15	17
4	20
23	21
11	22
3	24
18	25
# tree 153
5	2
0	5
0	1
2	6
1	3
6	26
6	12
3	18
26	4
3	19
12	9
18	15
4	23
19	11
1	10
18	7
3	8
18	13
9	14
19	16
15	17
4	20
23	21
11	22
10	25
3	24
1	27
# tree 154
5	2
0	5
0	1
2	6
1	3
6	26
6	12
3	18
26	4
3	19
12	9
18	15
4	23
19	11
1	10
18	7
3	8
18	13
9	14
19	16
15	17
4	20
23	21
11	22
10	25
3	24
3	27
# tree 155
5	2
0	5
0	1
2	6
1	3
6	26
6	12
3	18
26	4
3	19
12	9
18	15
4	23
19	11
1	10
19	27
3	8
18	13
9	14
19	16
15	17
4	20
23	21
11	22
10	25
3	24
3	7
# tree 156
5	2
0	5
0	1
2	6
1	3
6	26
6	12
3	18
26	4
3	19
12	9
18	15
4	23
19	11
1	27
1	10
18	7
3	8
18	13
9	14
19	16
15	17
4	20
23	21
11	22
27	24
18	25
# tree 157
5	2
0	5
0	1
2	6
1	3
6	26
6	12
3	18
26	4
3	19
12	9
18	15
4	23
19	11
3	27
1	10
18	7
3	8
18	13
9	14
19	16
15	17
4	20
23	21
11	22
27	24
18	25
# tree 158
5	2
0	5
0	1
2	6
1	3
6	26
6	12
3	18
26	4
3	19
12	9
18	15
4	23
19	11
19	27
1	10
3	8
18	13
9	14
19	16
15	17
4	20
23	21
11	22
27	24
18	25
3	7
# tree 159
5	2
0	5
0	1
2	6
1	3
6	26
6	12
3	18
26	4
3	19
12	9
18	15
4	23
19	11
3	27
1	10
3	8
18	13
9	14
19	16
15	17
4	20
23	21
11	22
27	24
10	25
3	7
# tree 160
5	2
1	3
0	5
0	1
2	6
6	26
3	19
6	12
3	18
19	27
26	4
12	9
18	15
27	11
1	10
4	23
18	7
3	8
9	14
19	16
15	17
4	20
11	22
27	24
3	13
6	21
18	25
# tree 161
5	2
1	3
0	5
0	1
2	6
6	26
3	19
6	12
3	18
26	4
19	27
12	9
18	15
4	23
1	10
27	11
18	7
3	8
9	14
19	16
15	17
4	20
23	21
27	24
3	13
19	22
18	25
# tree 162
5	2
1	3
0	5
0	1
2	6
6	26
3	19
6	12
3	18
26	4
19	27
12	9
18	15
4	23
27	11
1	10
18	7
3	8
9	14
19	16
15	17
4	20
23	21
11	22
3	13
3	24
18	25
# tree 163
5	2
1	3
0	5
0	1
2	6
6	26
6	12
3	18
26	4
1	27
12	9
3	19
18	15
4	23
27	11
1	10
18	7
3	8
9	14
19	16
15	17
4	20
23	21
11	22
27	24
3	13
18	25
# tree 164
5	2
1	3
0	5
0	1
2	6
6	26
6	12
3	18
26	4
3	27
12	9
3	19
18	15
4	23
27	11
1	10
18	7
3	8
9	14
19	16
15	17
4	20
23	21
11	22
27	24
3	13
18	25
# tree 165
5	2
1	3
0	5
0	1
2	6
6	26
3	19
6	12
3	18
26	4
19	27
12	9
18	15
4	23
27	11
1	10
3	8
9	14
19	16
15	17
4	20
23	21
11	22
27	24
3	13
18	25
3	7
# tree 166
5	2
1	3
0	5
0	1
2	6
6	26
3	19
6	12
3	18
19	27
26	4
12	9
18	15
1	10
27	24
27	11
4	23
18	7
3	8
18	13
9	14
15	17
4	20
10	25
24	16
6	21
1	22
# tree 167
5	2
1	3
0	5
0	1
2	6
6	26
3	19
6	12
3	18
19	27
26	4
12	9
18	15
1	10
27	24
27	11
4	23
18	7
3	8
18	13
9	14
15	17
4	20
10	25
24	16
6	21
27	22
# tree 168
5	2
1	3
0	5
0	1
2	6
6	26
3	19
6	12
3	18
19	27
26	4
12	9
18	15
1	10
27	24
27	11
4	23
18	7
3	8
18	13
9	14
15	17
4	20
10	25
24	16
6	21
3	22
# tree 169
5	2
1	3
0	5
0	1
2	6
6	26
3	19
6	12
3	18
19	27
26	4
12	9
18	15
1	10
27	24
27	11
4	23
18	7
3	8
18	13
9	14
15	17
4	20
10	25
24	16
6	21
19	22
# tree 170
5	2
1	3
0	5
0	1
2	6
6	26
3	19
6	12
3	18
19	27
26	4
12	9
18	15
27	11
1	10
3	24
4	23
18	7
3	8
18	13
9	14
15	17
4	20
11	22
10	25
24	16
6	21
# tree 171
5	2
1	3
0	5
0	1
2	6
6	26
3	19
6	12
3	18
19	27
26	4
12	9
18	15
27	11
27	24
1	10
4	23
18	7
3	8
18	13
9	14
15	17
4	20
11	22
24	16
6	21
18	25
# tree 172
5	2
1	3
0	5
0	1
2	6
6	26
6	12
3	18
1	27
26	4
12	9
18	15
27	11
1	10
27	24
3	19
4	23
18	7
3	8
18	13
9	14
15	17
4	20
11	22
10	25
24	16
6	21
# tree 173
5	2
1	3
0	5
0	1
2	6
6	26
6	12
3	18
3	27
26	4
12	9
18	15
27	11
1	10
27	24
3	19
4	23
18	7
3	8
18	13
9	14
15	17
4	20
11	22
10	25
24	16
6	21
# tree 174
5	2
1	3
0	5
0	1
2	6
6	26
3	19
6	12
3	18
19	27
26	4
12	9
18	15
27	11
1	10
27	24
4	23
3	8
18	13
9	14
15	17
4	20
11	22
10	25
24	16
6	21
3	7
# tree 175
5	2
1	3
0	5
0	1
2	6
6	26
3	19
6	12
3	18
26	4
19	27
12	9
18	15
4	23
1	10
3	24
27	11
18	7
3	8
18	13
9	14
15	17
4	20
23	21
10	25
24	16
19	22
# tree 176
5	2
1	3
0	5
0	1
2	6
6	26
3	19
6	12
3	18
26	4
19	27
12	9
18	15
4	23
27	24
1	10
27	11
18	7
3	8
18	13
9	14
15	17
4	20
23	21
24	16
19	22
18	25
# tree 177
5	2
1	3
0	5
0	1
2	6
6	26
6	12
3	18
26	4
1	27
12	9
18	15
4	23
1	10
27	24
3	19
27	11
18	7
3	8
18	13
9	14
15	17
4	20
23	21
10	25
24	16
19	22
# tree 178
5	2
1	3
0	5
0	1
2	6
6	26
6	12
3	18
26	4
3	27
12	9
18	15
4	23
1	10
27	24
3	19
27	11
18	7
3	8
18	13
9	14
15	17
4	20
23	21
10	25
24	16
19	22
# tree 179
5	2
1	3
0	5
0	1
2	6
6	26
3	19
6	12
3	18
26	4
19	27
12	9
18	15
4	23
1	10
27	24
27	11
3	8
18	13
9	14
15	17
4	20
23	21
10	25
24	16
19	22
3	7
# tree 180
5	2
1	3
0	5
0	1
2	6
6	26
3	19
6	12
3	18
26	4
19	27
12	9
18	15
4	23
27	11
3	24
1	10
18	7
3	8
18	13
9	14
15	17
4	20
23	21
11	22
24	16
18	25
# tree 181
5	2
1	3
0	5
0	1
2	6
6	26
6	12
3	18
26	4
1	27
12	9
18	15
4	23
27	11
1	10
3	24
3	19
18	7
3	8
18	13
9	14
15	17
4	20
23	21
11	22
10	25
24	16
# tree 182
5	2
1	3
0	5
0	1
2	6
6	26
6	12
3	18
26	4
3	27
12	9
18	15
4	23
27	11
1	10
3	24
3	19
18	7
3	8
18	13
9	14
15	17
4	20
23	21
11	22
10	25
24	16
# tree 183
5	2
1	3
0	5
0	1
2	6
6	26
3	19
6	12
3	18
26	4
19	27
12	9
18	15
4	23
27	11
1	10
3	24
3	8
18	13
9	14
15	17
4	20
23	21
11	22
10	25
24	16
3	7
# tree 184
5	2
1	3
0	5
0	1
2	6
6	26
6	12
3	18
26	4
1	27
12	9
18	15
4	23
27	11
27	24
3	19
1	10
18	7
3	8
18	13
9	14
15	17
4	20
23	21
11	22
24	16
18	25
# tree 185
5	2
1	3
0	5
0	1
2	6
6	26
6	12
3	18
26	4
3	27
12	9
18	15
4	23
27	11
27	24
3	19
1	10
18	7
3	8
18	13
9	14
15	17
4	20
23	21
11	22
24	16
18	25
# tree 186
5	2
1	3
0	5
0	1
2	6
6	26
3	19
6	12
3	18
26	4
19	27
12	9
18	15
4	23
27	11
27	24
1	10
3	8
18	13
9	14
15	17
4	20
23	21
11	22
24	16
18	25
3	7
# tree 187
5	2
0	5
0	1
2	6
1	3
6	26
6	12
3	18
26	4
3	27
12	9
18	15
4	23
27	11
1	10
27	24
3	19
3	8
18	13
9	14
15	17
4	20
23	21
11	22
10	25
24	16
3	7
# tree 188
5	2
1	3
0	5
0	1
2	6
3	19
6	26
6	12
3	18
19	27
26	4
12	9
18	15
1	10
27	11
4	23
18	7
3	8
18	13
9	14
19	16
15	17
4	20
10	25
6	21
19	22
3	24
# tree 189
5	2
1	3
0	5
0	1
2	6
3	19
6	26
6	12
3	18
19	27
26	4
12	9
18	15
1	10
27	11
4	23
18	7
3	8
18	13
9	14
19	16
15	17
4	20
27	24
6	21
19	22
18	25
# tree 190
5	2
1	3
0	5
0	1
2	6
6	26
6	12
3	18
1	27
26	4
12	9
3	19
18	15
1	10
27	11
4	23
18	7
3	8
18	13
9	14
19	16
15	17
4	20
27	24
10	25
6	21
19	22
# tree 191
5	2
1	3
0	5
0	1
2	6
6	26
6	12
3	18
3	27
26	4
12	9
3	19
18	15
1	10
27	11
4	23
18	7
3	8
18	13
9	14
19	16
15	17
4	20
27	24
10	25
6	21
19	22
# tree 192
5	2
1	3
0	5
0	1
2	6
3	19
6	26
6	12
3	18
19	27
26	4
12	9
18	15
1	10
27	11
4	23
3	8
18	13
9	14
19	16
15	17
4	20
27	24
10	25
6	21
19	22
3	7
# tree 193
5	2
1	3
0	5
0	1
2	6
3	19
6	26
6	12
3	18
19	27
26	4
12	9
18	15
27	11
1	10
4	23
18	7
3	8
18	13
9	14
19	16
15	17
4	20
11	22
6	21
3	24
18	25
# tree 194
5	2
1	3
0	5
0	1
2	6
6	26
6	12
3	18
1	27
26	4
12	9
3	19
18	15
27	11
1	10
4	23
18	7
3	8
18	13
9	14
19	16
15	17
4	20
11	22
10	25
6	21
3	24
# tree 195
5	2
1	3
0	5
0	1
2	6
6	26
6	12
3	18
3	27
26	4
12	9
3	19
18	15
27	11
1	10
4	23
18	7
3	8
18	13
9	14
19	16
15	17
4	20
11	22
10	25
6	21
3	24
# tree 196
5	2
1	3
0	5
0	1
2	6
3	19
6	26
6	12
3	18
19	27
26	4
12	9
18	15
27	11
1	10
4	23
3	8
18	13
9	14
19	16
15	17
4	20
11	22
10	25
6	21
3	24
3	7
# tree 197
5	2
1	3
0	5
0	1
2	6
6	26
6	12
3	18
1	27
26	4
12	9
3	19
18	15
27	11
1	10
4	23
18	7
3	8
18	13
9	14
19	16
15	17
4	20
11	22
27	24
6	21
18	25
# tree 198
5	2
1	3
0	5
0	1
2	6
6	26
6	12
3	18
3	27
26	4
12	9
3	19
18	15
27	11
1	10
4	23
18	7
3	8
18	13
9	14
19	16
15	17
4	20
11	22
27	24
6	21
18	25
# tree 199
5	2
1	3
0	5
0	1
2	6
3	19
6	26
6	12
3	18
19	27
26	4
12	9
18	15
27	11
1	10
4	23
3	8
18	13
9	14
19	16
15	17
4	20
11	22
27	24
6	21
18	25
3	7
# tree 200
5	2
0	5
0	1
2	6
1	3
6	26
6	12
3	18
3	27
26	4
12	9
3	19
18	15
27	11
1	10
4	23
3	8
18	13
9	14
19	16
15	17
4	20
11	22
27	24
10	25
6	21
3	7
# tree 201
5	2
1	3
0	5
0	1
2	6
6	26
3	19
6	12
3	18
26	4
19	27
12	9
18	15
4	23
1	10
27	11
18	7
3	8
18	13
9	14
19	16
15	17
4	20
23	21
19	22
3	24
18	25
# tree 202
5	2
1	3
0	5
0	1
2	6
6	26
6	12
3	18
26	4
1	27
12	9
3	19
18	15
4	23
1	10
27	11
18	7
3	8
18	13
9	14
19	16
15	17
4	20
23	21
10	25
19	22
3	24
# tree 203
5	2
1	3
0	5
0	1
2	6
6	26
6	12
3	18
26	4
3	27
12	9
3	19
18	15
4	23
1	10
27	11
18	7
3	8
18	13
9	14
19	16
15	17
4	20
23	21
10	25
19	22
3	24
# tree 204
5	2
1	3
0	5
0	1
2	6
6	26
3	19
6	12
3	18
26	4
19	27
12	9
18	15
4	23
1	10
27	11
3	8
18	13
9	14
19	16
15	17
4	20
23	21
10	25
19	22
3	24
3	7
# tree 205
5	2
1	3
0	5
0	1
2	6
6	26
6	12
3	18
26	4
1	27
12	9
3	19
18	15
4	23
1	10
27	11
18	7
3	8
18	13
9	14
19	16
15	17
4	20
23	21
27	24
19	22
18	25
# tree 206
5	2
1	3
0	5
0	1
2	6
6	26
6	12
3	18
26	4
3	27
12	9
3	19
18	15
4	23
1	10
27	11
18	7
3	8
18	13
9	14
19	16
15	17
4	20
23	21
27	24
19	22
18	25
# tree 207
5	2
1	3
0	5
0	1
2	6
6	26
3	19
6	12
3	18
26	4
19	27
12	9
18	15
4	23
1	10
27	11
3	8
18	13
9	14
19	16
15	17
4	20
23	21
27	24
19	22
18	25
3	7
# tree 208
5	2
0	5
0	1
2	6
1	3
6	26
6	12
3	18
26	4
3	27
12	9
3	19
18	15
4	23
1	10
27	11
3	8
18	13
9	14
19	16
15	17
4	20
23	21
27	24
10	25
19	22
3	7
# tree 209
5	2
1	3
0	5
0	1
2	6
6	26
6	12
3	18
26	4
1	27
12	9
3	19
18	15
4	23
27	11
1	10
18	7
3	8
18	13
9	14
19	16
15	17
4	20
23	21
11	22
3	24
18	25
# tree 210
5	2
1	3
0	5
0	1
2	6
6	26
6	12
3	18
26	4
3	27
12	9
3	19
18	15
4	23
27	11
1	10
18	7
3	8
18	13
9	14
19	16
15	17
4	20
23	21
11	22
3	24
18	25
# tree 211
5	2
1	3
0	5
0	1
2	6
6	26
3	19
6	12
3	18
26	4
19	27
12	9
18	15
4	23
27	11
1	10
3	8
18	13
9	14
19	16
15	17
4	20
23	21
11	22
3	24
18	25
3	7
# tree 212
5	2
0	5
0	1
2	6
1	3
6	26
6	12
3	18
26	4
3	27
12	9
3	19
18	15
4	23
27	11
1	10
3	8
18	13
9	14
19	16
15	17
4	20
23	21
11	22
10	25
3	24
3	7
# tree 213
5	2
0	5
0	1
2	6
1	3
6	26
6	12
3	18
26	4
3	27
12	9
3	19
18	15
4	23
27	11
1	10
3	8
18	13
9	14
19	16
15	17
4	20
23	21
11	22
27	24
18	25
3	7
# tree 214
0	5
0	1
5	2
2	6
1	3
6	26
6	12
3	18
26	4
3	19
1	10
12	9
18	15
4	23
19	11
19	27
10	25
18	7
9	14
15	17
4	20
23	21
11	22
27	24
25	8
3	13
0	16
# tree 215
0	5
0	1
5	2
2	6
1	3
6	26
6	12
3	18
26	4
3	19
1	10
12	9
18	15
4	23
19	11
19	27
10	25
18	7
9	14
15	17
4	20
23	21
11	22
27	24
25	8
3	13
1	16
# tree 216
0	5
0	1
5	2
2	6
1	3
6	26
6	12
3	18
26	4
3	19
1	10
12	9
18	15
4	23
19	11
19	27
10	25
18	7
9	14
15	17
4	20
23	21
11	22
27	24
25	8
3	13
3	16
# tree 217
0	5
0	1
5	2
2	6
1	3
6	26
6	12
3	18
26	4
3	19
1	10
12	9
18	15
4	23
19	11
19	27
10	25
18	7
9	14
27	16
15	17
4	20
23	21
11	22
27	24
25	8
3	13
# tree 218
0	5
0	1
5	2
2	6
1	3
6	26
6	12
3	18
26	4
3	19
1	10
12	9
18	15
19	11
19	27
10	25
4	23
18	7
9	14
19	16
15	17
4	20
11	22
27	24
25	8
3	13
6	21
# tree 219
0	5
0	1
5	2
2	6
1	3
6	26
6	12
3	18
26	4
3	19
1	10
12	9
18	15
4	23
19	27
10	25
19	11
18	7
9	14
19	16
15	17
4	20
23	21
27	24
25	8
3	13
1	22
# tree 220
0	5
0	1
5	2
2	6
1	3
6	26
6	12
3	18
26	4
3	19
1	10
12	9
18	15
4	23
19	27
10	25
19	11
18	7
9	14
19	16
15	17
4	20
23	21
27	24
25	8
3	13
27	22
# tree 221
0	5
0	1
5	2
2	6
1	3
6	26
6	12
3	18
26	4
3	19
1	10
12	9
18	15
4	23
19	27
10	25
19	11
18	7
9	14
19	16
15	17
4	20
23	21
27	24
25	8
3	13
3	22
# tree 222
0	5
0	1
5	2
2	6
1	3
6	26
6	12
3	18
26	4
3	19
1	10
12	9
18	15
4	23
19	27
10	25
19	11
18	7
9	14
19	16
15	17
4	20
23	21
27	24
25	8
3	13
19	22
# tree 223
0	5
0	1
5	2
2	6
1	3
6	26
6	12
3	18
26	4
3	19
1	10
12	9
18	15
4	23
19	11
10	25
19	27
18	7
9	14
19	16
15	17
4	20
23	21
11	22
25	8
3	13
3	24
# tree 224
0	5
0	1
5	2
2	6
1	3
6	26
6	12
3	18
26	4
3	19
12	9
18	15
4	23
19	11
19	27
18	25
1	10
18	7
9	14
19	16
15	17
4	20
23	21
11	22
27	24
25	8
3	13
# tree 225
0	5
0	1
5	2
2	6
1	3
6	26
6	12
3	18
26	4
3	19
1	10
12	9
18	15
4	23
19	11
1	27
10	25
18	7
9	14
19	16
15	17
4	20
23	21
11	22
27	24
25	8
3	13
# tree 226
0	5
0	1
5	2
2	6
1	3
6	26
6	12
3	18
26	4
3	19
1	10
12	9
18	15
4	23
19	11
3	27
10	25
18	7
9	14
19	16
15	17
4	20
23	21
11	22
27	24
25	8
3	13
# tree 227
0	5
0	1
5	2
2	6
1	3
6	26
6	12
3	18
26	4
3	19
1	10
12	9
18	15
4	23
19	11
19	27
10	25
9	14
19	16
15	17
4	20
23	21
11	22
27	24
25	8
3	13
3	7
# tree 228
0	5
0	1
5	2
2	6
1	3
6	26
6	12
3	18
3	19
1	10
26	4
12	9
18	15
19	27
10	25
19	11
4	23
18	7
18	13
9	14
19	16
15	17
4	20
27	24
25	8
6	21
1	22
# tree 229
0	5
0	1
5	2
2	6
1	3
6	26
6	12
3	18
3	19
1	10
26	4
12	9
18	15
19	27
10	25
19	11
4	23
18	7
18	13
9	14
19	16
15	17
4	20
27	24
25	8
6	21
27	22
# tree 230
0	5
0	1
5	2
2	6
1	3
6	26
6	12
3	18
3	19
1	10
26	4
12	9
18	15
19	27
10	25
19	11
4	23
18	7
18	13
9	14
19	16
15	17
4	20
27	24
25	8
6	21
3	22
# tree 231
0	5
0	1
5	2
2	6
1	3
6	26
6	12
3	18
3	19
1	10
26	4
12	9
18	15
19	27
10	25
19	11
4	23
18	7
18	13
9	14
19	16
15	17
4	20
27	24
25	8
6	21
19	22
# tree 232
0	5
0	1
5	2
2	6
1	3
6	26
6	12
3	18
3	19
1	10
26	4
12	9
18	15
19	11
10	25
19	27
4	23
18	7
18	13
9	14
19	16
15	17
4	20
11	22
25	8
6	21
3	24
# tree 233
0	5
0	1
5	2
2	6
1	3
6	26
6	12
3	18
3	19
26	4
12	9
18	15
19	11
19	27
18	25
1	10
4	23
18	7
18	13
9	14
19	16
15	17
4	20
11	22
27	24
25	8
6	21
# tree 234
0	5
0	1
5	2
2	6
1	3
6	26
6	12
3	18
3	19
1	10
26	4
12	9
18	15
19	11
1	27
10	25
4	23
18	7
18	13
9	14
19	16
15	17
4	20
11	22
27	24
25	8
6	21
# tree 235
0	5
0	1
5	2
2	6
1	3
6	26
6	12
3	18
3	19
1	10
26	4
12	9
18	15
19	11
3	27
10	25
4	23
18	7
18	13
9	14
19	16
15	17
4	20
11	22
27	24
25	8
6	21
# tree 236
0	5
0	1
5	2
2	6
1	3
6	26
6	12
3	18
3	19
1	10
26	4
12	9
18	15
19	11
19	27
10	25
4	23
18	13
9	14
19	16
15	17
4	20
11	22
27	24
25	8
6	21
3	7
# tree 237
0	5
0	1
5	2
2	6
1	3
6	26
6	12
3	18
26	4
3	19
1	10
12	9
18	15
4	23
10	25
19	27
19	11
18	7
18	13
9	14
19	16
15	17
4	20
23	21
25	8
19	22
3	24
# tree 238
0	5
0	1
5	2
2	6
1	3
6	26
6	12
3	18
26	4
3	19
12	9
18	15
4	23
19	27
18	25
1	10
19	11
18	7
18	13
9	14
19	16
15	17
4	20
23	21
27	24
25	8
19	22
# tree 239
0	5
0	1
5	2
2	6
1	3
6	26
6	12
3	18
26	4
1	10
3	19
12	9
18	15
4	23
1	27
10	25
19	11
18	7
18	13
9	14
19	16
15	17
4	20
23	21
27	24
25	8
19	22
# tree 240
0	5
0	1
5	2
2	6
1	3
6	26
6	12
3	18
26	4
1	10
3	19
12	9
18	15
4	23
3	27
10	25
19	11
18	7
18	13
9	14
19	16
15	17
4	20
23	21
27	24
25	8
19	22
# tree 241
0	5
0	1
5	2
2	6
1	3
6	26
6	12
3	18
26	4
3	19
1	10
12	9
18	15
4	23
19	27
10	25
19	11
18	13
9	14
19	16
15	17
4	20
23	21
27	24
25	8
19	22
3	7
# tree 242
0	5
0	1
5	2
2	6
1	3
6	26
6	12
3	18
26	4
3	19
12	9
18	15
4	23
19	11
18	25
1	10
19	27
18	7
18	13
9	14
19	16
15	17
4	20
23	21
11	22
25	8
3	24
# tree 243
0	5
0	1
5	2
2	6
1	3
6	26
6	12
3	18
26	4
3	19
1	10
12	9
18	15
4	23
19	11
10	25
18	7
18	13
9	14
19	16
15	17
4	20
23	21
11	22
25	8
3	24
1	27
# tree 244
0	5
0	1
5	2
2	6
1	3
6	26
6	12
3	18
26	4
3	19
1	10
12	9
18	15
4	23
19	11
10	25
18	7
18	13
9	14
19	16
15	17
4	20
23	21
11	22
25	8
3	24
3	27
# tree 245
0	5
0	1
5	2
2	6
1	3
6	26
6	12
3	18
26	4
3	19
1	10
12	9
18	15
4	23
19	11
10	25
19	27
18	13
9	14
19	16
15	17
4	20
23	21
11	22
25	8
3	24
3	7
# tree 246
0	5
0	1
5	2
2	6
1	3
6	26
6	12
3	18
26	4
3	19
12	9
18	15
4	23
19	11
1	27
18	25
1	10
18	7
18	13
9	14
19	16
15	17
4	20
23	21
11	22
27	24
25	8
# tree 247
0	5
0	1
5	2
2	6
1	3
6	26
6	12
3	18
26	4
3	19
12	9
18	15
4	23
19	11
3	27
18	25
1	10
18	7
18	13
9	14
19	16
15	17
4	20
23	21
11	22
27	24
25	8
# tree 248
0	5
0	1
5	2
2	6
1	3
6	26
6	12
3	18
26	4
3	19
12	9
18	15
4	23
19	11
19	27
18	25
1	10
18	13
9	14
19	16
15	17
4	20
23	21
11	22
27	24
25	8
3	7
# tree 249
0	5
0	1
5	2
2	6
1	3
6	26
6	12
3	18
26	4
3	19
1	10
12	9
18	15
4	23
19	11
3	27
10	25
18	13
9	14
19	16
15	17
4	20
23	21
11	22
27	24
25	8
3	7
# tree 250
0	5
0	1
5	2
2	6
1	3
6	26
3	19
6	12
3	18
19	27
1	10
26	4
12	9
18	15
10	25
27	11
4	23
18	7
9	14
19	16
15	17
4	20
27	24
25	8
3	13
6	21
1	22
# tree 251
0	5
0	1
5	2
2	6
1	3
6	26
3	19
6	12
3	18
19	27
1	10
26	4
12	9
18	15
10	25
27	11
4	23
18	7
9	14
19	16
15	17
4	20
27	24
25	8
3	13
6	21
27	22
# tree 252
0	5
0	1
5	2
2	6
1	3
6	26
3	19
6	12
3	18
19	27
1	10
26	4
12	9
18	15
10	25
27	11
4	23
18	7
9	14
19	16
15	17
4	20
27	24
25	8
3	13
6	21
3	22
# tree 253
0	5
0	1
5	2
2	6
1	3
6	26
3	19
6	12
3	18
19	27
1	10
26	4
12	9
18	15
10	25
27	11
4	23
18	7
9	14
19	16
15	17
4	20
27	24
25	8
3	13
6	21
19	22
# tree 254
0	5
0	1
5	2
2	6
1	3
6	26
3	19
6	12
3	18
19	27
1	10
26	4
12	9
18	15
27	11
10	25
4	23
18	7
9	14
19	16
15	17
4	20
11	22
25	8
3	13
6	21
3	24
# tree 255
0	5
0	1
5	2
2	6
1	3
6	26
3	19
6	12
3	18
19	27
26	4
12	9
18	15
27	11
18	25
1	10
4	23
18	7
9	14
19	16
15	17
4	20
11	22
27	24
25	8
3	13
6	21
# tree 256
0	5
0	1
5	2
2	6
1	3
6	26
6	12
3	18
1	27
1	10
26	4
12	9
3	19
18	15
27	11
10	25
4	23
18	7
9	14
19	16
15	17
4	20
11	22
27	24
25	8
3	13
6	21
# tree 257
0	5
0	1
5	2
2	6
1	3
6	26
6	12
3	18
3	27
1	10
26	4
12	9
3	19
18	15
27	11
10	25
4	23
18	7
9	14
19	16
15	17
4	20
11	22
27	24
25	8
3	13
6	21
# tree 258
0	5
0	1
5	2
2	6
1	3
6	26
3	19
6	12
3	18
19	27
1	10
26	4
12	9
18	15
27	11
10	25
4	23
9	14
19	16
15	17
4	20
11	22
27	24
25	8
3	13
6	21
3	7
# tree 259
0	5
0	1
5	2
2	6
1	3
6	26
3	19
6	12
3	18
26	4
1	10
19	27
12	9
18	15
4	23
10	25
27	11
18	7
9	14
19	16
15	17
4	20
23	21
25	8
3	13
19	22
3	24
# tree 260
0	5
0	1
5	2
2	6
1	3
6	26
3	19
6	12
3	18
26	4
19	27
12	9
18	15
4	23
18	25
1	10
27	11
18	7
9	14
19	16
15	17
4	20
23	21
27	24
25	8
3	13
19	22
# tree 261
0	5
0	1
5	2
2	6
1	3
6	26
6	12
3	18
26	4
1	10
1	27
12	9
3	19
18	15
4	23
10	25
27	11
18	7
9	14
19	16
15	17
4	20
23	21
27	24
25	8
3	13
19	22
# tree 262
0	5
0	1
5	2
2	6
1	3
6	26
6	12
3	18
26	4
1	10
3	27
12	9
3	19
18	15
4	23
10	25
27	11
18	7
9	14
19	16
15	17
4	20
23	21
27	24
25	8
3	13
19	22
# tree 263
0	5
0	1
5	2
2	6
1	3
6	26
3	19
6	12
3	18
26	4
1	10
19	27
12	9
18	15
4	23
10	25
27	11
9	14
19	16
15	17
4	20
23	21
27	24
25	8
3	13
19	22
3	7
# tree 264
0	5
0	1
5	2
2	6
1	3
6	26
3	19
6	12
3	18
26	4
19	27
12	9
18	15
4	23
27	11
18	25
1	10
18	7
9	14
19	16
15	17
4	20
23	21
11	22
25	8
3	13
3	24
# tree 265
0	5
0	1
5	2
2	6
1	3
6	26
6	12
3	18
26	4
1	27
1	10
12	9
3	19
18	15
4	23
27	11
10	25
18	7
9	14
19	16
15	17
4	20
23	21
11	22
25	8
3	13
3	24
# tree 266
0	5
0	1
5	2
2	6
1	3
6	26
6	12
3	18
26	4
3	27
1	10
12	9
3	19
18	15
4	23
27	11
10	25
18	7
9	14
19	16
15	17
4	20
23	21
11	22
25	8
3	13
3	24
# tree 267
0	5
0	1
5	2
2	6
1	3
6	26
3	19
6	12
3	18
26	4
19	27
1	10
12	9
18	15
4	23
27	11
10	25
9	14
19	16
15	17
4	20
23	21
11	22
25	8
3	13
3	24
3	7
# tree 268
0	5
0	1
5	2
2	6
1	3
6	26
6	12
3	18
26	4
1	27
12	9
3	19
18	15
4	23
27	11
18	25
1	10
18	7
9	14
19	16
15	17
4	20
23	21
11	22
27	24
25	8
3	13
# tree 269
0	5
0	1
5	2
2	6
1	3
6	26
6	12
3	18
26	4
3	27
12	9
3	19
18	15
4	23
27	11
18	25
1	10
18	7
9	14
19	16
15	17
4	20
23	21
11	22
27	24
25	8
3	13
# tree 270
0	5
0	1
5	2
2	6
1	3
6	26
3	19
6	12
3	18
26	4
19	27
12	9
18	15
4	23
27	11
18	25
1	10
9	14
19	16
15	17
4	20
23	21
11	22
27	24
25	8
3	13
3	7
# tree 271
0	5
0	1
5	2
2	6
1	3
6	26
6	12
3	18
26	4
3	27
1	10
12	9
3	19
18	15
4	23
27	11
10	25
9	14
19	16
15	17
4	20
23	21
11	22
27	24
25	8
3	13
3	7
# tree 272
0	5
0	1
5	2
2	6
1	3
3	19
6	26
6	12
3	18
1	10
19	27
26	4
12	9
18	15
10	25
27	11
4	23
18	7
18	13
9	14
19	16
15	17
4	20
25	8
6	21
19	22
3	24
# tree 273
0	5
0	1
5	2
2	6
1	3
3	19
6	26
6	12
3	18
19	27
26	4
12	9
18	15
18	25
1	10
27	11
4	23
18	7
18	13
9	14
19	16
15	17
4	20
27	24
25	8
6	21
19	22
# tree 274
0	5
0	1
5	2
2	6
1	3
6	26
6	12
3	18
1	10
1	27
26	4
12	9
3	19
18	15
10	25
27	11
4	23
18	7
18	13
9	14
19	16
15	17
4	20
27	24
25	8
6	21
19	22
# tree 275
0	5
0	1
5	2
2	6
1	3
6	26
6	12
3	18
1	10
3	27
26	4
12	9
3	19
18	15
10	25
27	11
4	23
18	7
18	13
9	14
19	16
15	17
4	20
27	24
25	8
6	21
19	22
# tree 276
0	5
0	1
5	2
2	6
1	3
3	19
6	26
6	12
3	18
1	10
19	27
26	4
12	9
18	15
10	25
27	11
4	23
18	13
9	14
19	16
15	17
4	20
27	24
25	8
6	21
19	22
3	7
# tree 277
0	5
0	1
5	2
2	6
1	3
3	19
6	26
6	12
3	18
19	27
26	4
12	9
18	15
27	11
18	25
1	10
4	23
18	7
18	13
9	14
19	16
15	17
4	20
11	22
25	8
6	21
3	24
# tree 278
0	5
0	1
5	2
2	6
1	3
6	26
6	12
3	18
1	27
1	10
26	4
12	9
3	19
18	15
27	11
10	25
4	23
18	7
18	13
9	14
19	16
15	17
4	20
11	22
25	8
6	21
3	24
# tree 279
0	5
0	1
5	2
2	6
1	3
6	26
6	12
3	18
3	27
1	10
26	4
12	9
3	19
18	15
27	11
10	25
4	23
18	7
18	13
9	14
19	16
15	17
4	20
11	22
25	8
6	21
3	24
# tree 280
0	5
0	1
5	2
2	6
1	3
3	19
6	26
6	12
3	18
19	27
1	10
26	4
12	9
18	15
27	11
10	25
4	23
18	13
9	14
19	16
15	17
4	20
11	22
25	8
6	21
3	24
3	7
# tree 281
0	5
0	1
5	2
2	6
1	3
6	26
6	12
3	18
1	27
26	4
12	9
3	19
18	15
27	11
18	25
1	10
4	23
18	7
18	13
9	14
19	16
15	17
4	20
11	22
27	24
25	8
6	21
# tree 282
0	5
0	1
5	2
2	6
1	3
6	26
6	12
3	18
3	27
26	4
12	9
3	19
18	15
27	11
18	25
1	10
4	23
18	7
18	13
9	14
19	16
15	17
4	20
11	22
27	24
25	8
6	21
# tree 283
0	5
0	1
5	2
2	6
1	3
3	19
6	26
6	12
3	18
19	27
26	4
12	9
18	15
27	11
18	25
1	10
4	23
18	13
9	14
19	16
15	17
4	20
11	22
27	24
25	8
6	21
3	7
# tree 284
0	5
0	1
5	2
2	6
1	3
6	26
6	12
3	18
3	27
1	10
26	4
12	9
3	19
18	15
27	11
10	25
4	23
18	13
9	14
19	16
15	17
4	20
11	22
27	24
25	8
6	21
3	7
# tree 285
0	5
0	1
5	2
2	6
1	3
6	26
3	19
6	12
3	18
26	4
19	27
12	9
18	15
4	23
18	25
1	10
27	11
18	7
18	13
9	14
19	16
15	17
4	20
23	21
25	8
19	22
3	24
# tree 286
0	5
0	1
5	2
2	6
1	3
6	26
6	12
3	18
26	4
1	10
1	27
12	9
3	19
18	15
4	23
10	25
27	11
18	7
18	13
9	14
19	16
15	17
4	20
23	21
25	8
19	22
3	24
# tree 287
0	5
0	1
5	2
2	6
1	3
6	26
6	12
3	18
26	4
1	10
3	27
12	9
3	19
18	15
4	23
10	25
27	11
18	7
18	13
9	14
19	16
15	17
4	20
23	21
25	8
19	22
3	24
# tree 288
0	5
0	1
5	2
2	6
1	3
6	26
3	19
6	12
3	18
26	4
1	10
19	27
12	9
18	15
4	23
10	25
27	11
18	13
9	14
19	16
15	17
4	20
23	21
25	8
19	22
3	24
3	7
# tree 289
0	5
0	1
5	2
2	6
1	3
6	26
6	12
3	18
26	4
1	27
12	9
3	19
18	15
4	23
18	25
1	10
27	11
18	7
18	13
9	14
19	16
15	17
4	20
23	21
27	24
25	8
19	22
# tree 290
0	5
0	1
5	2
2	6
1	3
6	26
6	12
3	18
26	4
3	27
12	9
3	19
18	15
4	23
18	25
1	10
27	11
18	7
18	13
9	14
19	16
15	17
4	20
23	21
27	24
25	8
19	22
# tree 291
0	5
0	1
5	2
2	6
1	3
6	26
3	19
6	12
3	18
26	4
19	27
12	9
18	15
4	23
18	25
1	10
27	11
18	13
9	14
19	16
15	17
4	20
23	21
27	24
25	8
19	22
3	7
# tree 292
0	5
0	1
5	2
2	6
1	3
6	26
6	12
3	18
26	4
1	10
3	27
12	9
3	19
18	15
4	23
10	25
27	11
18	13
9	14
19	16
15	17
4	20
23	21
27	24
25	8
19	22
3	7
# tree 293
0	5
0	1
5	2
2	6
1	3
6	26
6	12
3	18
26	4
1	27
12	9
3	19
18	15
4	23
27	11
18	25
1	10
18	7
18	13
9	14
19	16
15	17
4	20
23	21
11	22
25	8
3	24
# tree 294
0	5
0	1
5	2
2	6
1	3
6	26
6	12
3	18
26	4
3	27
12	9
3	19
18	15
4	23
27	11
18	25
1	10
18	7
18	13
9	14
19	16
15	17
4	20
23	21
11	22
25	8
3	24
# tree 295
0	5
0	1
5	2
2	6
1	3
6	26
3	19
6	12
3	18
26	4
19	27
12	9
18	15
4	23
27	11
18	25
1	10
18	13
9	14
19	16
15	17
4	20
23	21
11	22
25	8
3	24
3	7
# tree 296
0	5
0	1
5	2
2	6
1	3
6	26
6	12
3	18
26	4
3	27
1	10
12	9
3	19
18	15
4	23
27	11
10	25
18	13
9	14
19	16
15	17
4	20
23	21
11	22
25	8
3	24
3	7
# tree 297
0	5
0	1
5	2
2	6
1	3
6	26
6	12
3	18
26	4
3	27
12	9
3	19
18	15
4	23
27	11
18	25
1	10
18	13
9	14
19	16
15	17
4	20
23	21
11	22
27	24
25	8
3	7
# tree 298
0	5
5	2
0	1
2	6
1	3
6	26
6	12
3	18
3	19
26	4
12	9
18	15
19	11
19	27
1	10
4	23
18	7
3	8
9	14
19	16
15	17
4	20
11	22
27	24
3	13
6	21
18	25
# tree 299
0	5
5	2
0	1
2	6
1	3
6	26
6	12
3	18
26	4
3	19
12	9
18	15
4	23
19	27
1	10
19	11
18	7
3	8
9	14
19	16
15	17
4	20
23	21
27	24
3	13
19	22
18	25
# tree 300
0	5
5	2
0	1
2	6
1	3
6	26
6	12
3	18
26	4
3	19
12	9
18	15
4	23
19	11
1	10
19	27
18	7
3	8
9	14
19	16
15	17
4	20
23	21
11	22
3	13
3	24
18	25
# tree 301
0	5
5	2
0	1
2	6
1	3
6	26
6	12
3	18
26	4
3	19
12	9
18	15
4	23
19	11
1	27
1	10
18	7
3	8
9	14
19	16
15	17
4	20
23	21
11	22
27	24
3	13
18	25
# tree 302
0	5
5	2
0	1
2	6
1	3
6	26
6	12
3	18
26	4
3	19
12	9
18	15
4	23
19	11
3	27
1	10
18	7
3	8
9	14
19	16
15	17
4	20
23	21
11	22
27	24
3	13
18	25
# tree 303
0	5
5	2
0	1
2	6
1	3
6	26
6	12
3	18
26	4
3	19
12	9
18	15
4	23
19	11
19	27
1	10
3	8
9	14
19	16
15	17
4	20
23	21
11	22
27	24
3	13
18	25
3	7
# tree 304
0	5
5	2
0	1
2	6
1	3
6	26
6	12
3	18
3	19
26	4
12	9
18	15
1	10
19	27
19	11
4	23
18	7
3	8
18	13
9	14
19	16
15	17
4	20
10	25
6	21
19	22
3	24
# tree 305
0	5
5	2
0	1
2	6
1	3
6	26
6	12
3	18
3	19
26	4
12	9
18	15
19	27
1	10
19	11
4	23
18	7
3	8
18	13
9	14
19	16
15	17
4	20
27	24
6	21
19	22
18	25
# tree 306
0	5
5	2
0	1
2	6
1	3
6	26
6	12
3	18
3	19
26	4
12	9
18	15
1	27
1	10
19	11
4	23
18	7
3	8
18	13
9	14
19	16
15	17
4	20
27	24
10	25
6	21
19	22
# tree 307
0	5
5	2
0	1
2	6
1	3
6	26
6	12
3	18
3	19
26	4
12	9
18	15
3	27
1	10
19	11
4	23
18	7
3	8
18	13
9	14
19	16
15	17
4	20
27	24
10	25
6	21
19	22
# tree 308
0	5
5	2
0	1
2	6
1	3
6	26
6	12
3	18
3	19
26	4
12	9
18	15
19	27
1	10
19	11
4	23
3	8
18	13
9	14
19	16
15	17
4	20
27	24
10	25
6	21
19	22
3	7
# tree 309
0	5
5	2
0	1
2	6
1	3
6	26
6	12
3	18
3	19
26	4
12	9
18	15
19	11
1	10
19	27
4	23
18	7
3	8
18	13
9	14
19	16
15	17
4	20
11	22
6	21
3	24
18	25
# tree 310
0	5
5	2
0	1
2	6
1	3
6	26
6	12
3	18
3	19
26	4
12	9
18	15
19	11
1	10
4	23
18	7
3	8
18	13
9	14
19	16
15	17
4	20
11	22
10	25
6	21
3	24
1	27
# tree 311
0	5
5	2
0	1
2	6
1	3
6	26
6	12
3	18
3	19
26	4
12	9
18	15
19	11
1	10
4	23
18	7
3	8
18	13
9	14
19	16
15	17
4	20
11	22
10	25
6	21
3	24
3	27
# tree 312
0	5
5	2
0	1
2	6
1	3
6	26
6	12
3	18
3	19
26	4
12	9
18	15
19	11
1	10
19	27
4	23
3	8
18	13
9	14
19	16
15	17
4	20
11	22
10	25
6	21
3	24
3	7
# tree 313
0	5
5	2
0	1
2	6
1	3
6	26
6	12
3	18
3	19
26	4
12	9
18	15
19	11
1	27
1	10
4	23
18	7
3	8
18	13
9	14
19	16
15	17
4	20
11	22
27	24
6	21
18	25
# tree 314
0	5
5	2
0	1
2	6
1	3
6	26
6	12
3	18
3	19
26	4
12	9
18	15
19	11
3	27
1	10
4	23
18	7
3	8
18	13
9	14
19	16
15	17
4	20
11	22
27	24
6	21
18	25
# tree 315
0	5
5	2
0	1
2	6
1	3
6	26
6	12
3	18
3	19
26	4
12	9
18	15
19	11
19	27
1	10
4	23
3	8
18	13
9	14
19	16
15	17
4	20
11	22
27	24
6	21
18	25
3	7
# tree 316
0	5
5	2
0	1
2	6
1	3
6	26
6	12
3	18
3	19
26	4
12	9
18	15
19	11
3	27
1	10
4	23
3	8
18	13
9	14
19	16
15	17
4	20
11	22
27	24
10	25
6	21
3	7
# tree 317
0	5
5	2
0	1
2	6
1	3
6	26
6	12
3	18
26	4
3	19
12	9
18	15
4	23
1	10
19	27
19	11
18	7
3	8
18	13
9	14
19	16
15	17
4	20
23	21
19	22
3	24
18	25
# tree 318
0	5
5	2
0	1
2	6
1	3
6	26
6	12
3	18
26	4
3	19
12	9
18	15
4	23
1	10
19	11
18	7
3	8
18	13
9	14
19	16
15	17
4	20
23	21
10	25
19	22
3	24
1	27
# tree 319
0	5
5	2
0	1
2	6
1	3
6	26
6	12
3	18
26	4
3	19
12	9
18	15
4	23
1	10
19	11
18	7
3	8
18	13
9	14
19	16
15	17
4	20
23	21
10	25
19	22
3	24
3	27
# tree 320
0	5
5	2
0	1
2	6
1	3
6	26
6	12
3	18
26	4
3	19
12	9
18	15
4	23
1	10
19	27
19	11
3	8
18	13
9	14
19	16
15	17
4	20
23	21
10	25
19	22
3	24
3	7
# tree 321
0	5
5	2
0	1
2	6
1	3
6	26
6	12
3	18
26	4
3	19
12	9
18	15
4	23
1	27
1	10
19	11
18	7
3	8
18	13
9	14
19	16
15	17
4	20
23	21
27	24
19	22
18	25
# tree 322
0	5
5	2
0	1
2	6
1	3
6	26
6	12
3	18
26	4
3	19
12	9
18	15
4	23
3	27
1	10
19	11
18	7
3	8
18	13
9	14
19	16
15	17
4	20
23	21
27	24
19	22
18	25
# tree 323
0	5
5	2
0	1
2	6
1	3
6	26
6	12
3	18
26	4
3	19
12	9
18	15
4	23
19	27
1	10
19	11
3	8
18	13
9	14
19	16
15	17
4	20
23	21
27	24
19	22
18	25
3	7
# tree 324
0	5
5	2
0	1
2	6
1	3
6	26
6	12
3	18
26	4
3	19
12	9
18	15
4	23
3	27
1	10
19	11
3	8
18	13
9	14
19	16
15	17
4	20
23	21
27	24
10	25
19	22
3	7
# tree 325
0	5
5	2
0	1
2	6
1	3
6	26
6	12
3	18
26	4
3	19
12	9
18	15
4	23
19	11
1	10
18	7
3	8
18	13
9	14
19	16
15	17
4	20
23	21
11	22
3	24
18	25
1	27
# tree 326
0	5
5	2
0	1
2	6
1	3
6	26
6	12
3	18
26	4
3	19
12	9
18	15
4	23
19	11
1	10
18	7
3	8
18	13
9	14
19	16
15	17
4	20
23	21
11	22
3	24
18	25
3	27
# tree 327
0	5
5	2
0	1
2	6
1	3
6	26
6	12
3	18
26	4
3	19
12	9
18	15
4	23
19	11
1	10
19	27
3	8
18	13
9	14
19	16
15	17
4	20
23	21
11	22
3	24
18	25
3	7
# tree 328
0	5
5	2
0	1
2	6
1	3
6	26
6	12
3	18
26	4
3	19
12	9
18	15
4	23
19	11
1	10
3	8
18	13
9	14
19	16
15	17
4	20
23	21
11	22
10	25
3	24
3	27
3	7
# tree 329
0	5
5	2
0	1
2	6
1	3
6	26
6	12
3	18
26	4
3	19
12	9
18	15
4	23
19	11
3	27
1	10
3	8
18	13
9	14
19	16
15	17
4	20
23	21
11	22
27	24
18	25
3	7
# tree 330
0	5
0	1
5	2
2	6
1	3
3	19
6	26
6	12
3	18
19	27
26	4
12	9
18	15
1	10
27	11
4	23
18	7
3	8
9	14
19	16
15	17
4	20
27	24
3	13
6	21
19	22
18	25
# tree 331
0	5
0	1
5	2
2	6
1	3
3	19
6	26
6	12
3	18
19	27
26	4
12	9
18	15
27	11
1	10
4	23
18	7
3	8
9	14
19	16
15	17
4	20
11	22
3	13
6	21
3	24
18	25
# tree 332
0	5
0	1
5	2
2	6
1	3
6	26
6	12
3	18
1	27
26	4
12	9
3	19
18	15
27	11
1	10
4	23
18	7
3	8
9	14
19	16
15	17
4	20
11	22
27	24
3	13
6	21
18	25
# tree 333
0	5
0	1
5	2
2	6
1	3
6	26
6	12
3	18
3	27
26	4
12	9
3	19
18	15
27	11
1	10
4	23
18	7
3	8
9	14
19	16
15	17
4	20
11	22
27	24
3	13
6	21
18	25
# tree 334
0	5
0	1
5	2
2	6
1	3
3	19
6	26
6	12
3	18
19	27
26	4
12	9
18	15
27	11
1	10
4	23
3	8
9	14
19	16
15	17
4	20
11	22
27	24
3	13
6	21
18	25
3	7
# tree 335
0	5
0	1
5	2
2	6
1	3
6	26
3	19
6	12
3	18
26	4
19	27
12	9
18	15
4	23
1	10
27	11
18	7
3	8
9	14
19	16
15	17
4	20
23	21
3	13
19	22
3	24
18	25
# tree 336
0	5
0	1
5	2
2	6
1	3
6	26
6	12
3	18
26	4
1	27
12	9
3	19
18	15
4	23
1	10
27	11
18	7
3	8
9	14
19	16
15	17
4	20
23	21
27	24
3	13
19	22
18	25
# tree 337
0	5
0	1
5	2
2	6
1	3
6	26
6	12
3	18
26	4
3	27
12	9
3	19
18	15
4	23
1	10
27	11
18	7
3	8
9	14
19	16
15	17
4	20
23	21
27	24
3	13
19	22
18	25
# tree 338
0	5
0	1
5	2
2	6
1	3
6	26
3	19
6	12
3	18
26	4
19	27
12	9
18	15
4	23
1	10
27	11
3	8
9	14
19	16
15	17
4	20
23	21
27	24
3	13
19	22
18	25
3	7
# tree 339
0	5
0	1
5	2
2	6
1	3
6	26
6	12
3	18
26	4
1	27
12	9
3	19
18	15
4	23
27	11
1	10
18	7
3	8
9	14
19	16
15	17
4	20
23	21
11	22
3	13
3	24
18	25
# tree 340
0	5
0	1
5	2
2	6
1	3
6	26
6	12
3	18
26	4
3	27
12	9
3	19
18	15
4	23
27	11
1	10
18	7
3	8
9	14
19	16
15	17
4	20
23	21
11	22
3	13
3	24
18	25
# tree 341
0	5
0	1
5	2
2	6
1	3
6	26
3	19
6	12
3	18
26	4
19	27
12	9
18	15
4	23
27	11
1	10
3	8
9	14
19	16
15	17
4	20
23	21
11	22
3	13
3	24
18	25
3	7
# tree 342
0	5
0	1
5	2
2	6
1	3
6	26
6	12
3	18
26	4
3	27
12	9
3	19
18	15
4	23
27	11
1	10
3	8
9	14
19	16
15	17
4	20
23	21
11	22
27	24
3	13
18	25
3	7
# tree 343
0	5
0	1
5	2
2	6
1	3
3	19
6	26
6	12
3	18
19	27
26	4
12	9
18	15
1	10
3	24
27	11
4	23
18	7
3	8
18	13
9	14
15	17
4	20
10	25
24	16
6	21
19	22
# tree 344
0	5
0	1
5	2
2	6
1	3
3	19
6	26
6	12
3	18
19	27
26	4
12	9
18	15
27	24
1	10
27	11
4	23
18	7
3	8
18	13
9	14
15	17
4	20
24	16
6	21
19	22
18	25
# tree 345
0	5
0	1
5	2
2	6
1	3
6	26
6	12
3	18
1	27
26	4
12	9
18	15
1	10
27	24
3	19
27	11
4	23
18	7
3	8
18	13
9	14
15	17
4	20
10	25
24	16
6	21
19	22
# tree 346
0	5
0	1
5	2
2	6
1	3
6	26
6	12
3	18
3	27
26	4
12	9
18	15
1	10
27	24
3	19
27	11
4	23
18	7
3	8
18	13
9	14
15	17
4	20
10	25
24	16
6	21
19	22
# tree 347
0	5
0	1
5	2
2	6
1	3
3	19
6	26
6	12
3	18
19	27
26	4
12	9
18	15
1	10
27	24
27	11
4	23
3	8
18	13
9	14
15	17
4	20
10	25
24	16
6	21
19	22
3	7
# tree 348
0	5
0	1
5	2
2	6
1	3
3	19
6	26
6	12
3	18
19	27
26	4
12	9
18	15
27	11
3	24
1	10
4	23
18	7
3	8
18	13
9	14
15	17
4	20
11	22
24	16
6	21
18	25
# tree 349
0	5
0	1
5	2
2	6
1	3
6	26
6	12
3	18
1	27
26	4
12	9
18	15
27	11
1	10
3	24
3	19
4	23
18	7
3	8
18	13
9	14
15	17
4	20
11	22
10	25
24	16
6	21
# tree 350
0	5
0	1
5	2
2	6
1	3
6	26
6	12
3	18
3	27
26	4
12	9
18	15
27	11
1	10
3	24
3	19
4	23
18	7
3	8
18	13
9	14
15	17
4	20
11	22
10	25
24	16
6	21
# tree 351
0	5
0	1
5	2
2	6
1	3
3	19
6	26
6	12
3	18
19	27
26	4
12	9
18	15
27	11
1	10
3	24
4	23
3	8
18	13
9	14
15	17
4	20
11	22
10	25
24	16
6	21
3	7
# tree 352
0	5
0	1
5	2
2	6
1	3
6	26
6	12
3	18
1	27
26	4
12	9
18	15
27	11
27	24
3	19
1	10
4	23
18	7
3	8
18	13
9	14
15	17
4	20
11	22
24	16
6	21
18	25
# tree 353
0	5
0	1
5	2
2	6
1	3
6	26
6	12
3	18
3	27
26	4
12	9
18	15
27	11
27	24
3	19
1	10
4	23
18	7
3	8
18	13
9	14
15	17
4	20
11	22
24	16
6	21
18	25
# tree 354
0	5
0	1
5	2
2	6
1	3
3	19
6	26
6	12
3	18
19	27
26	4
12	9
18	15
27	11
27	24
1	10
4	23
3	8
18	13
9	14
15	17
4	20
11	22
24	16
6	21
18	25
3	7
# tree 355
0	5
0	1
5	2
2	6
1	3
6	26
6	12
3	18
3	27
26	4
12	9
18	15
27	11
1	10
27	24
3	19
4	23
3	8
18	13
9	14
15	17
4	20
11	22
10	25
24	16
6	21
3	7
# tree 356
0	5
0	1
5	2
2	6
1	3
6	26
3	19
6	12
3	18
26	4
19	27
12	9
18	15
4	23
3	24
1	10
27	11
18	7
3	8
18	13
9	14
15	17
4	20
23	21
24	16
19	22
18	25
# tree 357
0	5
0	1
5	2
2	6
1	3
6	26
6	12
3	18
26	4
1	27
12	9
18	15
4	23
1	10
3	24
3	19
27	11
18	7
3	8
18	13
9	14
15	17
4	20
23	21
10	25
24	16
19	22
# tree 358
0	5
0	1
5	2
2	6
1	3
6	26
6	12
3	18
26	4
3	27
12	9
18	15
4	23
1	10
3	24
3	19
27	11
18	7
3	8
18	13
9	14
15	17
4	20
23	21
10	25
24	16
19	22
# tree 359
0	5
0	1
5	2
2	6
1	3
6	26
3	19
6	12
3	18
26	4
19	27
12	9
18	15
4	23
1	10
3	24
27	11
3	8
18	13
9	14
15	17
4	20
23	21
10	25
24	16
19	22
3	7
# tree 360
0	5
0	1
5	2
2	6
1	3
6	26
6	12
3	18
26	4
1	27
12	9
18	15
4	23
27	24
3	19
1	10
27	11
18	7
3	8
18	13
9	14
15	17
4	20
23	21
24	16
19	22
18	25
# tree 361
0	5
0	1
5	2
2	6
1	3
6	26
6	12
3	18
26	4
3	27
12	9
18	15
4	23
27	24
3	19
1	10
27	11
18	7
3	8
18	13
9	14
15	17
4	20
23	21
24	16
19	22
18	25
# tree 362
0	5
0	1
5	2
2	6
1	3
6	26
3	19
6	12
3	18
26	4
19	27
12	9
18	15
4	23
27	24
1	10
27	11
3	8
18	13
9	14
15	17
4	20
23	21
24	16
19	22
18	25
3	7
# tree 363
0	5
0	1
5	2
2	6
1	3
6	26
6	12
3	18
26	4
3	27
12	9
18	15
4	23
1	10
27	24
3	19
27	11
3	8
18	13
9	14
15	17
4	20
23	21
10	25
24	16
19	22
3	7
# tree 364
0	5
0	1
5	2
2	6
1	3
6	26
6	12
3	18
26	4
1	27
12	9
18	15
4	23
27	11
3	24
3	19
1	10
18	7
3	8
18	13
9	14
15	17
4	20
23	21
11	22
24	16
18	25
# tree 365
0	5
0	1
5	2
2	6
1	3
6	26
6	12
3	18
26	4
3	27
12	9
18	15
4	23
27	11
3	24
3	19
1	10
18	7
3	8
18	13
9	14
15	17
4	20
23	21
11	22
24	16
18	25
# tree 366
0	5
0	1
5	2
2	6
1	3
6	26
3	19
6	12
3	18
26	4
19	27
12	9
18	15
4	23
27	11
3	24
1	10
3	8
18	13
9	14
15	17
4	20
23	21
11	22
24	16
18	25
3	7
# tree 367
0	5
0	1
5	2
2	6
1	3
6	26
6	12
3	18
26	4
3	27
12	9
18	15
4	23
27	11
1	10
3	24
3	19
3	8
18	13
9	14
15	17
4	20
23	21
11	22
10	25
24	16
3	7
# tree 368
0	5
0	1
5	2
2	6
1	3
6	26
6	12
3	18
26	4
3	27
12	9
18	15
4	23
27	11
27	24
3	19
1	10
3	8
18	13
9	14
15	17
4	20
23	21
11	22
24	16
18	25
3	7
# tree 369
0	5
0	1
5	2
1	3
2	6
3	19
6	26
6	12
3	18
19	27
26	4
12	9
18	15
1	10
27	11
4	23
18	7
3	8
18	13
9	14
19	16
15	17
4	20
6	21
19	22
3	24
18	25
# tree 370
0	5
0	1
5	2
1	3
2	6
6	26
6	12
3	18
1	27
26	4
12	9
3	19
18	15
1	10
27	11
4	23
18	7
3	8
18	13
9	14
19	16
15	17
4	20
10	25
6	21
19	22
3	24
# tree 371
0	5
0	1
5	2
1	3
2	6
6	26
6	12
3	18
3	27
26	4
12	9
3	19
18	15
1	10
27	11
4	23
18	7
3	8
18	13
9	14
19	16
15	17
4	20
10	25
6	21
19	22
3	24
# tree 372
0	5
0	1
5	2
1	3
2	6
3	19
6	26
6	12
3	18
19	27
26	4
12	9
18	15
1	10
27	11
4	23
3	8
18	13
9	14
19	16
15	17
4	20
10	25
6	21
19	22
3	24
3	7
# tree 373
0	5
0	1
5	2
1	3
2	6
6	26
6	12
3	18
1	27
26	4
12	9
3	19
18	15
1	10
27	11
4	23
18	7
3	8
18	13
9	14
19	16
15	17
4	20
27	24
6	21
19	22
18	25
# tree 374
0	5
0	1
5	2
1	3
2	6
6	26
6	12
3	18
3	27
26	4
12	9
3	19
18	15
1	10
27	11
4	23
18	7
3	8
18	13
9	14
19	16
15	17
4	20
27	24
6	21
19	22
18	25
# tree 375
0	5
0	1
5	2
1	3
2	6
3	19
6	26
6	12
3	18
19	27
26	4
12	9
18	15
1	10
27	11
4	23
3	8
18	13
9	14
19	16
15	17
4	20
27	24
6	21
19	22
18	25
3	7
# tree 376
0	5
0	1
5	2
2	6
1	3
6	26
6	12
3	18
3	27
26	4
12	9
3	19
18	15
1	10
27	11
4	23
3	8
18	13
9	14
19	16
15	17
4	20
27	24
10	25
6	21
19	22
3	7
# tree 377
0	5
0	1
5	2
1	3
2	6
6	26
6	12
3	18
1	27
26	4
12	9
3	19
18	15
27	11
1	10
4	23
18	7
3	8
18	13
9	14
19	16
15	17
4	20
11	22
6	21
3	24
18	25
# tree 378
0	5
0	1
5	2
1	3
2	6
6	26
6	12
3	18
3	27
26	4
12	9
3	19
18	15
27	11
1	10
4	23
18	7
3	8
18	13
9	14
19	16
15	17
4	20
11	22
6	21
3	24
18	25
# tree 379
0	5
0	1
5	2
1	3
2	6
3	19
6	26
6	12
3	18
19	27
26	4
12	9
18	15
27	11
1	10
4	23
3	8
18	13
9	14
19	16
15	17
4	20
11	22
6	21
3	24
18	25
3	7
# tree 380
0	5
0	1
5	2
2	6
1	3
6	26
6	12
3	18
3	27
26	4
12	9
3	19
18	15
27	11
1	10
4	23
3	8
18	13
9	14
19	16
15	17
4	20
11	22
10	25
6	21
3	24
3	7
# tree 381
0	5
0	1
5	2
2	6
1	3
6	26
6	12
3	18
3	27
26	4
12	9
3	19
18	15
27	11
1	10
4	23
3	8
18	13
9	14
19	16
15	17
4	20
11	22
27	24
6	21
18	25
3	7
# tree 382
0	5
0	1
5	2
2	6
1	3
6	26
6	12
3	18
26	4
1	27
12	9
3	19
18	15
4	23
1	10
27	11
18	7
3	8
18	13
9	14
19	16
15	17
4	20
23	21
19	22
3	24
18	25
# tree 383
0	5
0	1
5	2
2	6
1	3
6	26
6	12
3	18
26	4
3	27
12	9
3	19
18	15
4	23
1	10
27	11
18	7
3	8
18	13
9	14
19	16
15	17
4	20
23	21
19	22
3	24
18	25
# tree 384
0	5
0	1
5	2
2	6
1	3
6	26
3	19
6	12
3	18
26	4
19	27
12	9
18	15
4	23
1	10
27	11
3	8
18	13
9	14
19	16
15	17
4	20
23	21
19	22
3	24
18	25
3	7
# tree 385
0	5
0	1
5	2
2	6
1	3
6	26
6	12
3	18
26	4
3	27
12	9
3	19
18	15
4	23
1	10
27	11
3	8
18	13
9	14
19	16
15	17
4	20
23	21
10	25
19	22
3	24
3	7
# tree 386
0	5
0	1
5	2
2	6
1	3
6	26
6	12
3	18
26	4
3	27
12	9
3	19
18	15
4	23
1	10
27	11
3	8
18	13
9	14
19	16
15	17
4	20
23	21
27	24
19	22
18	25
3	7
# tree 387
0	5
0	1
5	2
2	6
1	3
6	26
6	12
3	18
26	4
3	27
12	9
3	19
18	15
4	23
27	11
1	10
3	8
18	13
9	14
19	16
15	17
4	20
23	21
11	22
3	24
18	25
3	7
# tree 388
0	5
5	2
0	1
2	6
1	3
6	26
6	12
3	18
3	19
1	10
26	4
12	9
18	15
19	27
10	25
19	11
4	23
18	7
9	14
19	16
15	17
4	20
27	24
25	8
3	13
6	21
1	22
# tree 389
0	5
5	2
0	1
2	6
1	3
6	26
6	12
3	18
3	19
1	10
26	4
12	9
18	15
19	27
10	25
19	11
4	23
18	7
9	14
19	16
15	17
4	20
27	24
25	8
3	13
6	21
27	22
# tree 390
0	5
5	2
0	1
2	6
1	3
6	26
6	12
3	18
3	19
1	10
26	4
12	9
18	15
19	27
10	25
19	11
4	23
18	7
9	14
19	16
15	17
4	20
27	24
25	8
3	13
6	21
3	22
# tree 391
0	5
5	2
0	1
2	6
1	3
6	26
6	12
3	18
3	19
1	10
26	4
12	9
18	15
19	27
10	25
19	11
4	23
18	7
9	14
19	16
15	17
4	20
27	24
25	8
3	13
6	21
19	22
# tree 392
0	5
5	2
0	1
2	6
1	3
6	26
6	12
3	18
3	19
1	10
26	4
12	9
18	15
19	11
10	25
19	27
4	23
18	7
9	14
19	16
15	17
4	20
11	22
25	8
3	13
6	21
3	24
# tree 393
0	5
5	2
0	1
2	6
1	3
6	26
6	12
3	18
3	19
26	4
12	9
18	15
19	11
19	27
18	25
1	10
4	23
18	7
9	14
19	16
15	17
4	20
11	22
27	24
25	8
3	13
6	21
# tree 394
0	5
5	2
0	1
2	6
1	3
6	26
6	12
3	18
3	19
1	10
26	4
12	9
18	15
19	11
1	27
10	25
4	23
18	7
9	14
19	16
15	17
4	20
11	22
27	24
25	8
3	13
6	21
# tree 395
0	5
5	2
0	1
2	6
1	3
6	26
6	12
3	18
3	19
1	10
26	4
12	9
18	15
19	11
3	27
10	25
4	23
18	7
9	14
19	16
15	17
4	20
11	22
27	24
25	8
3	13
6	21
# tree 396
0	5
5	2
0	1
2	6
1	3
6	26
6	12
3	18
3	19
1	10
26	4
12	9
18	15
19	11
19	27
10	25
4	23
9	14
19	16
15	17
4	20
11	22
27	24
25	8
3	13
6	21
3	7
# tree 397
0	5
5	2
0	1
2	6
1	3
6	26
6	12
3	18
26	4
3	19
1	10
12	9
18	15
4	23
10	25
19	27
19	11
18	7
9	14
19	16
15	17
4	20
23	21
25	8
3	13
19	22
3	24
# tree 398
0	5
5	2
0	1
2	6
1	3
6	26
6	12
3	18
26	4
3	19
12	9
18	15
4	23
19	27
18	25
1	10
19	11
18	7
9	14
19	16
15	17
4	20
23	21
27	24
25	8
3	13
19	22
# tree 399
0	5
5	2
0	1
2	6
1	3
6	26
6	12
3	18
26	4
1	10
3	19
12	9
18	15
4	23
1	27
10	25
19	11
18	7
9	14
19	16
15	17
4	20
23	21
27	24
25	8
3	13
19	22
# tree 400
0	5
5	2
0	1
2	6
1	3
6	26
6	12
3	18
26	4
1	10
3	19
12	9
18	15
4	23
3	27
10	25
19	11
18	7
9	14
19	16
15	17
4	20
23	21
27	24
25	8
3	13
19	22
# tree 401
0	5
5	2
0	1
2	6
1	3
6	26
6	12
3	18
26	4
3	19
1	10
12	9
18	15
4	23
19	27
10	25
19	11
9	14
19	16
15	17
4	20
23	21
27	24
25	8
3	13
19	22
3	7
# tree 402
0	5
5	2
0	1
2	6
1	3
6	26
6	12
3	18
26	4
3	19
12	9
18	15
4	23
19	11
18	25
1	10
19	27
18	7
9	14
19	16
15	17
4	20
23	21
11	22
25	8
3	13
3	24
# tree 403
0	5
5	2
0	1
2	6
1	3
6	26
6	12
3	18
26	4
3	19
1	10
12	9
18	15
4	23
19	11
10	25
18	7
9	14
19	16
15	17
4	20
23	21
11	22
25	8
3	13
3	24
1	27
# tree 404
0	5
5	2
0	1
2	6
1	3
6	26
6	12
3	18
26	4
3	19
1	10
12	9
18	15
4	23
19	11
10	25
18	7
9	14
19	16
15	17
4	20
23	21
11	22
25	8
3	13
3	24
3	27
# tree 405
0	5
5	2
0	1
2	6
1	3
6	26
6	12
3	18
26	4
3	19
1	10
12	9
18	15
4	23
19	11
10	25
19	27
9	14
19	16
15	17
4	20
23	21
11	22
25	8
3	13
3	24
3	7
# tree 406
0	5
5	2
0	1
2	6
1	3
6	26
6	12
3	18
26	4
3	19
12	9
18	15
4	23
19	11
1	27
18	25
1	10
18	7
9	14
19	16
15	17
4	20
23	21
11	22
27	24
25	8
3	13
# tree 407
0	5
5	2
0	1
2	6
1	3
6	26
6	12
3	18
26	4
3	19
12	9
18	15
4	23
19	11
3	27
18	25
1	10
18	7
9	14
19	16
15	17
4	20
23	21
11	22
27	24
25	8
3	13
# tree 408
0	5
5	2
0	1
2	6
1	3
6	26
6	12
3	18
26	4
3	19
12	9
18	15
4	23
19	11
19	27
18	25
1	10
9	14
19	16
15	17
4	20
23	21
11	22
27	24
25	8
3	13
3	7
# tree 409
0	5
5	2
0	1
2	6
1	3
6	26
6	12
3	18
26	4
3	19
1	10
12	9
18	15
4	23
19	11
3	27
10	25
9	14
19	16
15	17
4	20
23	21
11	22
27	24
25	8
3	13
3	7
# tree 410
0	5
5	2
0	1
2	6
1	3
6	26
6	12
3	18
3	19
1	10
26	4
12	9
18	15
10	25
19	27
19	11
4	23
18	7
18	13
9	14
19	16
15	17
4	20
25	8
6	21
19	22
3	24
# tree 411
0	5
5	2
0	1
2	6
1	3
6	26
6	12
3	18
3	19
26	4
12	9
18	15
19	27
18	25
1	10
19	11
4	23
18	7
18	13
9	14
19	16
15	17
4	20
27	24
25	8
6	21
19	22
# tree 412
0	5
5	2
0	1
2	6
1	3
6	26
6	12
3	18
1	10
3	19
26	4
12	9
18	15
1	27
10	25
19	11
4	23
18	7
18	13
9	14
19	16
15	17
4	20
27	24
25	8
6	21
19	22
# tree 413
0	5
5	2
0	1
2	6
1	3
6	26
6	12
3	18
1	10
3	19
26	4
12	9
18	15
3	27
10	25
19	11
4	23
18	7
18	13
9	14
19	16
15	17
4	20
27	24
25	8
6	21
19	22
# tree 414
0	5
5	2
0	1
2	6
1	3
6	26
6	12
3	18
3	19
1	10
26	4
12	9
18	15
19	27
10	25
19	11
4	23
18	13
9	14
19	16
15	17
4	20
27	24
25	8
6	21
19	22
3	7
# tree 415
0	5
5	2
0	1
2	6
1	3
6	26
6	12
3	18
3	19
26	4
12	9
18	15
19	11
18	25
1	10
19	27
4	23
18	7
18	13
9	14
19	16
15	17
4	20
11	22
25	8
6	21
3	24
# tree 416
0	5
5	2
0	1
2	6
1	3
6	26
6	12
3	18
3	19
1	10
26	4
12	9
18	15
19	11
10	25
4	23
18	7
18	13
9	14
19	16
15	17
4	20
11	22
25	8
6	21
3	24
1	27
# tree 417
0	5
5	2
0	1
2	6
1	3
6	26
6	12
3	18
3	19
1	10
26	4
12	9
18	15
19	11
10	25
4	23
18	7
18	13
9	14
19	16
15	17
4	20
11	22
25	8
6	21
3	24
3	27
# tree 418
0	5
5	2
0	1
2	6
1	3
6	26
6	12
3	18
3	19
1	10
26	4
12	9
18	15
19	11
10	25
19	27
4	23
18	13
9	14
19	16
15	17
4	20
11	22
25	8
6	21
3	24
3	7
# tree 419
0	5
5	2
0	1
2	6
1	3
6	26
6	12
3	18
3	19
26	4
12	9
18	15
19	11
1	27
18	25
1	10
4	23
18	7
18	13
9	14
19	16
15	17
4	20
11	22
27	24
25	8
6	21
# tree 420
0	5
5	2
0	1
2	6
1	3
6	26
6	12
3	18
3	19
26	4
12	9
18	15
19	11
3	27
18	25
1	10
4	23
18	7
18	13
9	14
19	16
15	17
4	20
11	22
27	24
25	8
6	21
# tree 421
0	5
5	2
0	1
2	6
1	3
6	26
6	12
3	18
3	19
26	4
12	9
18	15
19	11
19	27
18	25
1	10
4	23
18	13
9	14
19	16
15	17
4	20
11	22
27	24
25	8
6	21
3	7
# tree 422
0	5
5	2
0	1
2	6
1	3
6	26
6	12
3	18
3	19
1	10
26	4
12	9
18	15
19	11
3	27
10	25
4	23
18	13
9	14
19	16
15	17
4	20
11	22
27	24
25	8
6	21
3	7
# tree 423
0	5
5	2
0	1
2	6
1	3
6	26
6	12
3	18
26	4
3	19
12	9
18	15
4	23
18	25
1	10
19	27
19	11
18	7
18	13
9	14
19	16
15	17
4	20
23	21
25	8
19	22
3	24
# tree 424
0	5
5	2
0	1
2	6
1	3
6	26
6	12
3	18
26	4
1	10
3	19
12	9
18	15
4	23
10	25
19	11
18	7
18	13
9	14
19	16
15	17
4	20
23	21
25	8
19	22
3	24
1	27
# tree 425
0	5
5	2
0	1
2	6
1	3
6	26
6	12
3	18
26	4
1	10
3	19
12	9
18	15
4	23
10	25
19	11
18	7
18	13
9	14
19	16
15	17
4	20
23	21
25	8
19	22
3	24
3	27
# tree 426
0	5
5	2
0	1
2	6
1	3
6	26
6	12
3	18
26	4
1	10
3	19
12	9
18	15
4	23
10	25
19	27
19	11
18	13
9	14
19	16
15	17
4	20
23	21
25	8
19	22
3	24
3	7
# tree 427
0	5
5	2
0	1
2	6
1	3
6	26
6	12
3	18
26	4
3	19
12	9
18	15
4	23
1	27
18	25
1	10
19	11
18	7
18	13
9	14
19	16
15	17
4	20
23	21
27	24
25	8
19	22
# tree 428
0	5
5	2
0	1
2	6
1	3
6	26
6	12
3	18
26	4
3	19
12	9
18	15
4	23
3	27
18	25
1	10
19	11
18	7
18	13
9	14
19	16
15	17
4	20
23	21
27	24
25	8
19	22
# tree 429
0	5
5	2
0	1
2	6
1	3
6	26
6	12
3	18
26	4
3	19
12	9
18	15
4	23
19	27
18	25
1	10
19	11
18	13
9	14
19	16
15	17
4	20
23	21
27	24
25	8
19	22
3	7
# tree 430
0	5
5	2
0	1
2	6
1	3
6	26
6	12
3	18
26	4
1	10
3	19
12	9
18	15
4	23
3	27
10	25
19	11
18	13
9	14
19	16
15	17
4	20
23	21
27	24
25	8
19	22
3	7
# tree 431
0	5
5	2
0	1
2	6
1	3
6	26
6	12
3	18
26	4
3	19
12	9
18	15
4	23
19	11
18	25
1	10
18	7
18	13
9	14
19	16
15	17
4	20
23	21
11	22
25	8
3	24
1	27
# tree 432
0	5
5	2
0	1
2	6
1	3
6	26
6	12
3	18
26	4
3	19
12	9
18	15
4	23
19	11
18	25
1	10
18	7
18	13
9	14
19	16
15	17
4	20
23	21
11	22
25	8
3	24
3	27
# tree 433
0	5
5	2
0	1
2	6
1	3
6	26
6	12
3	18
26	4
3	19
12	9
18	15
4	23
19	11
18	25
1	10
19	27
18	13
9	14
19	16
15	17
4	20
23	21
11	22
25	8
3	24
3	7
# tree 434
0	5
5	2
0	1
2	6
1	3
6	26
6	12
3	18
26	4
3	19
1	10
12	9
18	15
4	23
19	11
10	25
18	13
9	14
19	16
15	17
4	20
23	21
11	22
25	8
3	24
3	27
3	7
# tree 435
0	5
5	2
0	1
2	6
1	3
6	26
6	12
3	18
26	4
3	19
12	9
18	15
4	23
19	11
3	27
18	25
1	10
18	13
9	14
19	16
15	17
4	20
23	21
11	22
27	24
25	8
3	7
# tree 436
0	5
5	2
0	1
2	6
1	3
3	19
6	26
6	12
3	18
1	10
19	27
26	4
12	9
18	15
10	25
27	11
4	23
18	7
9	14
19	16
15	17
4	20
25	8
3	13
6	21
19	22
3	24
# tree 437
0	5
5	2
0	1
2	6
1	3
3	19
6	26
6	12
3	18
19	27
26	4
12	9
18	15
18	25
1	10
27	11
4	23
18	7
9	14
19	16
15	17
4	20
27	24
25	8
3	13
6	21
19	22
# tree 438
0	5
5	2
0	1
2	6
1	3
6	26
6	12
3	18
1	10
1	27
26	4
12	9
3	19
18	15
10	25
27	11
4	23
18	7
9	14
19	16
15	17
4	20
27	24
25	8
3	13
6	21
19	22
# tree 439
0	5
5	2
0	1
2	6
1	3
6	26
6	12
3	18
1	10
3	27
26	4
12	9
3	19
18	15
10	25
27	11
4	23
18	7
9	14
19	16
15	17
4	20
27	24
25	8
3	13
6	21
19	22
# tree 440
0	5
5	2
0	1
2	6
1	3
3	19
6	26
6	12
3	18
1	10
19	27
26	4
12	9
18	15
10	25
27	11
4	23
9	14
19	16
15	17
4	20
27	24
25	8
3	13
6	21
19	22
3	7
# tree 441
0	5
5	2
0	1
2	6
1	3
3	19
6	26
6	12
3	18
19	27
26	4
12	9
18	15
27	11
18	25
1	10
4	23
18	7
9	14
19	16
15	17
4	20
11	22
25	8
3	13
6	21
3	24
# tree 442
0	5
5	2
0	1
2	6
1	3
6	26
6	12
3	18
1	27
1	10
26	4
12	9
3	19
18	15
27	11
10	25
4	23
18	7
9	14
19	16
15	17
4	20
11	22
25	8
3	13
6	21
3	24
# tree 443
0	5
5	2
0	1
2	6
1	3
6	26
6	12
3	18
3	27
1	10
26	4
12	9
3	19
18	15
27	11
10	25
4	23
18	7
9	14
19	16
15	17
4	20
11	22
25	8
3	13
6	21
3	24
# tree 444
0	5
5	2
0	1
2	6
1	3
3	19
6	26
6	12
3	18
19	27
1	10
26	4
12	9
18	15
27	11
10	25
4	23
9	14
19	16
15	17
4	20
11	22
25	8
3	13
6	21
3	24
3	7
# tree 445
0	5
5	2
0	1
2	6
1	3
6	26
6	12
3	18
1	27
26	4
12	9
3	19
18	15
27	11
18	25
1	10
4	23
18	7
9	14
19	16
15	17
4	20
11	22
27	24
25	8
3	13
6	21
# tree 446
0	5
5	2
0	1
2	6
1	3
6	26
6	12
3	18
3	27
26	4
12	9
3	19
18	15
27	11
18	25
1	10
4	23
18	7
9	14
19	16
15	17
4	20
11	22
27	24
25	8
3	13
6	21
# tree 447
0	5
5	2
0	1
2	6
1	3
3	19
6	26
6	12
3	18
19	27
26	4
12	9
18	15
27	11
18	25
1	10
4	23
9	14
19	16
15	17
4	20
11	22
27	24
25	8
3	13
6	21
3	7
# tree 448
0	5
5	2
0	1
2	6
1	3
6	26
6	12
3	18
3	27
1	10
26	4
12	9
3	19
18	15
27	11
10	25
4	23
9	14
19	16
15	17
4	20
11	22
27	24
25	8
3	13
6	21
3	7
# tree 449
0	5
5	2
0	1
2	6
1	3
6	26
3	19
6	12
3	18
26	4
19	27
12	9
18	15
4	23
18	25
1	10
27	11
18	7
9	14
19	16
15	17
4	20
23	21
25	8
3	13
19	22
3	24
# tree 450
0	5
5	2
0	1
2	6
1	3
6	26
6	12
3	18
26	4
1	10
1	27
12	9
3	19
18	15
4	23
10	25
27	11
18	7
9	14
19	16
15	17
4	20
23	21
25	8
3	13
19	22
3	24
# tree 451
0	5
5	2
0	1
2	6
1	3
6	26
6	12
3	18
26	4
1	10
3	27
12	9
3	19
18	15
4	23
10	25
27	11
18	7
9	14
19	16
15	17
4	20
23	21
25	8
3	13
19	22
3	24
# tree 452
0	5
5	2
0	1
2	6
1	3
6	26
3	19
6	12
3	18
26	4
1	10
19	27
12	9
18	15
4	23
10	25
27	11
9	14
19	16
15	17
4	20
23	21
25	8
3	13
19	22
3	24
3	7
# tree 453
0	5
5	2
0	1
2	6
1	3
6	26
6	12
3	18
26	4
1	27
12	9
3	19
18	15
4	23
18	25
1	10
27	11
18	7
9	14
19	16
15	17
4	20
23	21
27	24
25	8
3	13
19	22
# tree 454
0	5
5	2
0	1
2	6
1	3
6	26
6	12
3	18
26	4
3	27
12	9
3	19
18	15
4	23
18	25
1	10
27	11
18	7
9	14
19	16
15	17
4	20
23	21
27	24
25	8
3	13
19	22
# tree 455
0	5
5	2
0	1
2	6
1	3
6	26
3	19
6	12
3	18
26	4
19	27
12	9
18	15
4	23
18	25
1	10
27	11
9	14
19	16
15	17
4	20
23	21
27	24
25	8
3	13
19	22
3	7
# tree 456
0	5
5	2
0	1
2	6
1	3
6	26
6	12
3	18
26	4
1	10
3	27
12	9
3	19
18	15
4	23
10	25
27	11
9	14
19	16
15	17
4	20
23	21
27	24
25	8
3	13
19	22
3	7
# tree 457
0	5
5	2
0	1
2	6
1	3
6	26
6	12
3	18
26	4
1	27
12	9
3	19
18	15
4	23
27	11
18	25
1	10
18	7
9	14
19	16
15	17
4	20
23	21
11	22
25	8
3	13
3	24
# tree 458
0	5
5	2
0	1
2	6
1	3
6	26
6	12
3	18
26	4
3	27
12	9
3	19
18	15
4	23
27	11
18	25
1	10
18	7
9	14
19	16
15	17
4	20
23	21
11	22
25	8
3	13
3	24
# tree 459
0	5
5	2
0	1
2	6
1	3
6	26
3	19
6	12
3	18
26	4
19	27
12	9
18	15
4	23
27	11
18	25
1	10
9	14
19	16
15	17
4	20
23	21
11	22
25	8
3	13
3	24
3	7
# tree 460
0	5
5	2
0	1
2	6
1	3
6	26
6	12
3	18
26	4
3	27
1	10
12	9
3	19
18	15
4	23
27	11
10	25
9	14
19	16
15	17
4	20
23	21
11	22
25	8
3	13
3	24
3	7
# tree 461
0	5
5	2
0	1
2	6
1	3
6	26
6	12
3	18
26	4
3	27
12	9
3	19
18	15
4	23
27	11
18	25
1	10
9	14
19	16
15	17
4	20
23	21
11	22
27	24
25	8
3	13
3	7
# tree 462
0	5
5	2
0	1
1	3
2	6
3	19
6	26
6	12
3	18
19	27
26	4
12	9
18	15
18	25
1	10
27	11
4	23
18	7
18	13
9	14
19	16
15	17
4	20
25	8
6	21
19	22
3	24
# tree 463
0	5
5	2
0	1
1	3
2	6
6	26
6	12
3	18
1	10
1	27
26	4
12	9
3	19
18	15
10	25
27	11
4	23
18	7
18	13
9	14
19	16
15	17
4	20
25	8
6	21
19	22
3	24
# tree 464
0	5
5	2
0	1
1	3
2	6
6	26
6	12
3	18
1	10
3	27
26	4
12	9
3	19
18	15
10	25
27	11
4	23
18	7
18	13
9	14
19	16
15	17
4	20
25	8
6	21
19	22
3	24
# tree 465
0	5
5	2
0	1
1	3
2	6
3	19
6	26
6	12
3	18
1	10
19	27
26	4
12	9
18	15
10	25
27	11
4	23
18	13
9	14
19	16
15	17
4	20
25	8
6	21
19	22
3	24
3	7
# tree 466
0	5
5	2
0	1
1	3
2	6
6	26
6	12
3	18
1	27
26	4
12	9
3	19
18	15
18	25
1	10
27	11
4	23
18	7
18	13
9	14
19	16
15	17
4	20
27	24
25	8
6	21
19	22
# tree 467
0	5
5	2
0	1
1	3
2	6
6	26
6	12
3	18
3	27
26	4
12	9
3	19
18	15
18	25
1	10
27	11
4	23
18	7
18	13
9	14
19	16
15	17
4	20
27	24
25	8
6	21
19	22
# tree 468
0	5
5	2
0	1
1	3
2	6
3	19
6	26
6	12
3	18
19	27
26	4
12	9
18	15
18	25
1	10
27	11
4	23
18	13
9	14
19	16
15	17
4	20
27	24
25	8
6	21
19	22
3	7
# tree 469
0	5
5	2
0	1
2	6
1	3
6	26
6	12
3	18
1	10
3	27
26	4
12	9
3	19
18	15
10	25
27	11
4	23
18	13
9	14
19	16
15	17
4	20
27	24
25	8
6	21
19	22
3	7
# tree 470
0	5
5	2
0	1
1	3
2	6
6	26
6	12
3	18
1	27
26	4
12	9
3	19
18	15
27	11
18	25
1	10
4	23
18	7
18	13
9	14
19	16
15	17
4	20
11	22
25	8
6	21
3	24
# tree 471
0	5
5	2
0	1
1	3
2	6
6	26
6	12
3	18
3	27
26	4
12	9
3	19
18	15
27	11
18	25
1	10
4	23
18	7
18	13
9	14
19	16
15	17
4	20
11	22
25	8
6	21
3	24
# tree 472
0	5
5	2
0	1
1	3
2	6
3	19
6	26
6	12
3	18
19	27
26	4
12	9
18	15
27	11
18	25
1	10
4	23
18	13
9	14
19	16
15	17
4	20
11	22
25	8
6	21
3	24
3	7
# tree 473
0	5
5	2
0	1
2	6
1	3
6	26
6	12
3	18
3	27
1	10
26	4
12	9
3	19
18	15
27	11
10	25
4	23
18	13
9	14
19	16
15	17
4	20
11	22
25	8
6	21
3	24
3	7
# tree 474
0	5
5	2
0	1
2	6
1	3
6	26
6	12
3	18
3	27
26	4
12	9
3	19
18	15
27	11
18	25
1	10
4	23
18	13
9	14
19	16
15	17
4	20
11	22
27	24
25	8
6	21
3	7
# tree 475
0	5
5	2
0	1
2	6
1	3
6	26
6	12
3	18
26	4
1	27
12	9
3	19
18	15
4	23
18	25
1	10
27	11
18	7
18	13
9	14
19	16
15	17
4	20
23	21
25	8
19	22
3	24
# tree 476
0	5
5	2
0	1
2	6
1	3
6	26
6	12
3	18
26	4
3	27
12	9
3	19
18	15
4	23
18	25
1	10
27	11
18	7
18	13
9	14
19	16
15	17
4	20
23	21
25	8
19	22
3	24
# tree 477
0	5
5	2
0	1
2	6
1	3
6	26
3	19
6	12
3	18
26	4
19	27
12	9
18	15
4	23
18	25
1	10
27	11
18	13
9	14
19	16
15	17
4	20
23	21
25	8
19	22
3	24
3	7
# tree 478
0	5
5	2
0	1
2	6
1	3
6	26
6	12
3	18
26	4
1	10
3	27
12	9
3	19
18	15
4	23
10	25
27	11
18	13
9	14
19	16
15	17
4	20
23	21
25	8
19	22
3	24
3	7
# tree 479
0	5
5	2
0	1
2	6
1	3
6	26
6	12
3	18
26	4
3	27
12	9
3	19
18	15
4	23
18	25
1	10
27	11
18	13
9	14
19	16
15	17
4	20
23	21
27	24
25	8
19	22
3	7
# tree 480
0	5
5	2
0	1
2	6
1	3
6	26
6	12
3	18
26	4
3	27
12	9
3	19
18	15
4	23
27	11
18	25
1	10
18	13
9	14
19	16
15	17
4	20
23	21
11	22
25	8
3	24
3	7
# tree 481
0	5
5	2
0	1
2	6
1	3
6	26
6	12
3	18
3	19
26	4
12	9
18	15
19	27
1	10
19	11
4	23
18	7
3	8
9	14
19	16
15	17
4	20
27	24
3	13
6	21
19	22
18	25
# tree 482
0	5
5	2
0	1
2	6
1	3
6	26
6	12
3	18
3	19
26	4
12	9
18	15
19	11
1	10
19	27
4	23
18	7
3	8
9	14
19	16
15	17
4	20
11	22
3	13
6	21
3	24
18	25
# tree 483
0	5
5	2
0	1
2	6
1	3
6	26
6	12
3	18
3	19
26	4
12	9
18	15
19	11
1	27
1	10
4	23
18	7
3	8
9	14
19	16
15	17
4	20
11	22
27	24
3	13
6	21
18	25
# tree 484
0	5
5	2
0	1
2	6
1	3
6	26
6	12
3	18
3	19
26	4
12	9
18	15
19	11
3	27
1	10
4	23
18	7
3	8
9	14
19	16
15	17
4	20
11	22
27	24
3	13
6	21
18	25
# tree 485
0	5
5	2
0	1
2	6
1	3
6	26
6	12
3	18
3	19
26	4
12	9
18	15
19	11
19	27
1	10
4	23
3	8
9	14
19	16
15	17
4	20
11	22
27	24
3	13
6	21
18	25
3	7
# tree 486
0	5
5	2
0	1
2	6
1	3
6	26
6	12
3	18
26	4
3	19
12	9
18	15
4	23
1	10
19	27
19	11
18	7
3	8
9	14
19	16
15	17
4	20
23	21
3	13
19	22
3	24
18	25
# tree 487
0	5
5	2
0	1
2	6
1	3
6	26
6	12
3	18
26	4
3	19
12	9
18	15
4	23
1	27
1	10
19	11
18	7
3	8
9	14
19	16
15	17
4	20
23	21
27	24
3	13
19	22
18	25
# tree 488
0	5
5	2
0	1
2	6
1	3
6	26
6	12
3	18
26	4
3	19
12	9
18	15
4	23
3	27
1	10
19	11
18	7
3	8
9	14
19	16
15	17
4	20
23	21
27	24
3	13
19	22
18	25
# tree 489
0	5
5	2
0	1
2	6
1	3
6	26
6	12
3	18
26	4
3	19
12	9
18	15
4	23
19	27
1	10
19	11
3	8
9	14
19	16
15	17
4	20
23	21
27	24
3	13
19	22
18	25
3	7
# tree 490
0	5
5	2
0	1
2	6
1	3
6	26
6	12
3	18
26	4
3	19
12	9
18	15
4	23
19	11
1	10
18	7
3	8
9	14
19	16
15	17
4	20
23	21
11	22
3	13
3	24
18	25
1	27
# tree 491
0	5
5	2
0	1
2	6
1	3
6	26
6	12
3	18
26	4
3	19
12	9
18	15
4	23
19	11
1	10
18	7
3	8
9	14
19	16
15	17
4	20
23	21
11	22
3	13
3	24
18	25
3	27
# tree 492
0	5
5	2
0	1
2	6
1	3
6	26
6	12
3	18
26	4
3	19
12	9
18	15
4	23
19	11
1	10
19	27
3	8
9	14
19	16
15	17
4	20
23	21
11	22
3	13
3	24
18	25
3	7
# tree 493
0	5
5	2
0	1
2	6
1	3
6	26
6	12
3	18
26	4
3	19
12	9
18	15
4	23
19	11
3	27
1	10
3	8
9	14
19	16
15	17
4	20
23	21
11	22
27	24
3	13
18	25
3	7
# tree 494
0	5
5	2
0	1
2	6
1	3
6	26
6	12
3	18
3	19
26	4
12	9
18	15
1	10
19	27
19	11
4	23
18	7
3	8
18	13
9	14
19	16
15	17
4	20
6	21
19	22
3	24
18	25
# tree 495
0	5
5	2
0	1
2	6
1	3
6	26
6	12
3	18
3	19
26	4
12	9
18	15
1	10
19	11
4	23
18	7
3	8
18	13
9	14
19	16
15	17
4	20
10	25
6	21
19	22
3	24
1	27
# tree 496
0	5
5	2
0	1
2	6
1	3
6	26
6	12
3	18
3	19
26	4
12	9
18	15
1	10
19	11
4	23
18	7
3	8
18	13
9	14
19	16
15	17
4	20
10	25
6	21
19	22
3	24
3	27
# tree 497
0	5
5	2
0	1
2	6
1	3
6	26
6	12
3	18
3	19
26	4
12	9
18	15
1	10
19	27
19	11
4	23
3	8
18	13
9	14
19	16
15	17
4	20
10	25
6	21
19	22
3	24
3	7
# tree 498
0	5
5	2
0	1
2	6
1	3
6	26
6	12
3	18
3	19
26	4
12	9
18	15
1	27
1	10
19	11
4	23
18	7
3	8
18	13
9	14
19	16
15	17
4	20
27	24
6	21
19	22
18	25
# tree 499
0	5
5	2
0	1
2	6
1	3
6	26
6	12
3	18
3	19
26	4
12	9
18	15
3	27
1	10
19	11
4	23
18	7
3	8
18	13
9	14
19	16
15	17
4	20
27	24
6	21
19	22
18	25
# tree 500
0	5
5	2
0	1
2	6
1	3
6	26
6	12
3	18
3	19
26	4
12	9
18	15
19	27
1	10
19	11
4	23
3	8
18	13
9	14
19	16
15	17
4	20
27	24
6	21
19	22
18	25
3	7
# tree 501
0	5
5	2
0	1
2	6
1	3
6	26
6	12
3	18
3	19
26	4
12	9
18	15
3	27
1	10
19	11
4	23
3	8
18	13
9	14
19	16
15	17
4	20
27	24
10	25
6	21
19	22
3	7
# tree 502
0	5
5	2
0	1
2	6
1	3
6	26
6	12
3	18
3	19
26	4
12	9
18	15
19	11
1	10
4	23
18	7
3	8
18	13
9	14
19	16
15	17
4	20
11	22
6	21
3	24
18	25
1	27
# tree 503
0	5
5	2
0	1
2	6
1	3
6	26
6	12
3	18
3	19
26	4
12	9
18	15
19	11
1	10
4	23
18	7
3	8
18	13
9	14
19	16
15	17
4	20
11	22
6	21
3	24
18	25
3	27
# tree 504
0	5
5	2
0	1
2	6
1	3
6	26
6	12
3	18
3	19
26	4
12	9
18	15
19	11
1	10
19	27
4	23
3	8
18	13
9	14
19	16
15	17
4	20
11	22
6	21
3	24
18	25
3	7
# tree 505
0	5
5	2
0	1
2	6
1	3
6	26
6	12
3	18
3	19
26	4
12	9
18	15
19	11
1	10
4	23
3	8
18	13
9	14
19	16
15	17
4	20
11	22
10	25
6	21
3	24
3	27
3	7
# tree 506
0	5
5	2
0	1
2	6
1	3
6	26
6	12
3	18
3	19
26	4
12	9
18	15
19	11
3	27
1	10
4	23
3	8
18	13
9	14
19	16
15	17
4	20
11	22
27	24
6	21
18	25
3	7
# tree 507
0	5
5	2
0	1
2	6
1	3
6	26
6	12
3	18
26	4
3	19
12	9
18	15
4	23
1	10
19	11
18	7
3	8
18	13
9	14
19	16
15	17
4	20
23	21
19	22
3	24
18	25
1	27
# tree 508
0	5
5	2
0	1
2	6
1	3
6	26
6	12
3	18
26	4
3	19
12	9
18	15
4	23
1	10
19	11
18	7
3	8
18	13
9	14
19	16
15	17
4	20
23	21
19	22
3	24
18	25
3	27
# tree 509
0	5
5	2
0	1
2	6
1	3
6	26
6	12
3	18
26	4
3	19
12	9
18	15
4	23
1	10
19	27
19	11
3	8
18	13
9	14
19	16
15	17
4	20
23	21
19	22
3	24
18	25
3	7
# tree 510
0	5
5	2
0	1
2	6
1	3
6	26
6	12
3	18
26	4
3	19
12	9
18	15
4	23
1	10
19	11
3	8
18	13
9	14
19	16
15	17
4	20
23	21
10	25
19	22
3	24
3	27
3	7
# tree 511
0	5
5	2
0	1
2	6
1	3
6	26
6	12
3	18
26	4
3	19
12	9
18	15
4	23
3	27
1	10
19	11
3	8
18	13
9	14
19	16
15	17
4	20
23	21
27	24
19	22
18	25
3	7
# tree 512
0	5
5	2
0	1
2	6
1	3
6	26
6	12
3	18
26	4
3	19
12	9
18	15
4	23
19	11
1	10
3	8
18	13
9	14
19	16
15	17
4	20
23	21
11	22
3	24
18	25
3	27
3	7
# tree 513
0	5
5	2
0	1
1	3
2	6
3	19
6	26
6	12
3	18
19	27
26	4
12	9
18	15
1	10
27	11
4	23
18	7
3	8
9	14
19	16
15	17
4	20
3	13
6	21
19	22
3	24
18	25
# tree 514
0	5
5	2
0	1
1	3
2	6
6	26
6	12
3	18
1	27
26	4
12	9
3	19
18	15
1	10
27	11
4	23
18	7
3	8
9	14
19	16
15	17
4	20
27	24
3	13
6	21
19	22
18	25
# tree 515
0	5
5	2
0	1
1	3
2	6
6	26
6	12
3	18
3	27
26	4
12	9
3	19
18	15
1	10
27	11
4	23
18	7
3	8
9	14
19	16
15	17
4	20
27	24
3	13
6	21
19	22
18	25
# tree 516
0	5
5	2
0	1
1	3
2	6
3	19
6	26
6	12
3	18
19	27
26	4
12	9
18	15
1	10
27	11
4	23
3	8
9	14
19	16
15	17
4	20
27	24
3	13
6	21
19	22
18	25
3	7
# tree 517
0	5
5	2
0	1
1	3
2	6
6	26
6	12
3	18
1	27
26	4
12	9
3	19
18	15
27	11
1	10
4	23
18	7
3	8
9	14
19	16
15	17
4	20
11	22
3	13
6	21
3	24
18	25
# tree 518
0	5
5	2
0	1
1	3
2	6
6	26
6	12
3	18
3	27
26	4
12	9
3	19
18	15
27	11
1	10
4	23
18	7
3	8
9	14
19	16
15	17
4	20
11	22
3	13
6	21
3	24
18	25
# tree 519
0	5
5	2
0	1
1	3
2	6
3	19
6	26
6	12
3	18
19	27
26	4
12	9
18	15
27	11
1	10
4	23
3	8
9	14
19	16
15	17
4	20
11	22
3	13
6	21
3	24
18	25
3	7
# tree 520
0	5
5	2
0	1
2	6
1	3
6	26
6	12
3	18
3	27
26	4
12	9
3	19
18	15
27	11
1	10
4	23
3	8
9	14
19	16
15	17
4	20
11	22
27	24
3	13
6	21
18	25
3	7
# tree 521
0	5
5	2
0	1
2	6
1	3
6	26
6	12
3	18
26	4
1	27
12	9
3	19
18	15
4	23
1	10
27	11
18	7
3	8
9	14
19	16
15	17
4	20
23	21
3	13
19	22
3	24
18	25
# tree 522
0	5
5	2
0	1
2	6
1	3
6	26
6	12
3	18
26	4
3	27
12	9
3	19
18	15
4	23
1	10
27	11
18	7
3	8
9	14
19	16
15	17
4	20
23	21
3	13
19	22
3	24
18	25
# tree 523
0	5
5	2
0	1
2	6
1	3
6	26
3	19
6	12
3	18
26	4
19	27
12	9
18	15
4	23
1	10
27	11
3	8
9	14
19	16
15	17
4	20
23	21
3	13
19	22
3	24
18	25
3	7
# tree 524
0	5
5	2
0	1
2	6
1	3
6	26
6	12
3	18
26	4
3	27
12	9
3	19
18	15
4	23
1	10
27	11
3	8
9	14
19	16
15	17
4	20
23	21
27	24
3	13
19	22
18	25
3	7
# tree 525
0	5
5	2
0	1
2	6
1	3
6	26
6	12
3	18
26	4
3	27
12	9
3	19
18	15
4	23
27	11
1	10
3	8
9	14
19	16
15	17
4	20
23	21
11	22
3	13
3	24
18	25
3	7
# tree 526
0	5
5	2
0	1
1	3
2	6
3	19
6	26
6	12
3	18
19	27
26	4
12	9
18	15
3	24
1	10
27	11
4	23
18	7
3	8
18	13
9	14
15	17
4	20
24	16
6	21
19	22
18	25
# tree 527
0	5
5	2
0	1
1	3
2	6
6	26
6	12
3	18
1	27
26	4
12	9
18	15
1	10
3	24
3	19
27	11
4	23
18	7
3	8
18	13
9	14
15	17
4	20
10	25
24	16
6	21
19	22
# tree 528
0	5
5	2
0	1
1	3
2	6
6	26
6	12
3	18
3	27
26	4
12	9
18	15
1	10
3	24
3	19
27	11
4	23
18	7
3	8
18	13
9	14
15	17
4	20
10	25
24	16
6	21
19	22
# tree 529
0	5
5	2
0	1
1	3
2	6
3	19
6	26
6	12
3	18
19	27
26	4
12	9
18	15
1	10
3	24
27	11
4	23
3	8
18	13
9	14
15	17
4	20
10	25
24	16
6	21
19	22
3	7
# tree 530
0	5
5	2
0	1
1	3
2	6
6	26
6	12
3	18
1	27
26	4
12	9
18	15
27	24
3	19
1	10
27	11
4	23
18	7
3	8
18	13
9	14
15	17
4	20
24	16
6	21
19	22
18	25
# tree 531
0	5
5	2
0	1
1	3
2	6
6	26
6	12
3	18
3	27
26	4
12	9
18	15
27	24
3	19
1	10
27	11
4	23
18	7
3	8
18	13
9	14
15	17
4	20
24	16
6	21
19	22
18	25
# tree 532
0	5
5	2
0	1
1	3
2	6
3	19
6	26
6	12
3	18
19	27
26	4
12	9
18	15
27	24
1	10
27	11
4	23
3	8
18	13
9	14
15	17
4	20
24	16
6	21
19	22
18	25
3	7
# tree 533
0	5
5	2
0	1
2	6
1	3
6	26
6	12
3	18
3	27
26	4
12	9
18	15
1	10
27	24
3	19
27	11
4	23
3	8
18	13
9	14
15	17
4	20
10	25
24	16
6	21
19	22
3	7
# tree 534
0	5
5	2
0	1
1	3
2	6
6	26
6	12
3	18
1	27
26	4
12	9
18	15
27	11
3	24
3	19
1	10
4	23
18	7
3	8
18	13
9	14
15	17
4	20
11	22
24	16
6	21
18	25
# tree 535
0	5
5	2
0	1
1	3
2	6
6	26
6	12
3	18
3	27
26	4
12	9
18	15
27	11
3	24
3	19
1	10
4	23
18	7
3	8
18	13
9	14
15	17
4	20
11	22
24	16
6	21
18	25
# tree 536
0	5
5	2
0	1
1	3
2	6
3	19
6	26
6	12
3	18
19	27
26	4
12	9
18	15
27	11
3	24
1	10
4	23
3	8
18	13
9	14
15	17
4	20
11	22
24	16
6	21
18	25
3	7
# tree 537
0	5
5	2
0	1
2	6
1	3
6	26
6	12
3	18
3	27
26	4
12	9
18	15
27	11
1	10
3	24
3	19
4	23
3	8
18	13
9	14
15	17
4	20
11	22
10	25
24	16
6	21
3	7
# tree 538
0	5
5	2
0	1
2	6
1	3
6	26
6	12
3	18
3	27
26	4
12	9
18	15
27	11
27	24
3	19
1	10
4	23
3	8
18	13
9	14
15	17
4	20
11	22
24	16
6	21
18	25
3	7
# tree 539
0	5
5	2
0	1
2	6
1	3
6	26
6	12
3	18
26	4
1	27
12	9
18	15
4	23
3	24
3	19
1	10
27	11
18	7
3	8
18	13
9	14
15	17
4	20
23	21
24	16
19	22
18	25
# tree 540
0	5
5	2
0	1
2	6
1	3
6	26
6	12
3	18
26	4
3	27
12	9
18	15
4	23
3	24
3	19
1	10
27	11
18	7
3	8
18	13
9	14
15	17
4	20
23	21
24	16
19	22
18	25
# tree 541
0	5
5	2
0	1
2	6
1	3
6	26
3	19
6	12
3	18
26	4
19	27
12	9
18	15
4	23
3	24
1	10
27	11
3	8
18	13
9	14
15	17
4	20
23	21
24	16
19	22
18	25
3	7
# tree 542
0	5
5	2
0	1
2	6
1	3
6	26
6	12
3	18
26	4
3	27
12	9
18	15
4	23
1	10
3	24
3	19
27	11
3	8
18	13
9	14
15	17
4	20
23	21
10	25
24	16
19	22
3	7
# tree 543
0	5
5	2
0	1
2	6
1	3
6	26
6	12
3	18
26	4
3	27
12	9
18	15
4	23
27	24
3	19
1	10
27	11
3	8
18	13
9	14
15	17
4	20
23	21
24	16
19	22
18	25
3	7
# tree 544
0	5
5	2
0	1
2	6
1	3
6	26
6	12
3	18
26	4
3	27
12	9
18	15
4	23
27	11
3	24
3	19
1	10
3	8
18	13
9	14
15	17
4	20
23	21
11	22
24	16
18	25
3	7
# tree 545
0	5
0	1
5	2
1	3
2	6
6	26
6	12
3	18
1	27
26	4
12	9
3	19
18	15
1	10
27	11
4	23
18	7
3	8
18	13
9	14
19	16
15	17
4	20
6	21
19	22
3	24
18	25
# tree 546
0	5
0	1
5	2
1	3
2	6
6	26
6	12
3	18
3	27
26	4
12	9
3	19
18	15
1	10
27	11
4	23
18	7
3	8
18	13
9	14
19	16
15	17
4	20
6	21
19	22
3	24
18	25
# tree 547
0	5
0	1
5	2
1	3
2	6
3	19
6	26
6	12
3	18
19	27
26	4
12	9
18	15
1	10
27	11
4	23
3	8
18	13
9	14
19	16
15	17
4	20
6	21
19	22
3	24
18	25
3	7
# tree 548
0	5
0	1
5	2
2	6
1	3
6	26
6	12
3	18
3	27
26	4
12	9
3	19
18	15
1	10
27	11
4	23
3	8
18	13
9	14
19	16
15	17
4	20
10	25
6	21
19	22
3	24
3	7
# tree 549
0	5
0	1
5	2
2	6
1	3
6	26
6	12
3	18
3	27
26	4
12	9
3	19
18	15
1	10
27	11
4	23
3	8
18	13
9	14
19	16
15	17
4	20
27	24
6	21
19	22
18	25
3	7
# tree 550
0	5
0	1
5	2
2	6
1	3
6	26
6	12
3	18
3	27
26	4
12	9
3	19
18	15
27	11
1	10
4	23
3	8
18	13
9	14
19	16
15	17
4	20
11	22
6	21
3	24
18	25
3	7
# tree 551
0	5
5	2
0	1
2	6
1	3
6	26
6	12
3	18
26	4
3	27
12	9
3	19
18	15
4	23
1	10
27	11
3	8
18	13
9	14
19	16
15	17
4	20
23	21
19	22
3	24
18	25
3	7
