### 273 trees
# tree 1
17	1
19	2
0	3
2	4
7	5
3	7
14	9
29	11
37	13
31	14
35	16
3	17
4	18
0	19
32	20
22	21
14	22
34	23
26	24
24	25
18	26
16	27
14	29
2	31
33	32
13	33
9	34
4	35
7	37
1	6
21	8
5	10
11	12
23	15
20	28
25	30
27	36
# tree 2
3	17
0	19
19	2
3	7
0	3
31	14
14	29
7	37
2	31
4	35
2	4
33	32
14	22
9	34
18	26
26	24
4	18
35	16
13	33
37	13
14	9
17	1
7	5
29	11
34	23
32	20
24	25
16	27
22	21
1	6
5	10
11	12
23	15
20	28
25	30
27	36
31	8
# tree 3
3	17
0	19
19	2
3	7
0	3
31	14
14	29
7	37
2	31
4	35
2	4
33	32
14	22
9	34
18	26
26	24
4	18
35	16
13	33
37	13
14	9
17	1
7	5
29	11
34	23
32	20
24	25
16	27
22	21
1	6
5	10
11	12
23	15
20	28
25	30
27	36
22	8
# tree 4
3	17
0	19
19	2
3	7
0	3
31	14
14	29
7	37
2	31
4	35
2	4
33	32
14	22
9	34
18	26
26	24
4	18
35	16
13	33
37	13
14	9
17	1
7	5
29	11
34	23
32	20
24	25
16	27
22	21
1	6
5	10
11	12
23	15
20	28
25	30
27	36
2	8
# tree 5
3	17
0	19
19	2
3	7
0	3
31	14
14	29
7	37
2	31
4	35
2	4
14	22
9	34
18	26
26	24
4	18
35	16
13	33
37	13
14	9
17	1
22	21
7	5
29	11
34	23
33	20
24	25
16	27
33	32
1	6
21	8
5	10
11	12
23	15
20	28
25	30
27	36
# tree 6
3	17
0	19
19	2
3	7
0	3
31	14
14	29
7	37
2	31
4	35
2	4
33	32
14	22
18	26
26	24
4	18
35	16
13	33
37	13
14	9
17	1
22	21
7	5
29	11
9	23
32	20
24	25
16	27
9	34
1	6
21	8
5	10
11	12
23	15
20	28
25	30
27	36
# tree 7
3	17
0	19
19	2
3	7
0	3
31	14
14	29
7	37
2	31
4	35
2	4
33	32
14	22
9	34
18	26
26	24
4	18
35	16
13	33
37	13
14	9
17	1
22	21
7	5
29	11
34	23
24	25
16	27
32	20
1	6
21	8
5	10
11	12
23	15
25	30
27	36
37	28
# tree 8
3	17
0	19
19	2
3	7
0	3
31	14
14	29
7	37
2	31
4	35
2	4
33	32
14	22
9	34
18	26
26	24
4	18
35	16
13	33
37	13
14	9
17	1
22	21
7	5
29	11
34	23
24	25
16	27
32	20
1	6
21	8
5	10
11	12
23	15
25	30
27	36
32	28
# tree 9
3	17
0	19
19	2
3	7
0	3
31	14
14	29
7	37
2	31
4	35
2	4
33	32
14	22
9	34
18	26
26	24
4	18
35	16
13	33
37	13
14	9
17	1
22	21
7	5
29	11
34	23
24	25
16	27
32	20
1	6
21	8
5	10
11	12
23	15
25	30
27	36
33	28
# tree 10
3	17
0	19
19	2
3	7
0	3
31	14
14	29
7	37
2	31
4	35
2	4
33	32
14	22
9	34
18	26
26	24
4	18
35	16
13	33
37	13
14	9
17	1
22	21
7	5
29	11
34	23
24	25
16	27
32	20
1	6
21	8
5	10
11	12
23	15
25	30
27	36
13	28
# tree 11
3	17
0	19
19	2
3	7
0	3
31	14
14	29
7	37
2	31
4	35
2	4
33	32
14	22
9	34
18	26
26	24
4	18
35	16
13	33
37	13
14	9
17	1
22	21
7	5
29	11
34	23
24	25
16	27
32	20
1	6
21	8
5	10
11	12
23	15
25	30
27	36
7	28
# tree 12
3	17
0	19
19	2
3	7
0	3
31	14
14	29
7	37
2	31
4	35
2	4
33	32
14	22
9	34
18	26
26	24
4	18
35	16
13	33
37	13
14	9
17	1
22	21
7	5
29	11
34	23
32	20
16	27
24	25
1	6
21	8
5	10
11	12
23	15
20	28
27	36
26	30
# tree 13
3	17
0	19
19	2
3	7
0	3
31	14
14	29
7	37
2	31
4	35
2	4
33	32
14	22
9	34
18	26
26	24
4	18
35	16
13	33
37	13
14	9
17	1
22	21
7	5
29	11
34	23
32	20
16	27
24	25
1	6
21	8
5	10
11	12
23	15
20	28
27	36
24	30
# tree 14
3	17
0	19
19	2
3	7
0	3
31	14
14	29
7	37
2	31
4	35
2	4
33	32
14	22
9	34
18	26
26	24
4	18
35	16
13	33
37	13
14	9
17	1
22	21
7	5
29	11
34	23
32	20
16	27
24	25
1	6
21	8
5	10
11	12
23	15
20	28
27	36
18	30
# tree 15
3	17
0	19
19	2
3	7
0	3
31	14
14	29
7	37
2	31
4	35
2	4
13	32
14	22
9	34
18	26
26	24
4	18
35	16
37	13
14	9
17	1
22	21
7	5
29	11
34	23
32	20
24	25
16	27
13	33
1	6
21	8
5	10
11	12
23	15
20	28
25	30
27	36
# tree 16
3	17
0	19
19	2
3	7
0	3
31	14
14	29
7	37
2	31
4	35
2	4
33	32
14	22
9	34
18	26
26	24
4	18
35	16
13	33
37	13
14	9
17	1
22	21
7	5
29	11
34	23
32	20
24	25
16	27
1	6
21	8
5	10
11	12
23	15
20	28
25	30
29	36
# tree 17
3	17
0	19
19	2
3	7
0	3
31	14
14	29
7	37
2	31
4	35
2	4
33	32
14	22
9	34
18	26
26	24
4	18
35	16
13	33
37	13
14	9
17	1
22	21
7	5
29	11
34	23
32	20
24	25
16	27
1	6
21	8
5	10
11	12
23	15
20	28
25	30
16	36
# tree 18
0	3
0	19
2	31
31	14
3	7
19	2
2	4
13	33
14	9
4	18
18	26
4	35
37	13
7	37
3	17
14	29
9	34
26	24
35	16
14	22
17	1
7	5
29	11
34	23
33	20
24	25
16	27
33	32
22	21
1	6
5	10
11	12
23	15
20	28
25	30
27	36
2	8
# tree 19
0	3
0	19
2	31
31	14
3	7
19	2
2	4
13	33
14	9
4	18
18	26
4	35
37	13
7	37
3	17
14	29
33	32
26	24
35	16
14	22
17	1
7	5
29	11
9	23
32	20
24	25
16	27
9	34
22	21
1	6
5	10
11	12
23	15
20	28
25	30
27	36
2	8
# tree 20
0	3
0	19
2	31
31	14
3	7
19	2
2	4
13	33
14	9
4	18
18	26
4	35
37	13
7	37
3	17
14	29
9	34
33	32
26	24
35	16
14	22
17	1
7	5
29	11
34	23
24	25
16	27
32	20
22	21
1	6
5	10
11	12
23	15
25	30
27	36
2	8
37	28
# tree 21
0	3
0	19
2	31
31	14
3	7
19	2
2	4
13	33
14	9
4	18
18	26
4	35
37	13
7	37
3	17
14	29
9	34
33	32
26	24
35	16
14	22
17	1
7	5
29	11
34	23
24	25
16	27
32	20
22	21
1	6
5	10
11	12
23	15
25	30
27	36
2	8
32	28
# tree 22
0	3
0	19
2	31
31	14
3	7
19	2
2	4
13	33
14	9
4	18
18	26
4	35
37	13
7	37
3	17
14	29
9	34
33	32
26	24
35	16
14	22
17	1
7	5
29	11
34	23
24	25
16	27
32	20
22	21
1	6
5	10
11	12
23	15
25	30
27	36
2	8
33	28
# tree 23
0	3
0	19
2	31
31	14
3	7
19	2
2	4
13	33
14	9
4	18
18	26
4	35
37	13
7	37
3	17
14	29
9	34
33	32
26	24
35	16
14	22
17	1
7	5
29	11
34	23
24	25
16	27
32	20
22	21
1	6
5	10
11	12
23	15
25	30
27	36
2	8
13	28
# tree 24
0	3
0	19
2	31
31	14
3	7
19	2
2	4
13	33
14	9
4	18
18	26
4	35
37	13
7	37
3	17
14	29
9	34
33	32
26	24
35	16
14	22
17	1
7	5
29	11
34	23
24	25
16	27
32	20
22	21
1	6
5	10
11	12
23	15
25	30
27	36
2	8
7	28
# tree 25
0	3
0	19
2	31
31	14
3	7
19	2
2	4
13	33
14	9
4	18
18	26
4	35
37	13
7	37
3	17
14	29
9	34
33	32
26	24
35	16
14	22
17	1
7	5
29	11
34	23
32	20
16	27
24	25
22	21
1	6
5	10
11	12
23	15
20	28
27	36
2	8
26	30
# tree 26
0	3
0	19
2	31
31	14
3	7
19	2
2	4
13	33
14	9
4	18
18	26
4	35
37	13
7	37
3	17
14	29
9	34
33	32
26	24
35	16
14	22
17	1
7	5
29	11
34	23
32	20
16	27
24	25
22	21
1	6
5	10
11	12
23	15
20	28
27	36
2	8
24	30
# tree 27
0	3
0	19
2	31
31	14
3	7
19	2
2	4
13	33
14	9
4	18
18	26
4	35
37	13
7	37
3	17
14	29
9	34
33	32
26	24
35	16
14	22
17	1
7	5
29	11
34	23
32	20
16	27
24	25
22	21
1	6
5	10
11	12
23	15
20	28
27	36
2	8
18	30
# tree 28
0	3
0	19
2	31
31	14
3	7
19	2
2	4
14	9
4	18
18	26
4	35
37	13
7	37
3	17
14	29
9	34
13	32
26	24
35	16
14	22
17	1
7	5
29	11
34	23
32	20
24	25
16	27
13	33
22	21
1	6
5	10
11	12
23	15
20	28
25	30
27	36
2	8
# tree 29
0	3
0	19
2	31
31	14
3	7
19	2
2	4
13	33
14	9
4	18
18	26
4	35
37	13
7	37
3	17
14	29
9	34
33	32
26	24
35	16
14	22
17	1
7	5
29	11
34	23
32	20
24	25
16	27
22	21
1	6
5	10
11	12
23	15
20	28
25	30
2	8
35	36
# tree 30
0	3
0	19
2	31
31	14
3	7
19	2
2	4
13	33
14	9
4	18
18	26
4	35
37	13
7	37
3	17
14	29
9	34
33	32
26	24
35	16
14	22
17	1
7	5
29	11
34	23
32	20
24	25
16	27
22	21
1	6
5	10
11	12
23	15
20	28
25	30
2	8
16	36
# tree 31
0	3
0	19
2	31
31	14
3	7
19	2
2	4
13	33
14	9
4	18
18	26
4	35
37	13
7	37
3	17
14	22
14	29
9	34
33	32
26	24
35	16
17	1
22	21
7	5
29	11
34	23
32	20
24	25
16	27
1	6
21	8
5	10
11	12
23	15
20	28
25	30
35	36
# tree 32
0	3
0	19
2	31
31	14
3	7
19	2
2	4
14	9
4	18
18	26
4	35
37	13
7	37
3	17
14	22
14	29
13	33
26	24
35	16
17	1
22	21
7	5
29	11
9	23
33	20
24	25
16	27
9	34
33	32
1	6
21	8
5	10
11	12
23	15
20	28
25	30
27	36
# tree 33
0	3
0	19
2	31
31	14
3	7
19	2
2	4
14	9
4	18
18	26
4	35
37	13
7	37
3	17
14	22
14	29
9	34
13	33
26	24
35	16
17	1
22	21
7	5
29	11
34	23
24	25
16	27
33	20
33	32
1	6
21	8
5	10
11	12
23	15
25	30
27	36
37	28
# tree 34
0	3
0	19
2	31
31	14
3	7
19	2
2	4
14	9
4	18
18	26
4	35
37	13
7	37
3	17
14	22
14	29
9	34
13	33
26	24
35	16
17	1
22	21
7	5
29	11
34	23
24	25
16	27
33	32
33	20
1	6
21	8
5	10
11	12
23	15
25	30
27	36
32	28
# tree 35
0	3
0	19
2	31
31	14
3	7
19	2
2	4
14	9
4	18
18	26
4	35
37	13
7	37
3	17
14	22
14	29
9	34
13	33
26	24
35	16
17	1
22	21
7	5
29	11
34	23
24	25
16	27
33	20
33	32
1	6
21	8
5	10
11	12
23	15
25	30
27	36
33	28
# tree 36
0	3
0	19
2	31
31	14
3	7
19	2
2	4
14	9
4	18
18	26
4	35
37	13
7	37
3	17
14	22
14	29
9	34
13	33
26	24
35	16
17	1
22	21
7	5
29	11
34	23
24	25
16	27
33	20
33	32
1	6
21	8
5	10
11	12
23	15
25	30
27	36
13	28
# tree 37
0	3
0	19
2	31
31	14
3	7
19	2
2	4
14	9
4	18
18	26
4	35
37	13
7	37
3	17
14	22
14	29
9	34
13	33
26	24
35	16
17	1
22	21
7	5
29	11
34	23
24	25
16	27
33	20
33	32
1	6
21	8
5	10
11	12
23	15
25	30
27	36
7	28
# tree 38
0	3
0	19
2	31
31	14
3	7
19	2
2	4
14	9
4	18
18	26
4	35
37	13
7	37
3	17
14	22
14	29
9	34
13	33
26	24
35	16
17	1
22	21
7	5
29	11
34	23
33	20
16	27
24	25
33	32
1	6
21	8
5	10
11	12
23	15
20	28
27	36
26	30
# tree 39
0	3
0	19
2	31
31	14
3	7
19	2
2	4
14	9
4	18
18	26
4	35
37	13
7	37
3	17
14	22
14	29
9	34
13	33
26	24
35	16
17	1
22	21
7	5
29	11
34	23
33	20
16	27
24	25
33	32
1	6
21	8
5	10
11	12
23	15
20	28
27	36
24	30
# tree 40
0	3
0	19
2	31
31	14
3	7
19	2
2	4
14	9
4	18
18	26
4	35
37	13
7	37
3	17
14	22
14	29
9	34
13	33
26	24
35	16
17	1
22	21
7	5
29	11
34	23
33	20
16	27
24	25
33	32
1	6
21	8
5	10
11	12
23	15
20	28
27	36
18	30
# tree 41
0	3
0	19
2	31
31	14
3	7
19	2
2	4
14	9
4	18
18	26
4	35
37	13
7	37
3	17
14	22
14	29
9	34
13	33
26	24
35	16
17	1
22	21
7	5
29	11
34	23
33	20
24	25
16	27
1	6
21	8
5	10
11	12
23	15
20	28
25	30
27	36
13	32
# tree 42
0	3
0	19
2	31
31	14
3	7
19	2
2	4
14	9
4	18
18	26
4	35
37	13
7	37
3	17
14	22
14	29
9	34
13	33
26	24
35	16
17	1
22	21
7	5
29	11
34	23
33	20
24	25
16	27
33	32
1	6
21	8
5	10
11	12
23	15
20	28
25	30
35	36
# tree 43
0	3
0	19
2	31
31	14
3	7
19	2
2	4
14	9
4	18
18	26
4	35
37	13
7	37
3	17
14	22
14	29
9	34
13	33
26	24
35	16
17	1
22	21
7	5
29	11
34	23
33	20
24	25
16	27
33	32
1	6
21	8
5	10
11	12
23	15
20	28
25	30
16	36
# tree 44
0	3
0	19
2	31
31	14
3	7
19	2
2	4
13	33
4	18
18	26
4	35
37	13
7	37
3	17
14	22
14	29
14	9
33	32
26	24
35	16
17	1
22	21
7	5
29	11
9	23
24	25
16	27
32	20
9	34
1	6
21	8
5	10
11	12
23	15
25	30
27	36
37	28
# tree 45
0	3
0	19
2	31
31	14
3	7
19	2
2	4
13	33
4	18
18	26
4	35
37	13
7	37
3	17
14	22
14	29
14	9
33	32
26	24
35	16
17	1
22	21
7	5
29	11
9	23
24	25
16	27
32	20
9	34
1	6
21	8
5	10
11	12
23	15
25	30
27	36
32	28
# tree 46
0	3
0	19
2	31
31	14
3	7
19	2
2	4
13	33
4	18
18	26
4	35
37	13
7	37
3	17
14	22
14	29
14	9
33	32
26	24
35	16
17	1
22	21
7	5
29	11
9	23
24	25
16	27
32	20
9	34
1	6
21	8
5	10
11	12
23	15
25	30
27	36
33	28
# tree 47
0	3
0	19
2	31
31	14
3	7
19	2
2	4
13	33
4	18
18	26
4	35
37	13
7	37
3	17
14	22
14	29
14	9
33	32
26	24
35	16
17	1
22	21
7	5
29	11
9	23
24	25
16	27
32	20
9	34
1	6
21	8
5	10
11	12
23	15
25	30
27	36
13	28
# tree 48
0	3
0	19
2	31
31	14
3	7
19	2
2	4
13	33
4	18
18	26
4	35
37	13
7	37
3	17
14	22
14	29
14	9
33	32
26	24
35	16
17	1
22	21
7	5
29	11
9	23
24	25
16	27
32	20
9	34
1	6
21	8
5	10
11	12
23	15
25	30
27	36
7	28
# tree 49
0	3
0	19
2	31
31	14
3	7
19	2
2	4
13	33
4	18
18	26
4	35
37	13
7	37
3	17
14	22
14	29
14	9
33	32
26	24
35	16
17	1
22	21
7	5
29	11
9	23
32	20
16	27
24	25
9	34
1	6
21	8
5	10
11	12
23	15
20	28
27	36
26	30
# tree 50
0	3
0	19
2	31
31	14
3	7
19	2
2	4
13	33
4	18
18	26
4	35
37	13
7	37
3	17
14	22
14	29
14	9
33	32
26	24
35	16
17	1
22	21
7	5
29	11
9	23
32	20
16	27
24	25
9	34
1	6
21	8
5	10
11	12
23	15
20	28
27	36
24	30
# tree 51
0	3
0	19
2	31
31	14
3	7
19	2
2	4
13	33
4	18
18	26
4	35
37	13
7	37
3	17
14	22
14	29
14	9
33	32
26	24
35	16
17	1
22	21
7	5
29	11
9	23
32	20
16	27
24	25
9	34
1	6
21	8
5	10
11	12
23	15
20	28
27	36
18	30
# tree 52
0	3
0	19
2	31
31	14
3	7
19	2
2	4
4	18
18	26
4	35
37	13
7	37
3	17
14	22
14	29
14	9
13	32
26	24
35	16
17	1
22	21
7	5
29	11
9	23
32	20
24	25
16	27
13	33
9	34
1	6
21	8
5	10
11	12
23	15
20	28
25	30
27	36
# tree 53
0	3
0	19
2	31
31	14
3	7
19	2
2	4
13	33
4	18
18	26
4	35
37	13
7	37
3	17
14	22
14	29
14	9
33	32
26	24
35	16
17	1
22	21
7	5
29	11
9	23
32	20
24	25
16	27
9	34
1	6
21	8
5	10
11	12
23	15
20	28
25	30
35	36
# tree 54
0	3
0	19
2	31
31	14
3	7
19	2
2	4
13	33
4	18
18	26
4	35
37	13
7	37
3	17
14	22
14	29
14	9
33	32
26	24
35	16
17	1
22	21
7	5
29	11
9	23
32	20
24	25
16	27
9	34
1	6
21	8
5	10
11	12
23	15
20	28
25	30
16	36
# tree 55
0	3
0	19
2	31
31	14
3	7
19	2
2	4
13	33
14	9
4	18
18	26
4	35
37	13
7	37
3	17
14	22
14	29
9	34
26	24
35	16
33	32
17	1
22	21
7	5
29	11
34	23
16	27
24	25
32	20
1	6
21	8
5	10
11	12
23	15
27	36
7	28
26	30
# tree 56
0	3
0	19
2	31
31	14
3	7
19	2
2	4
13	33
14	9
4	18
18	26
4	35
37	13
7	37
3	17
14	22
14	29
9	34
26	24
35	16
33	32
17	1
22	21
7	5
29	11
34	23
16	27
24	25
32	20
1	6
21	8
5	10
11	12
23	15
27	36
7	28
24	30
# tree 57
0	3
0	19
2	31
31	14
3	7
19	2
2	4
13	33
14	9
4	18
18	26
4	35
37	13
7	37
3	17
14	22
14	29
9	34
26	24
35	16
33	32
17	1
22	21
7	5
29	11
34	23
16	27
24	25
32	20
1	6
21	8
5	10
11	12
23	15
27	36
7	28
18	30
# tree 58
0	3
0	19
2	31
31	14
3	7
19	2
2	4
14	9
4	18
18	26
4	35
37	13
7	37
3	17
14	22
14	29
9	34
26	24
35	16
13	32
17	1
22	21
7	5
29	11
34	23
24	25
16	27
13	33
32	20
1	6
21	8
5	10
11	12
23	15
25	30
27	36
7	28
# tree 59
0	3
0	19
2	31
31	14
3	7
19	2
2	4
13	33
14	9
4	18
18	26
4	35
37	13
7	37
3	17
14	22
14	29
9	34
26	24
35	16
33	32
17	1
22	21
7	5
29	11
34	23
24	25
16	27
32	20
1	6
21	8
5	10
11	12
23	15
25	30
7	28
35	36
# tree 60
0	3
0	19
2	31
31	14
3	7
19	2
2	4
13	33
14	9
4	18
18	26
4	35
37	13
7	37
3	17
14	22
14	29
9	34
26	24
35	16
33	32
17	1
22	21
7	5
29	11
34	23
24	25
16	27
32	20
1	6
21	8
5	10
11	12
23	15
25	30
7	28
16	36
# tree 61
0	3
0	19
2	31
31	14
3	7
19	2
2	4
14	9
4	18
18	26
4	35
37	13
7	37
3	17
14	22
14	29
9	34
13	32
35	16
26	24
17	1
22	21
7	5
29	11
34	23
32	20
16	27
13	33
24	25
1	6
21	8
5	10
11	12
23	15
20	28
27	36
18	30
# tree 62
0	3
0	19
2	31
31	14
3	7
19	2
2	4
13	33
14	9
4	18
18	26
4	35
37	13
7	37
3	17
14	22
14	29
9	34
33	32
35	16
26	24
17	1
22	21
7	5
29	11
34	23
32	20
16	27
24	25
1	6
21	8
5	10
11	12
23	15
20	28
18	30
35	36
# tree 63
0	3
0	19
2	31
31	14
3	7
19	2
2	4
13	33
14	9
4	18
18	26
4	35
37	13
7	37
3	17
14	22
14	29
9	34
33	32
35	16
26	24
17	1
22	21
7	5
29	11
34	23
32	20
16	27
24	25
1	6
21	8
5	10
11	12
23	15
20	28
18	30
16	36
# tree 64
19	2
2	31
0	3
0	19
37	13
31	14
2	4
4	18
7	37
3	7
14	9
18	26
4	35
3	17
14	29
13	33
26	24
35	16
14	22
17	1
7	5
29	11
9	23
33	20
24	25
16	27
9	34
33	32
22	21
1	6
5	10
11	12
23	15
20	28
25	30
27	36
2	8
# tree 65
19	2
2	31
0	3
0	19
37	13
31	14
2	4
4	18
7	37
3	7
14	9
18	26
4	35
3	17
14	29
9	34
13	33
26	24
35	16
14	22
17	1
7	5
29	11
34	23
24	25
16	27
33	20
33	32
22	21
1	6
5	10
11	12
23	15
25	30
27	36
2	8
37	28
# tree 66
19	2
2	31
0	3
0	19
37	13
31	14
2	4
4	18
7	37
3	7
14	9
18	26
4	35
3	17
14	29
9	34
13	33
26	24
35	16
14	22
17	1
7	5
29	11
34	23
24	25
16	27
33	32
33	20
22	21
1	6
5	10
11	12
23	15
25	30
27	36
2	8
32	28
# tree 67
19	2
2	31
0	3
0	19
37	13
31	14
2	4
4	18
7	37
3	7
14	9
18	26
4	35
3	17
14	29
9	34
13	33
26	24
35	16
14	22
17	1
7	5
29	11
34	23
24	25
16	27
33	20
33	32
22	21
1	6
5	10
11	12
23	15
25	30
27	36
2	8
33	28
# tree 68
19	2
2	31
0	3
0	19
37	13
31	14
2	4
4	18
7	37
3	7
14	9
18	26
4	35
3	17
14	29
9	34
13	33
26	24
35	16
14	22
17	1
7	5
29	11
34	23
24	25
16	27
33	20
33	32
22	21
1	6
5	10
11	12
23	15
25	30
27	36
2	8
13	28
# tree 69
19	2
2	31
0	3
0	19
37	13
31	14
2	4
4	18
7	37
3	7
14	9
18	26
4	35
3	17
14	29
9	34
13	33
26	24
35	16
14	22
17	1
7	5
29	11
34	23
24	25
16	27
33	20
33	32
22	21
1	6
5	10
11	12
23	15
25	30
27	36
2	8
7	28
# tree 70
19	2
2	31
0	3
0	19
37	13
31	14
2	4
4	18
7	37
3	7
14	9
18	26
4	35
3	17
14	29
9	34
13	33
26	24
35	16
14	22
17	1
7	5
29	11
34	23
33	20
16	27
24	25
33	32
22	21
1	6
5	10
11	12
23	15
20	28
27	36
2	8
26	30
# tree 71
19	2
2	31
0	3
0	19
37	13
31	14
2	4
4	18
7	37
3	7
14	9
18	26
4	35
3	17
14	29
9	34
13	33
26	24
35	16
14	22
17	1
7	5
29	11
34	23
33	20
16	27
24	25
33	32
22	21
1	6
5	10
11	12
23	15
20	28
27	36
2	8
24	30
# tree 72
19	2
2	31
0	3
0	19
37	13
31	14
2	4
4	18
7	37
3	7
14	9
18	26
4	35
3	17
14	29
9	34
13	33
26	24
35	16
14	22
17	1
7	5
29	11
34	23
33	20
16	27
24	25
33	32
22	21
1	6
5	10
11	12
23	15
20	28
27	36
2	8
18	30
# tree 73
19	2
2	31
0	3
0	19
37	13
31	14
2	4
4	18
7	37
3	7
14	9
18	26
4	35
3	17
14	29
9	34
13	33
26	24
35	16
14	22
17	1
7	5
29	11
34	23
33	20
24	25
16	27
22	21
1	6
5	10
11	12
23	15
20	28
25	30
27	36
2	8
13	32
# tree 74
19	2
2	31
0	3
0	19
37	13
31	14
2	4
4	18
7	37
3	7
14	9
18	26
4	35
3	17
14	29
9	34
13	33
26	24
35	16
14	22
17	1
7	5
29	11
34	23
33	20
24	25
16	27
33	32
22	21
1	6
5	10
11	12
23	15
20	28
25	30
2	8
35	36
# tree 75
19	2
2	31
0	3
0	19
37	13
31	14
2	4
4	18
7	37
3	7
14	9
18	26
4	35
3	17
14	29
9	34
13	33
26	24
35	16
14	22
17	1
7	5
29	11
34	23
33	20
24	25
16	27
33	32
22	21
1	6
5	10
11	12
23	15
20	28
25	30
2	8
16	36
# tree 76
19	2
2	31
0	3
0	19
37	13
31	14
2	4
4	18
7	37
3	7
13	33
18	26
4	35
3	17
14	29
14	9
33	32
26	24
35	16
14	22
17	1
7	5
29	11
9	23
24	25
16	27
32	20
9	34
22	21
1	6
5	10
11	12
23	15
25	30
27	36
2	8
37	28
# tree 77
19	2
2	31
0	3
0	19
37	13
31	14
2	4
4	18
7	37
3	7
13	33
18	26
4	35
3	17
14	29
14	9
33	32
26	24
35	16
14	22
17	1
7	5
29	11
9	23
24	25
16	27
32	20
9	34
22	21
1	6
5	10
11	12
23	15
25	30
27	36
2	8
32	28
# tree 78
19	2
2	31
0	3
0	19
37	13
31	14
2	4
4	18
7	37
3	7
13	33
18	26
4	35
3	17
14	29
14	9
33	32
26	24
35	16
14	22
17	1
7	5
29	11
9	23
24	25
16	27
32	20
9	34
22	21
1	6
5	10
11	12
23	15
25	30
27	36
2	8
33	28
# tree 79
19	2
2	31
0	3
0	19
37	13
31	14
2	4
4	18
7	37
3	7
13	33
18	26
4	35
3	17
14	29
14	9
33	32
26	24
35	16
14	22
17	1
7	5
29	11
9	23
24	25
16	27
32	20
9	34
22	21
1	6
5	10
11	12
23	15
25	30
27	36
2	8
13	28
# tree 80
19	2
2	31
0	3
0	19
37	13
31	14
2	4
4	18
7	37
3	7
13	33
18	26
4	35
3	17
14	29
14	9
33	32
26	24
35	16
14	22
17	1
7	5
29	11
9	23
24	25
16	27
32	20
9	34
22	21
1	6
5	10
11	12
23	15
25	30
27	36
2	8
7	28
# tree 81
19	2
2	31
0	3
0	19
37	13
31	14
2	4
4	18
7	37
3	7
13	33
18	26
4	35
3	17
14	29
14	9
33	32
26	24
35	16
14	22
17	1
7	5
29	11
9	23
32	20
16	27
24	25
9	34
22	21
1	6
5	10
11	12
23	15
20	28
27	36
2	8
26	30
# tree 82
19	2
2	31
0	3
0	19
37	13
31	14
2	4
4	18
7	37
3	7
13	33
18	26
4	35
3	17
14	29
14	9
33	32
26	24
35	16
14	22
17	1
7	5
29	11
9	23
32	20
16	27
24	25
9	34
22	21
1	6
5	10
11	12
23	15
20	28
27	36
2	8
24	30
# tree 83
19	2
2	31
0	3
0	19
37	13
31	14
2	4
4	18
7	37
3	7
13	33
18	26
4	35
3	17
14	29
14	9
33	32
26	24
35	16
14	22
17	1
7	5
29	11
9	23
32	20
16	27
24	25
9	34
22	21
1	6
5	10
11	12
23	15
20	28
27	36
2	8
18	30
# tree 84
19	2
2	31
0	3
0	19
37	13
31	14
2	4
4	18
7	37
3	7
18	26
4	35
3	17
14	29
14	9
13	32
26	24
35	16
14	22
17	1
7	5
29	11
9	23
32	20
24	25
16	27
13	33
9	34
22	21
1	6
5	10
11	12
23	15
20	28
25	30
27	36
2	8
# tree 85
19	2
2	31
0	3
0	19
37	13
31	14
2	4
4	18
7	37
3	7
13	33
18	26
4	35
3	17
14	29
14	9
33	32
26	24
35	16
14	22
17	1
7	5
29	11
9	23
32	20
24	25
16	27
9	34
22	21
1	6
5	10
11	12
23	15
20	28
25	30
2	8
35	36
# tree 86
19	2
2	31
0	3
0	19
37	13
31	14
2	4
4	18
7	37
3	7
13	33
18	26
4	35
3	17
14	29
14	9
33	32
26	24
35	16
14	22
17	1
7	5
29	11
9	23
32	20
24	25
16	27
9	34
22	21
1	6
5	10
11	12
23	15
20	28
25	30
2	8
16	36
# tree 87
19	2
2	31
0	3
0	19
37	13
31	14
2	4
4	18
7	37
3	7
14	9
13	33
18	26
4	35
3	17
14	29
9	34
26	24
35	16
33	32
14	22
17	1
7	5
29	11
34	23
16	27
24	25
32	20
22	21
1	6
5	10
11	12
23	15
27	36
2	8
7	28
26	30
# tree 88
19	2
2	31
0	3
0	19
37	13
31	14
2	4
4	18
7	37
3	7
14	9
13	33
18	26
4	35
3	17
14	29
9	34
26	24
35	16
33	32
14	22
17	1
7	5
29	11
34	23
16	27
24	25
32	20
22	21
1	6
5	10
11	12
23	15
27	36
2	8
7	28
24	30
# tree 89
19	2
2	31
0	3
0	19
37	13
31	14
2	4
4	18
7	37
3	7
14	9
13	33
18	26
4	35
3	17
14	29
9	34
26	24
35	16
33	32
14	22
17	1
7	5
29	11
34	23
16	27
24	25
32	20
22	21
1	6
5	10
11	12
23	15
27	36
2	8
7	28
18	30
# tree 90
19	2
2	31
0	3
0	19
37	13
31	14
2	4
4	18
7	37
3	7
14	9
18	26
4	35
3	17
14	29
9	34
26	24
35	16
13	32
14	22
17	1
7	5
29	11
34	23
24	25
16	27
13	33
32	20
22	21
1	6
5	10
11	12
23	15
25	30
27	36
2	8
7	28
# tree 91
19	2
2	31
0	3
0	19
37	13
31	14
2	4
4	18
7	37
3	7
14	9
13	33
18	26
4	35
3	17
14	29
9	34
26	24
35	16
33	32
14	22
17	1
7	5
29	11
34	23
24	25
16	27
32	20
22	21
1	6
5	10
11	12
23	15
25	30
2	8
7	28
35	36
# tree 92
19	2
2	31
0	3
0	19
37	13
31	14
2	4
4	18
7	37
3	7
14	9
13	33
18	26
4	35
3	17
14	29
9	34
26	24
35	16
33	32
14	22
17	1
7	5
29	11
34	23
24	25
16	27
32	20
22	21
1	6
5	10
11	12
23	15
25	30
2	8
7	28
16	36
# tree 93
19	2
2	31
0	3
0	19
37	13
31	14
2	4
4	18
7	37
3	7
14	9
18	26
4	35
3	17
14	29
9	34
13	32
35	16
26	24
14	22
17	1
7	5
29	11
34	23
32	20
16	27
13	33
24	25
22	21
1	6
5	10
11	12
23	15
20	28
27	36
2	8
18	30
# tree 94
19	2
2	31
0	3
0	19
37	13
31	14
2	4
4	18
7	37
3	7
14	9
13	33
18	26
4	35
3	17
14	29
9	34
33	32
35	16
26	24
14	22
17	1
7	5
29	11
34	23
32	20
16	27
24	25
22	21
1	6
5	10
11	12
23	15
20	28
2	8
18	30
35	36
# tree 95
19	2
2	31
0	3
0	19
37	13
31	14
2	4
4	18
7	37
3	7
14	9
13	33
18	26
4	35
3	17
14	29
9	34
33	32
35	16
26	24
14	22
17	1
7	5
29	11
34	23
32	20
16	27
24	25
22	21
1	6
5	10
11	12
23	15
20	28
2	8
18	30
16	36
# tree 96
19	2
2	31
0	3
0	19
31	14
2	4
4	18
7	37
3	7
14	9
37	13
18	26
4	35
3	17
14	29
9	34
13	32
26	24
35	16
14	22
17	1
7	5
29	11
34	23
32	20
24	25
16	27
13	33
22	21
1	6
5	10
11	12
23	15
20	28
25	30
2	8
35	36
# tree 97
19	2
2	31
0	3
0	19
31	14
2	4
4	18
7	37
3	7
14	9
37	13
18	26
4	35
3	17
14	29
9	34
13	32
26	24
35	16
14	22
17	1
7	5
29	11
34	23
32	20
24	25
16	27
13	33
22	21
1	6
5	10
11	12
23	15
20	28
25	30
2	8
16	36
# tree 98
19	2
2	31
0	3
0	19
31	14
2	4
4	18
7	37
3	7
14	9
37	13
18	26
4	35
3	17
14	22
14	29
9	34
13	32
26	24
35	16
17	1
22	21
7	5
29	11
34	23
32	20
24	25
16	27
13	33
1	6
21	8
5	10
11	12
23	15
20	28
25	30
35	36
# tree 99
19	2
2	31
0	3
0	19
31	14
2	4
4	18
7	37
3	7
14	9
37	13
18	26
4	35
3	17
14	22
14	29
9	34
13	32
26	24
35	16
17	1
22	21
7	5
29	11
34	23
32	20
24	25
16	27
13	33
1	6
21	8
5	10
11	12
23	15
20	28
25	30
16	36
# tree 100
19	2
2	31
0	3
0	19
37	13
31	14
2	4
4	18
7	37
3	7
14	9
18	26
4	35
3	17
14	22
14	29
9	34
13	32
35	16
26	24
17	1
22	21
7	5
29	11
34	23
32	20
16	27
13	33
24	25
1	6
21	8
5	10
11	12
23	15
20	28
27	36
24	30
# tree 101
19	2
2	31
0	3
0	19
37	13
31	14
2	4
4	18
7	37
3	7
14	9
13	33
18	26
4	35
3	17
14	22
14	29
9	34
33	32
35	16
26	24
17	1
22	21
7	5
29	11
34	23
32	20
16	27
24	25
1	6
21	8
5	10
11	12
23	15
20	28
24	30
35	36
# tree 102
19	2
2	31
0	3
0	19
37	13
31	14
2	4
4	18
7	37
3	7
14	9
13	33
18	26
4	35
3	17
14	22
14	29
9	34
33	32
35	16
26	24
17	1
22	21
7	5
29	11
34	23
32	20
16	27
24	25
1	6
21	8
5	10
11	12
23	15
20	28
24	30
16	36
# tree 103
19	2
2	31
0	3
0	19
31	14
2	4
4	18
7	37
3	7
37	13
18	26
4	35
3	17
14	22
14	29
14	9
13	33
26	24
35	16
17	1
22	21
7	5
29	11
9	23
24	25
16	27
33	20
9	34
33	32
1	6
21	8
5	10
11	12
23	15
25	30
27	36
37	28
# tree 104
19	2
2	31
0	3
0	19
31	14
2	4
4	18
7	37
3	7
37	13
18	26
4	35
3	17
14	22
14	29
14	9
13	33
26	24
35	16
17	1
22	21
7	5
29	11
9	23
24	25
16	27
33	32
33	20
9	34
1	6
21	8
5	10
11	12
23	15
25	30
27	36
32	28
# tree 105
19	2
2	31
0	3
0	19
31	14
2	4
4	18
7	37
3	7
37	13
18	26
4	35
3	17
14	22
14	29
14	9
13	33
26	24
35	16
17	1
22	21
7	5
29	11
9	23
24	25
16	27
33	20
9	34
33	32
1	6
21	8
5	10
11	12
23	15
25	30
27	36
33	28
# tree 106
19	2
2	31
0	3
0	19
31	14
2	4
4	18
7	37
3	7
37	13
18	26
4	35
3	17
14	22
14	29
14	9
13	33
26	24
35	16
17	1
22	21
7	5
29	11
9	23
24	25
16	27
33	20
9	34
33	32
1	6
21	8
5	10
11	12
23	15
25	30
27	36
13	28
# tree 107
19	2
2	31
0	3
0	19
31	14
2	4
4	18
7	37
3	7
37	13
18	26
4	35
3	17
14	22
14	29
14	9
13	33
26	24
35	16
17	1
22	21
7	5
29	11
9	23
24	25
16	27
33	20
9	34
33	32
1	6
21	8
5	10
11	12
23	15
25	30
27	36
7	28
# tree 108
19	2
2	31
0	3
0	19
31	14
2	4
4	18
7	37
3	7
37	13
18	26
4	35
3	17
14	22
14	29
14	9
13	33
26	24
35	16
17	1
22	21
7	5
29	11
9	23
33	20
16	27
24	25
9	34
33	32
1	6
21	8
5	10
11	12
23	15
20	28
27	36
26	30
# tree 109
19	2
2	31
0	3
0	19
31	14
2	4
4	18
7	37
3	7
37	13
18	26
4	35
3	17
14	22
14	29
14	9
13	33
26	24
35	16
17	1
22	21
7	5
29	11
9	23
33	20
16	27
24	25
9	34
33	32
1	6
21	8
5	10
11	12
23	15
20	28
27	36
24	30
# tree 110
19	2
2	31
0	3
0	19
31	14
2	4
4	18
7	37
3	7
37	13
18	26
4	35
3	17
14	22
14	29
14	9
13	33
26	24
35	16
17	1
22	21
7	5
29	11
9	23
33	20
16	27
24	25
9	34
33	32
1	6
21	8
5	10
11	12
23	15
20	28
27	36
18	30
# tree 111
19	2
2	31
0	3
0	19
31	14
2	4
4	18
7	37
3	7
37	13
18	26
4	35
3	17
14	22
14	29
14	9
13	33
26	24
35	16
17	1
22	21
7	5
29	11
9	23
33	20
24	25
16	27
9	34
1	6
21	8
5	10
11	12
23	15
20	28
25	30
27	36
13	32
# tree 112
19	2
2	31
0	3
0	19
31	14
2	4
4	18
7	37
3	7
37	13
18	26
4	35
3	17
14	22
14	29
14	9
13	33
26	24
35	16
17	1
22	21
7	5
29	11
9	23
33	20
24	25
16	27
9	34
33	32
1	6
21	8
5	10
11	12
23	15
20	28
25	30
35	36
# tree 113
19	2
2	31
0	3
0	19
31	14
2	4
4	18
7	37
3	7
37	13
18	26
4	35
3	17
14	22
14	29
14	9
13	33
26	24
35	16
17	1
22	21
7	5
29	11
9	23
33	20
24	25
16	27
9	34
33	32
1	6
21	8
5	10
11	12
23	15
20	28
25	30
16	36
# tree 114
19	2
2	31
0	3
0	19
31	14
2	4
4	18
7	37
3	7
14	9
37	13
18	26
4	35
3	17
14	22
14	29
9	34
26	24
35	16
13	33
17	1
22	21
7	5
29	11
34	23
16	27
24	25
33	20
33	32
1	6
21	8
5	10
11	12
23	15
27	36
7	28
26	30
# tree 115
19	2
2	31
0	3
0	19
31	14
2	4
4	18
7	37
3	7
14	9
37	13
18	26
4	35
3	17
14	22
14	29
9	34
26	24
35	16
13	33
17	1
22	21
7	5
29	11
34	23
16	27
24	25
33	20
33	32
1	6
21	8
5	10
11	12
23	15
27	36
7	28
24	30
# tree 116
19	2
2	31
0	3
0	19
31	14
2	4
4	18
7	37
3	7
14	9
37	13
18	26
4	35
3	17
14	22
14	29
9	34
26	24
35	16
13	33
17	1
22	21
7	5
29	11
34	23
16	27
24	25
33	20
33	32
1	6
21	8
5	10
11	12
23	15
27	36
7	28
18	30
# tree 117
19	2
2	31
0	3
0	19
31	14
2	4
4	18
7	37
3	7
14	9
37	13
18	26
4	35
3	17
14	22
14	29
9	34
26	24
35	16
13	33
17	1
22	21
7	5
29	11
34	23
24	25
16	27
33	20
1	6
21	8
5	10
11	12
23	15
25	30
27	36
7	28
13	32
# tree 118
19	2
2	31
0	3
0	19
31	14
2	4
4	18
7	37
3	7
14	9
37	13
18	26
4	35
3	17
14	22
14	29
9	34
26	24
35	16
13	33
17	1
22	21
7	5
29	11
34	23
24	25
16	27
33	20
33	32
1	6
21	8
5	10
11	12
23	15
25	30
7	28
35	36
# tree 119
19	2
2	31
0	3
0	19
31	14
2	4
4	18
7	37
3	7
14	9
37	13
18	26
4	35
3	17
14	22
14	29
9	34
26	24
35	16
13	33
17	1
22	21
7	5
29	11
34	23
24	25
16	27
33	20
33	32
1	6
21	8
5	10
11	12
23	15
25	30
7	28
16	36
# tree 120
19	2
2	31
0	3
0	19
31	14
2	4
4	18
7	37
3	7
14	9
37	13
18	26
4	35
3	17
14	22
14	29
9	34
13	33
35	16
26	24
17	1
22	21
7	5
29	11
34	23
33	20
16	27
24	25
1	6
21	8
5	10
11	12
23	15
20	28
27	36
18	30
13	32
# tree 121
19	2
2	31
0	3
0	19
31	14
2	4
4	18
7	37
3	7
14	9
37	13
18	26
4	35
3	17
14	22
14	29
9	34
13	33
35	16
26	24
17	1
22	21
7	5
29	11
34	23
33	20
16	27
24	25
33	32
1	6
21	8
5	10
11	12
23	15
20	28
18	30
35	36
# tree 122
19	2
2	31
0	3
0	19
31	14
2	4
4	18
7	37
3	7
14	9
37	13
18	26
4	35
3	17
14	22
14	29
9	34
13	33
35	16
26	24
17	1
22	21
7	5
29	11
34	23
33	20
16	27
24	25
33	32
1	6
21	8
5	10
11	12
23	15
20	28
18	30
16	36
# tree 123
19	2
2	31
0	3
0	19
31	14
2	4
4	18
7	37
3	7
14	9
37	13
18	26
4	35
3	17
14	22
14	29
9	34
13	33
26	24
35	16
17	1
22	21
7	5
29	11
34	23
33	20
24	25
16	27
1	6
21	8
5	10
11	12
23	15
20	28
25	30
13	32
35	36
# tree 124
19	2
2	31
0	3
0	19
31	14
2	4
4	18
7	37
3	7
14	9
37	13
18	26
4	35
3	17
14	22
14	29
9	34
13	33
26	24
35	16
17	1
22	21
7	5
29	11
34	23
33	20
24	25
16	27
1	6
21	8
5	10
11	12
23	15
20	28
25	30
13	32
16	36
# tree 125
19	2
2	31
0	3
0	19
37	13
2	4
4	18
7	37
3	7
31	14
13	33
18	26
4	35
3	17
14	22
14	29
14	9
26	24
35	16
33	32
17	1
22	21
7	5
29	11
9	23
16	27
24	25
32	20
9	34
1	6
21	8
5	10
11	12
23	15
27	36
7	28
26	30
# tree 126
19	2
2	31
0	3
0	19
37	13
2	4
4	18
7	37
3	7
31	14
13	33
18	26
4	35
3	17
14	22
14	29
14	9
26	24
35	16
33	32
17	1
22	21
7	5
29	11
9	23
16	27
24	25
32	20
9	34
1	6
21	8
5	10
11	12
23	15
27	36
7	28
24	30
# tree 127
19	2
2	31
0	3
0	19
37	13
2	4
4	18
7	37
3	7
31	14
13	33
18	26
4	35
3	17
14	22
14	29
14	9
26	24
35	16
33	32
17	1
22	21
7	5
29	11
9	23
16	27
24	25
32	20
9	34
1	6
21	8
5	10
11	12
23	15
27	36
7	28
18	30
# tree 128
19	2
2	31
0	3
0	19
37	13
2	4
4	18
7	37
3	7
31	14
18	26
4	35
3	17
14	22
14	29
14	9
26	24
35	16
13	32
17	1
22	21
7	5
29	11
9	23
24	25
16	27
13	33
32	20
9	34
1	6
21	8
5	10
11	12
23	15
25	30
27	36
7	28
# tree 129
19	2
2	31
0	3
0	19
37	13
2	4
4	18
7	37
3	7
31	14
13	33
18	26
4	35
3	17
14	22
14	29
14	9
26	24
35	16
33	32
17	1
22	21
7	5
29	11
9	23
24	25
16	27
32	20
9	34
1	6
21	8
5	10
11	12
23	15
25	30
7	28
35	36
# tree 130
19	2
2	31
0	3
0	19
37	13
2	4
4	18
7	37
3	7
31	14
13	33
18	26
4	35
3	17
14	22
14	29
14	9
26	24
35	16
33	32
17	1
22	21
7	5
29	11
9	23
24	25
16	27
32	20
9	34
1	6
21	8
5	10
11	12
23	15
25	30
7	28
16	36
# tree 131
19	2
2	31
0	3
0	19
37	13
2	4
4	18
7	37
3	7
31	14
18	26
4	35
3	17
14	22
14	29
14	9
13	32
35	16
26	24
17	1
22	21
7	5
29	11
9	23
32	20
16	27
13	33
24	25
9	34
1	6
21	8
5	10
11	12
23	15
20	28
27	36
18	30
# tree 132
19	2
2	31
0	3
0	19
37	13
2	4
4	18
7	37
3	7
31	14
13	33
18	26
4	35
3	17
14	22
14	29
14	9
33	32
35	16
26	24
17	1
22	21
7	5
29	11
9	23
32	20
16	27
24	25
9	34
1	6
21	8
5	10
11	12
23	15
20	28
18	30
35	36
# tree 133
19	2
2	31
0	3
0	19
37	13
2	4
4	18
7	37
3	7
31	14
13	33
18	26
4	35
3	17
14	22
14	29
14	9
33	32
35	16
26	24
17	1
22	21
7	5
29	11
9	23
32	20
16	27
24	25
9	34
1	6
21	8
5	10
11	12
23	15
20	28
18	30
16	36
# tree 134
19	2
2	31
0	3
0	19
2	4
4	18
7	37
3	7
31	14
37	13
18	26
4	35
3	17
14	22
14	29
14	9
13	32
26	24
35	16
17	1
22	21
7	5
29	11
9	23
32	20
24	25
16	27
13	33
9	34
1	6
21	8
5	10
11	12
23	15
20	28
25	30
35	36
# tree 135
19	2
2	31
0	3
0	19
2	4
4	18
7	37
3	7
31	14
37	13
18	26
4	35
3	17
14	22
14	29
14	9
13	32
26	24
35	16
17	1
22	21
7	5
29	11
9	23
32	20
24	25
16	27
13	33
9	34
1	6
21	8
5	10
11	12
23	15
20	28
25	30
16	36
# tree 136
19	2
2	31
0	3
0	19
37	13
31	14
2	4
4	18
7	37
3	7
14	9
18	26
4	35
3	17
14	22
14	29
9	34
35	16
26	24
13	32
17	1
22	21
7	5
29	11
34	23
16	27
13	33
24	25
32	20
1	6
21	8
5	10
11	12
23	15
27	36
7	28
18	30
# tree 137
19	2
2	31
0	3
0	19
37	13
31	14
2	4
4	18
7	37
3	7
14	9
18	26
4	35
13	33
3	17
14	22
14	29
9	34
35	16
26	24
33	32
17	1
22	21
7	5
29	11
34	23
16	27
24	25
32	20
1	6
21	8
5	10
11	12
23	15
7	28
18	30
35	36
# tree 138
19	2
2	31
0	3
0	19
37	13
31	14
2	4
4	18
7	37
3	7
14	9
18	26
4	35
13	33
3	17
14	22
14	29
9	34
35	16
26	24
33	32
17	1
22	21
7	5
29	11
34	23
16	27
24	25
32	20
1	6
21	8
5	10
11	12
23	15
7	28
18	30
16	36
# tree 139
19	2
2	31
0	3
0	19
31	14
2	4
4	18
7	37
3	7
14	9
18	26
4	35
37	13
3	17
14	22
14	29
9	34
26	24
35	16
13	32
17	1
22	21
7	5
29	11
34	23
24	25
16	27
13	33
32	20
1	6
21	8
5	10
11	12
23	15
25	30
7	28
35	36
# tree 140
19	2
2	31
0	3
0	19
31	14
2	4
4	18
7	37
3	7
14	9
18	26
4	35
37	13
3	17
14	22
14	29
9	34
26	24
35	16
13	32
17	1
22	21
7	5
29	11
34	23
24	25
16	27
13	33
32	20
1	6
21	8
5	10
11	12
23	15
25	30
7	28
16	36
# tree 141
19	2
2	31
0	3
0	19
31	14
2	4
4	18
7	37
3	7
14	9
37	13
4	35
18	26
3	17
14	22
14	29
9	34
13	32
35	16
26	24
17	1
22	21
7	5
29	11
34	23
32	20
16	27
13	33
24	25
1	6
21	8
5	10
11	12
23	15
20	28
18	30
35	36
# tree 142
19	2
2	31
0	3
0	19
31	14
2	4
4	18
7	37
3	7
14	9
37	13
4	35
18	26
3	17
14	22
14	29
9	34
13	32
35	16
26	24
17	1
22	21
7	5
29	11
34	23
32	20
16	27
13	33
24	25
1	6
21	8
5	10
11	12
23	15
20	28
18	30
16	36
# tree 143
0	19
19	2
7	37
2	31
2	4
3	7
0	3
31	14
4	18
37	13
18	26
4	35
3	17
14	29
14	9
13	33
26	24
35	16
14	22
17	1
7	5
29	11
9	23
24	25
16	27
33	20
9	34
33	32
22	21
1	6
5	10
11	12
23	15
25	30
27	36
2	8
37	28
# tree 144
0	19
19	2
7	37
2	31
2	4
3	7
0	3
31	14
4	18
37	13
18	26
4	35
3	17
14	29
14	9
13	33
26	24
35	16
14	22
17	1
7	5
29	11
9	23
24	25
16	27
33	32
33	20
9	34
22	21
1	6
5	10
11	12
23	15
25	30
27	36
2	8
32	28
# tree 145
0	19
19	2
7	37
2	31
2	4
3	7
0	3
31	14
4	18
37	13
18	26
4	35
3	17
14	29
14	9
13	33
26	24
35	16
14	22
17	1
7	5
29	11
9	23
24	25
16	27
33	20
9	34
33	32
22	21
1	6
5	10
11	12
23	15
25	30
27	36
2	8
33	28
# tree 146
0	19
19	2
7	37
2	31
2	4
3	7
0	3
31	14
4	18
37	13
18	26
4	35
3	17
14	29
14	9
13	33
26	24
35	16
14	22
17	1
7	5
29	11
9	23
24	25
16	27
33	20
9	34
33	32
22	21
1	6
5	10
11	12
23	15
25	30
27	36
2	8
13	28
# tree 147
0	19
19	2
7	37
2	31
2	4
3	7
0	3
31	14
4	18
37	13
18	26
4	35
3	17
14	29
14	9
13	33
26	24
35	16
14	22
17	1
7	5
29	11
9	23
24	25
16	27
33	20
9	34
33	32
22	21
1	6
5	10
11	12
23	15
25	30
27	36
2	8
7	28
# tree 148
0	19
19	2
7	37
2	31
2	4
3	7
0	3
31	14
4	18
37	13
18	26
4	35
3	17
14	29
14	9
13	33
26	24
35	16
14	22
17	1
7	5
29	11
9	23
33	20
16	27
24	25
9	34
33	32
22	21
1	6
5	10
11	12
23	15
20	28
27	36
2	8
26	30
# tree 149
0	19
19	2
7	37
2	31
2	4
3	7
0	3
31	14
4	18
37	13
18	26
4	35
3	17
14	29
14	9
13	33
26	24
35	16
14	22
17	1
7	5
29	11
9	23
33	20
16	27
24	25
9	34
33	32
22	21
1	6
5	10
11	12
23	15
20	28
27	36
2	8
24	30
# tree 150
0	19
19	2
7	37
2	31
2	4
3	7
0	3
31	14
4	18
37	13
18	26
4	35
3	17
14	29
14	9
13	33
26	24
35	16
14	22
17	1
7	5
29	11
9	23
33	20
16	27
24	25
9	34
33	32
22	21
1	6
5	10
11	12
23	15
20	28
27	36
2	8
18	30
# tree 151
0	19
19	2
7	37
2	31
2	4
3	7
0	3
31	14
4	18
37	13
18	26
4	35
3	17
14	29
14	9
13	33
26	24
35	16
14	22
17	1
7	5
29	11
9	23
33	20
24	25
16	27
9	34
22	21
1	6
5	10
11	12
23	15
20	28
25	30
27	36
2	8
13	32
# tree 152
0	19
19	2
7	37
2	31
2	4
3	7
0	3
31	14
4	18
37	13
18	26
4	35
3	17
14	29
14	9
13	33
26	24
35	16
14	22
17	1
7	5
29	11
9	23
33	20
24	25
16	27
9	34
33	32
22	21
1	6
5	10
11	12
23	15
20	28
25	30
2	8
35	36
# tree 153
0	19
19	2
7	37
2	31
2	4
3	7
0	3
31	14
4	18
37	13
18	26
4	35
3	17
14	29
14	9
13	33
26	24
35	16
14	22
17	1
7	5
29	11
9	23
33	20
24	25
16	27
9	34
33	32
22	21
1	6
5	10
11	12
23	15
20	28
25	30
2	8
16	36
# tree 154
0	19
19	2
7	37
2	31
2	4
3	7
0	3
31	14
4	18
14	9
37	13
18	26
4	35
3	17
14	29
9	34
26	24
35	16
13	33
14	22
17	1
7	5
29	11
34	23
16	27
24	25
33	20
33	32
22	21
1	6
5	10
11	12
23	15
27	36
2	8
7	28
26	30
# tree 155
0	19
19	2
7	37
2	31
2	4
3	7
0	3
31	14
4	18
14	9
37	13
18	26
4	35
3	17
14	29
9	34
26	24
35	16
13	33
14	22
17	1
7	5
29	11
34	23
16	27
24	25
33	20
33	32
22	21
1	6
5	10
11	12
23	15
27	36
2	8
7	28
24	30
# tree 156
0	19
19	2
7	37
2	31
2	4
3	7
0	3
31	14
4	18
14	9
37	13
18	26
4	35
3	17
14	29
9	34
26	24
35	16
13	33
14	22
17	1
7	5
29	11
34	23
16	27
24	25
33	20
33	32
22	21
1	6
5	10
11	12
23	15
27	36
2	8
7	28
18	30
# tree 157
0	19
19	2
7	37
2	31
2	4
3	7
0	3
31	14
4	18
14	9
37	13
18	26
4	35
3	17
14	29
9	34
26	24
35	16
13	33
14	22
17	1
7	5
29	11
34	23
24	25
16	27
33	20
22	21
1	6
5	10
11	12
23	15
25	30
27	36
2	8
7	28
13	32
# tree 158
0	19
19	2
7	37
2	31
2	4
3	7
0	3
31	14
4	18
14	9
37	13
18	26
4	35
3	17
14	29
9	34
26	24
35	16
13	33
14	22
17	1
7	5
29	11
34	23
24	25
16	27
33	20
33	32
22	21
1	6
5	10
11	12
23	15
25	30
2	8
7	28
35	36
# tree 159
0	19
19	2
7	37
2	31
2	4
3	7
0	3
31	14
4	18
14	9
37	13
18	26
4	35
3	17
14	29
9	34
26	24
35	16
13	33
14	22
17	1
7	5
29	11
34	23
24	25
16	27
33	20
33	32
22	21
1	6
5	10
11	12
23	15
25	30
2	8
7	28
16	36
# tree 160
0	19
19	2
7	37
2	31
2	4
3	7
0	3
31	14
4	18
14	9
37	13
18	26
4	35
3	17
14	29
9	34
13	33
35	16
26	24
14	22
17	1
7	5
29	11
34	23
33	20
16	27
24	25
22	21
1	6
5	10
11	12
23	15
20	28
27	36
2	8
18	30
13	32
# tree 161
0	19
19	2
7	37
2	31
2	4
3	7
0	3
31	14
4	18
14	9
37	13
18	26
4	35
3	17
14	29
9	34
13	33
35	16
26	24
14	22
17	1
7	5
29	11
34	23
33	20
16	27
24	25
33	32
22	21
1	6
5	10
11	12
23	15
20	28
2	8
18	30
35	36
# tree 162
0	19
19	2
7	37
2	31
2	4
3	7
0	3
31	14
4	18
14	9
37	13
18	26
4	35
3	17
14	29
9	34
13	33
35	16
26	24
14	22
17	1
7	5
29	11
34	23
33	20
16	27
24	25
33	32
22	21
1	6
5	10
11	12
23	15
20	28
2	8
18	30
16	36
# tree 163
0	19
19	2
7	37
2	31
2	4
3	7
0	3
31	14
4	18
14	9
37	13
18	26
4	35
3	17
14	29
9	34
13	33
26	24
35	16
14	22
17	1
7	5
29	11
34	23
33	20
24	25
16	27
22	21
1	6
5	10
11	12
23	15
20	28
25	30
2	8
13	32
35	36
# tree 164
0	19
19	2
7	37
2	31
2	4
3	7
0	3
31	14
4	18
14	9
37	13
18	26
4	35
3	17
14	29
9	34
13	33
26	24
35	16
14	22
17	1
7	5
29	11
34	23
33	20
24	25
16	27
22	21
1	6
5	10
11	12
23	15
20	28
25	30
2	8
13	32
16	36
# tree 165
0	19
19	2
7	37
2	31
2	4
3	7
0	3
37	13
4	18
31	14
13	33
18	26
4	35
3	17
14	29
14	9
26	24
35	16
33	32
14	22
17	1
7	5
29	11
9	23
16	27
24	25
32	20
9	34
22	21
1	6
5	10
11	12
23	15
27	36
2	8
7	28
26	30
# tree 166
0	19
19	2
7	37
2	31
2	4
3	7
0	3
37	13
4	18
31	14
13	33
18	26
4	35
3	17
14	29
14	9
26	24
35	16
33	32
14	22
17	1
7	5
29	11
9	23
16	27
24	25
32	20
9	34
22	21
1	6
5	10
11	12
23	15
27	36
2	8
7	28
24	30
# tree 167
0	19
19	2
7	37
2	31
2	4
3	7
0	3
37	13
4	18
31	14
13	33
18	26
4	35
3	17
14	29
14	9
26	24
35	16
33	32
14	22
17	1
7	5
29	11
9	23
16	27
24	25
32	20
9	34
22	21
1	6
5	10
11	12
23	15
27	36
2	8
7	28
18	30
# tree 168
0	19
19	2
7	37
2	31
2	4
3	7
0	3
37	13
4	18
31	14
18	26
4	35
3	17
14	29
14	9
26	24
35	16
13	32
14	22
17	1
7	5
29	11
9	23
24	25
16	27
13	33
32	20
9	34
22	21
1	6
5	10
11	12
23	15
25	30
27	36
2	8
7	28
# tree 169
0	19
19	2
7	37
2	31
2	4
3	7
0	3
37	13
4	18
31	14
13	33
18	26
4	35
3	17
14	29
14	9
26	24
35	16
33	32
14	22
17	1
7	5
29	11
9	23
24	25
16	27
32	20
9	34
22	21
1	6
5	10
11	12
23	15
25	30
2	8
7	28
35	36
# tree 170
0	19
19	2
7	37
2	31
2	4
3	7
0	3
37	13
4	18
31	14
13	33
18	26
4	35
3	17
14	29
14	9
26	24
35	16
33	32
14	22
17	1
7	5
29	11
9	23
24	25
16	27
32	20
9	34
22	21
1	6
5	10
11	12
23	15
25	30
2	8
7	28
16	36
# tree 171
0	19
19	2
7	37
2	31
2	4
3	7
0	3
37	13
4	18
31	14
18	26
4	35
3	17
14	29
14	9
13	32
35	16
26	24
14	22
17	1
7	5
29	11
9	23
32	20
16	27
13	33
24	25
9	34
22	21
1	6
5	10
11	12
23	15
20	28
27	36
2	8
18	30
# tree 172
0	19
19	2
7	37
2	31
2	4
3	7
0	3
37	13
4	18
31	14
13	33
18	26
4	35
3	17
14	29
14	9
33	32
35	16
26	24
14	22
17	1
7	5
29	11
9	23
32	20
16	27
24	25
9	34
22	21
1	6
5	10
11	12
23	15
20	28
2	8
18	30
35	36
# tree 173
0	19
19	2
7	37
2	31
2	4
3	7
0	3
37	13
4	18
31	14
13	33
18	26
4	35
3	17
14	29
14	9
33	32
35	16
26	24
14	22
17	1
7	5
29	11
9	23
32	20
16	27
24	25
9	34
22	21
1	6
5	10
11	12
23	15
20	28
2	8
18	30
16	36
# tree 174
0	19
19	2
7	37
2	31
2	4
3	7
0	3
4	18
31	14
37	13
18	26
4	35
3	17
14	29
14	9
13	32
26	24
35	16
14	22
17	1
7	5
29	11
9	23
32	20
24	25
16	27
13	33
9	34
22	21
1	6
5	10
11	12
23	15
20	28
25	30
2	8
35	36
# tree 175
0	19
19	2
7	37
2	31
2	4
3	7
0	3
4	18
31	14
37	13
18	26
4	35
3	17
14	29
14	9
13	32
26	24
35	16
14	22
17	1
7	5
29	11
9	23
32	20
24	25
16	27
13	33
9	34
22	21
1	6
5	10
11	12
23	15
20	28
25	30
2	8
16	36
# tree 176
0	19
19	2
7	37
2	31
2	4
3	7
0	3
31	14
37	13
4	18
14	9
18	26
4	35
3	17
14	29
9	34
35	16
26	24
13	32
14	22
17	1
7	5
29	11
34	23
16	27
13	33
24	25
32	20
22	21
1	6
5	10
11	12
23	15
27	36
2	8
7	28
18	30
# tree 177
0	19
19	2
7	37
2	31
2	4
3	7
0	3
31	14
37	13
4	18
14	9
18	26
4	35
13	33
3	17
14	29
9	34
35	16
26	24
33	32
14	22
17	1
7	5
29	11
34	23
16	27
24	25
32	20
22	21
1	6
5	10
11	12
23	15
2	8
7	28
18	30
35	36
# tree 178
0	19
19	2
7	37
2	31
2	4
3	7
0	3
31	14
37	13
4	18
14	9
18	26
4	35
13	33
3	17
14	29
9	34
35	16
26	24
33	32
14	22
17	1
7	5
29	11
34	23
16	27
24	25
32	20
22	21
1	6
5	10
11	12
23	15
2	8
7	28
18	30
16	36
# tree 179
0	19
19	2
7	37
2	31
2	4
3	7
0	3
31	14
4	18
14	9
18	26
4	35
37	13
3	17
14	29
9	34
26	24
35	16
13	32
14	22
17	1
7	5
29	11
34	23
24	25
16	27
13	33
32	20
22	21
1	6
5	10
11	12
23	15
25	30
2	8
7	28
35	36
# tree 180
0	19
19	2
7	37
2	31
2	4
3	7
0	3
31	14
4	18
14	9
18	26
4	35
37	13
3	17
14	29
9	34
26	24
35	16
13	32
14	22
17	1
7	5
29	11
34	23
24	25
16	27
13	33
32	20
22	21
1	6
5	10
11	12
23	15
25	30
2	8
7	28
16	36
# tree 181
0	19
19	2
7	37
2	31
2	4
3	7
0	3
31	14
4	18
14	9
37	13
4	35
18	26
3	17
14	29
9	34
13	32
35	16
26	24
14	22
17	1
7	5
29	11
34	23
32	20
16	27
13	33
24	25
22	21
1	6
5	10
11	12
23	15
20	28
2	8
18	30
35	36
# tree 182
0	19
19	2
7	37
2	31
2	4
3	7
0	3
31	14
4	18
14	9
37	13
4	35
18	26
3	17
14	29
9	34
13	32
35	16
26	24
14	22
17	1
7	5
29	11
34	23
32	20
16	27
13	33
24	25
22	21
1	6
5	10
11	12
23	15
20	28
2	8
18	30
16	36
# tree 183
0	19
19	2
7	37
2	31
2	4
3	7
0	3
31	14
4	18
14	9
37	13
18	26
4	35
3	17
14	22
14	29
9	34
13	33
35	16
26	24
17	1
22	21
7	5
29	11
34	23
33	20
16	27
24	25
1	6
21	8
5	10
11	12
23	15
20	28
27	36
24	30
13	32
# tree 184
0	19
19	2
7	37
2	31
2	4
3	7
0	3
31	14
4	18
14	9
37	13
18	26
4	35
3	17
14	22
14	29
9	34
13	33
35	16
26	24
17	1
22	21
7	5
29	11
34	23
33	20
16	27
24	25
33	32
1	6
21	8
5	10
11	12
23	15
20	28
24	30
35	36
# tree 185
0	19
19	2
7	37
2	31
2	4
3	7
0	3
31	14
4	18
14	9
37	13
18	26
4	35
3	17
14	22
14	29
9	34
13	33
35	16
26	24
17	1
22	21
7	5
29	11
34	23
33	20
16	27
24	25
33	32
1	6
21	8
5	10
11	12
23	15
20	28
24	30
16	36
# tree 186
0	19
19	2
7	37
2	31
2	4
3	7
0	3
37	13
4	18
31	14
18	26
4	35
3	17
14	22
14	29
14	9
13	32
35	16
26	24
17	1
22	21
7	5
29	11
9	23
32	20
16	27
13	33
24	25
9	34
1	6
21	8
5	10
11	12
23	15
20	28
27	36
24	30
# tree 187
0	19
19	2
7	37
2	31
2	4
3	7
0	3
37	13
4	18
31	14
13	33
18	26
4	35
3	17
14	22
14	29
14	9
33	32
35	16
26	24
17	1
22	21
7	5
29	11
9	23
32	20
16	27
24	25
9	34
1	6
21	8
5	10
11	12
23	15
20	28
24	30
35	36
# tree 188
0	19
19	2
7	37
2	31
2	4
3	7
0	3
37	13
4	18
31	14
13	33
18	26
4	35
3	17
14	22
14	29
14	9
33	32
35	16
26	24
17	1
22	21
7	5
29	11
9	23
32	20
16	27
24	25
9	34
1	6
21	8
5	10
11	12
23	15
20	28
24	30
16	36
# tree 189
0	19
19	2
7	37
2	31
2	4
3	7
0	3
31	14
37	13
4	18
14	9
18	26
4	35
3	17
14	22
14	29
9	34
35	16
26	24
13	32
17	1
22	21
7	5
29	11
34	23
16	27
13	33
24	25
32	20
1	6
21	8
5	10
11	12
23	15
27	36
7	28
24	30
# tree 190
0	19
19	2
7	37
2	31
2	4
3	7
0	3
31	14
37	13
4	18
14	9
18	26
4	35
13	33
3	17
14	22
14	29
9	34
35	16
26	24
33	32
17	1
22	21
7	5
29	11
34	23
16	27
24	25
32	20
1	6
21	8
5	10
11	12
23	15
7	28
24	30
35	36
# tree 191
0	19
19	2
7	37
2	31
2	4
3	7
0	3
31	14
37	13
4	18
14	9
18	26
4	35
13	33
3	17
14	22
14	29
9	34
35	16
26	24
33	32
17	1
22	21
7	5
29	11
34	23
16	27
24	25
32	20
1	6
21	8
5	10
11	12
23	15
7	28
24	30
16	36
# tree 192
0	19
19	2
7	37
2	31
2	4
3	7
0	3
31	14
4	18
14	9
37	13
4	35
18	26
3	17
14	22
14	29
9	34
13	32
35	16
26	24
17	1
22	21
7	5
29	11
34	23
32	20
16	27
13	33
24	25
1	6
21	8
5	10
11	12
23	15
20	28
24	30
35	36
# tree 193
0	19
19	2
7	37
2	31
2	4
3	7
0	3
31	14
4	18
14	9
37	13
4	35
18	26
3	17
14	22
14	29
9	34
13	32
35	16
26	24
17	1
22	21
7	5
29	11
34	23
32	20
16	27
13	33
24	25
1	6
21	8
5	10
11	12
23	15
20	28
24	30
16	36
# tree 194
0	19
19	2
2	31
2	4
3	7
0	3
7	37
4	18
31	14
37	13
18	26
4	35
3	17
14	22
14	29
14	9
26	24
35	16
13	33
17	1
22	21
7	5
29	11
9	23
16	27
24	25
33	20
9	34
33	32
1	6
21	8
5	10
11	12
23	15
27	36
7	28
26	30
# tree 195
0	19
19	2
2	31
2	4
3	7
0	3
7	37
4	18
31	14
37	13
18	26
4	35
3	17
14	22
14	29
14	9
26	24
35	16
13	33
17	1
22	21
7	5
29	11
9	23
16	27
24	25
33	20
9	34
33	32
1	6
21	8
5	10
11	12
23	15
27	36
7	28
24	30
# tree 196
0	19
19	2
2	31
2	4
3	7
0	3
7	37
4	18
31	14
37	13
18	26
4	35
3	17
14	22
14	29
14	9
26	24
35	16
13	33
17	1
22	21
7	5
29	11
9	23
16	27
24	25
33	20
9	34
33	32
1	6
21	8
5	10
11	12
23	15
27	36
7	28
18	30
# tree 197
0	19
19	2
2	31
2	4
3	7
0	3
7	37
4	18
31	14
37	13
18	26
4	35
3	17
14	22
14	29
14	9
26	24
35	16
13	33
17	1
22	21
7	5
29	11
9	23
24	25
16	27
33	20
9	34
1	6
21	8
5	10
11	12
23	15
25	30
27	36
7	28
13	32
# tree 198
0	19
19	2
2	31
2	4
3	7
0	3
7	37
4	18
31	14
37	13
18	26
4	35
3	17
14	22
14	29
14	9
26	24
35	16
13	33
17	1
22	21
7	5
29	11
9	23
24	25
16	27
33	20
9	34
33	32
1	6
21	8
5	10
11	12
23	15
25	30
7	28
35	36
# tree 199
0	19
19	2
2	31
2	4
3	7
0	3
7	37
4	18
31	14
37	13
18	26
4	35
3	17
14	22
14	29
14	9
26	24
35	16
13	33
17	1
22	21
7	5
29	11
9	23
24	25
16	27
33	20
9	34
33	32
1	6
21	8
5	10
11	12
23	15
25	30
7	28
16	36
# tree 200
0	19
19	2
2	31
2	4
3	7
0	3
7	37
4	18
31	14
37	13
18	26
4	35
3	17
14	22
14	29
14	9
13	33
35	16
26	24
17	1
22	21
7	5
29	11
9	23
33	20
16	27
24	25
9	34
1	6
21	8
5	10
11	12
23	15
20	28
27	36
18	30
13	32
# tree 201
0	19
19	2
2	31
2	4
3	7
0	3
7	37
4	18
31	14
37	13
18	26
4	35
3	17
14	22
14	29
14	9
13	33
35	16
26	24
17	1
22	21
7	5
29	11
9	23
33	20
16	27
24	25
9	34
33	32
1	6
21	8
5	10
11	12
23	15
20	28
18	30
35	36
# tree 202
0	19
19	2
2	31
2	4
3	7
0	3
7	37
4	18
31	14
37	13
18	26
4	35
3	17
14	22
14	29
14	9
13	33
35	16
26	24
17	1
22	21
7	5
29	11
9	23
33	20
16	27
24	25
9	34
33	32
1	6
21	8
5	10
11	12
23	15
20	28
18	30
16	36
# tree 203
0	19
19	2
2	31
2	4
3	7
0	3
7	37
4	18
31	14
37	13
18	26
4	35
3	17
14	22
14	29
14	9
13	33
26	24
35	16
17	1
22	21
7	5
29	11
9	23
33	20
24	25
16	27
9	34
1	6
21	8
5	10
11	12
23	15
20	28
25	30
13	32
35	36
# tree 204
0	19
19	2
2	31
2	4
3	7
0	3
7	37
4	18
31	14
37	13
18	26
4	35
3	17
14	22
14	29
14	9
13	33
26	24
35	16
17	1
22	21
7	5
29	11
9	23
33	20
24	25
16	27
9	34
1	6
21	8
5	10
11	12
23	15
20	28
25	30
13	32
16	36
# tree 205
0	19
19	2
2	31
2	4
3	7
0	3
31	14
7	37
4	18
14	9
18	26
4	35
37	13
3	17
14	22
14	29
9	34
35	16
26	24
13	33
17	1
22	21
7	5
29	11
34	23
16	27
24	25
33	20
1	6
21	8
5	10
11	12
23	15
27	36
7	28
18	30
13	32
# tree 206
0	19
19	2
2	31
2	4
3	7
0	3
31	14
7	37
4	18
14	9
18	26
4	35
37	13
3	17
14	22
14	29
9	34
35	16
26	24
13	33
17	1
22	21
7	5
29	11
34	23
16	27
24	25
33	20
33	32
1	6
21	8
5	10
11	12
23	15
7	28
18	30
35	36
# tree 207
0	19
19	2
2	31
2	4
3	7
0	3
31	14
7	37
4	18
14	9
18	26
4	35
37	13
3	17
14	22
14	29
9	34
35	16
26	24
13	33
17	1
22	21
7	5
29	11
34	23
16	27
24	25
33	20
33	32
1	6
21	8
5	10
11	12
23	15
7	28
18	30
16	36
# tree 208
0	19
19	2
2	31
2	4
3	7
0	3
31	14
7	37
4	18
14	9
18	26
4	35
37	13
3	17
14	22
14	29
9	34
26	24
35	16
13	33
17	1
22	21
7	5
29	11
34	23
24	25
16	27
33	20
1	6
21	8
5	10
11	12
23	15
25	30
7	28
13	32
35	36
# tree 209
0	19
19	2
2	31
2	4
3	7
0	3
31	14
7	37
4	18
14	9
18	26
4	35
37	13
3	17
14	22
14	29
9	34
26	24
35	16
13	33
17	1
22	21
7	5
29	11
34	23
24	25
16	27
33	20
1	6
21	8
5	10
11	12
23	15
25	30
7	28
13	32
16	36
# tree 210
0	19
19	2
2	31
2	4
3	7
0	3
31	14
7	37
4	18
14	9
37	13
4	35
18	26
3	17
14	22
14	29
9	34
13	33
35	16
26	24
17	1
22	21
7	5
29	11
34	23
33	20
16	27
24	25
1	6
21	8
5	10
11	12
23	15
20	28
18	30
13	32
35	36
# tree 211
0	19
19	2
2	31
2	4
3	7
0	3
31	14
7	37
4	18
14	9
37	13
4	35
18	26
3	17
14	22
14	29
9	34
13	33
35	16
26	24
17	1
22	21
7	5
29	11
34	23
33	20
16	27
24	25
1	6
21	8
5	10
11	12
23	15
20	28
18	30
13	32
16	36
# tree 212
0	19
19	2
7	37
2	4
3	7
0	3
2	31
37	13
4	18
31	14
18	26
4	35
3	17
14	22
14	29
14	9
35	16
26	24
13	32
17	1
22	21
7	5
29	11
9	23
16	27
13	33
24	25
32	20
9	34
1	6
21	8
5	10
11	12
23	15
27	36
7	28
18	30
# tree 213
0	19
19	2
7	37
2	4
3	7
0	3
2	31
37	13
4	18
31	14
18	26
4	35
13	33
3	17
14	22
14	29
14	9
35	16
26	24
33	32
17	1
22	21
7	5
29	11
9	23
16	27
24	25
32	20
9	34
1	6
21	8
5	10
11	12
23	15
7	28
18	30
35	36
# tree 214
0	19
19	2
7	37
2	4
3	7
0	3
2	31
37	13
4	18
31	14
18	26
4	35
13	33
3	17
14	22
14	29
14	9
35	16
26	24
33	32
17	1
22	21
7	5
29	11
9	23
16	27
24	25
32	20
9	34
1	6
21	8
5	10
11	12
23	15
7	28
18	30
16	36
# tree 215
0	19
19	2
7	37
2	4
3	7
0	3
2	31
4	18
31	14
18	26
4	35
37	13
3	17
14	22
14	29
14	9
26	24
35	16
13	32
17	1
22	21
7	5
29	11
9	23
24	25
16	27
13	33
32	20
9	34
1	6
21	8
5	10
11	12
23	15
25	30
7	28
35	36
# tree 216
0	19
19	2
7	37
2	4
3	7
0	3
2	31
4	18
31	14
18	26
4	35
37	13
3	17
14	22
14	29
14	9
26	24
35	16
13	32
17	1
22	21
7	5
29	11
9	23
24	25
16	27
13	33
32	20
9	34
1	6
21	8
5	10
11	12
23	15
25	30
7	28
16	36
# tree 217
0	19
19	2
7	37
2	4
3	7
0	3
2	31
4	18
31	14
37	13
4	35
18	26
3	17
14	22
14	29
14	9
13	32
35	16
26	24
17	1
22	21
7	5
29	11
9	23
32	20
16	27
13	33
24	25
9	34
1	6
21	8
5	10
11	12
23	15
20	28
18	30
35	36
# tree 218
0	19
19	2
7	37
2	4
3	7
0	3
2	31
4	18
31	14
37	13
4	35
18	26
3	17
14	22
14	29
14	9
13	32
35	16
26	24
17	1
22	21
7	5
29	11
9	23
32	20
16	27
13	33
24	25
9	34
1	6
21	8
5	10
11	12
23	15
20	28
18	30
16	36
# tree 219
0	19
19	2
7	37
2	31
2	4
3	7
0	3
31	14
4	18
14	9
4	35
18	26
37	13
3	17
14	22
14	29
9	34
35	16
26	24
13	32
17	1
22	21
7	5
29	11
34	23
16	27
13	33
24	25
32	20
1	6
21	8
5	10
11	12
23	15
7	28
18	30
35	36
# tree 220
0	19
19	2
7	37
2	31
2	4
3	7
0	3
31	14
4	18
14	9
4	35
18	26
37	13
3	17
14	22
14	29
9	34
35	16
26	24
13	32
17	1
22	21
7	5
29	11
34	23
16	27
13	33
24	25
32	20
1	6
21	8
5	10
11	12
23	15
7	28
18	30
16	36
# tree 221
0	19
3	7
19	2
0	3
2	31
2	4
7	37
4	18
31	14
37	13
18	26
4	35
3	17
14	29
14	9
26	24
35	16
13	33
14	22
17	1
7	5
29	11
9	23
16	27
24	25
33	20
9	34
33	32
22	21
1	6
5	10
11	12
23	15
27	36
2	8
7	28
26	30
# tree 222
0	19
3	7
19	2
0	3
2	31
2	4
7	37
4	18
31	14
37	13
18	26
4	35
3	17
14	29
14	9
26	24
35	16
13	33
14	22
17	1
7	5
29	11
9	23
16	27
24	25
33	20
9	34
33	32
22	21
1	6
5	10
11	12
23	15
27	36
2	8
7	28
24	30
# tree 223
0	19
3	7
19	2
0	3
2	31
2	4
7	37
4	18
31	14
37	13
18	26
4	35
3	17
14	29
14	9
26	24
35	16
13	33
14	22
17	1
7	5
29	11
9	23
16	27
24	25
33	20
9	34
33	32
22	21
1	6
5	10
11	12
23	15
27	36
2	8
7	28
18	30
# tree 224
0	19
3	7
19	2
0	3
2	31
2	4
7	37
4	18
31	14
37	13
18	26
4	35
3	17
14	29
14	9
26	24
35	16
13	33
14	22
17	1
7	5
29	11
9	23
24	25
16	27
33	20
9	34
22	21
1	6
5	10
11	12
23	15
25	30
27	36
2	8
7	28
13	32
# tree 225
0	19
3	7
19	2
0	3
2	31
2	4
7	37
4	18
31	14
37	13
18	26
4	35
3	17
14	29
14	9
26	24
35	16
13	33
14	22
17	1
7	5
29	11
9	23
24	25
16	27
33	20
9	34
33	32
22	21
1	6
5	10
11	12
23	15
25	30
2	8
7	28
35	36
# tree 226
0	19
3	7
19	2
0	3
2	31
2	4
7	37
4	18
31	14
37	13
18	26
4	35
3	17
14	29
14	9
26	24
35	16
13	33
14	22
17	1
7	5
29	11
9	23
24	25
16	27
33	20
9	34
33	32
22	21
1	6
5	10
11	12
23	15
25	30
2	8
7	28
16	36
# tree 227
0	19
3	7
19	2
0	3
2	31
2	4
7	37
4	18
31	14
37	13
18	26
4	35
3	17
14	29
14	9
13	33
35	16
26	24
14	22
17	1
7	5
29	11
9	23
33	20
16	27
24	25
9	34
22	21
1	6
5	10
11	12
23	15
20	28
27	36
2	8
18	30
13	32
# tree 228
0	19
3	7
19	2
0	3
2	31
2	4
7	37
4	18
31	14
37	13
18	26
4	35
3	17
14	29
14	9
13	33
35	16
26	24
14	22
17	1
7	5
29	11
9	23
33	20
16	27
24	25
9	34
33	32
22	21
1	6
5	10
11	12
23	15
20	28
2	8
18	30
35	36
# tree 229
0	19
3	7
19	2
0	3
2	31
2	4
7	37
4	18
31	14
37	13
18	26
4	35
3	17
14	29
14	9
13	33
35	16
26	24
14	22
17	1
7	5
29	11
9	23
33	20
16	27
24	25
9	34
33	32
22	21
1	6
5	10
11	12
23	15
20	28
2	8
18	30
16	36
# tree 230
0	19
3	7
19	2
0	3
2	31
2	4
7	37
4	18
31	14
37	13
18	26
4	35
3	17
14	29
14	9
13	33
26	24
35	16
14	22
17	1
7	5
29	11
9	23
33	20
24	25
16	27
9	34
22	21
1	6
5	10
11	12
23	15
20	28
25	30
2	8
13	32
35	36
# tree 231
0	19
3	7
19	2
0	3
2	31
2	4
7	37
4	18
31	14
37	13
18	26
4	35
3	17
14	29
14	9
13	33
26	24
35	16
14	22
17	1
7	5
29	11
9	23
33	20
24	25
16	27
9	34
22	21
1	6
5	10
11	12
23	15
20	28
25	30
2	8
13	32
16	36
# tree 232
0	19
3	7
19	2
0	3
2	31
2	4
31	14
7	37
4	18
14	9
18	26
4	35
37	13
3	17
14	29
9	34
35	16
26	24
13	33
14	22
17	1
7	5
29	11
34	23
16	27
24	25
33	20
22	21
1	6
5	10
11	12
23	15
27	36
2	8
7	28
18	30
13	32
# tree 233
0	19
3	7
19	2
0	3
2	31
2	4
31	14
7	37
4	18
14	9
18	26
4	35
37	13
3	17
14	29
9	34
35	16
26	24
13	33
14	22
17	1
7	5
29	11
34	23
16	27
24	25
33	20
33	32
22	21
1	6
5	10
11	12
23	15
2	8
7	28
18	30
35	36
# tree 234
0	19
3	7
19	2
0	3
2	31
2	4
31	14
7	37
4	18
14	9
18	26
4	35
37	13
3	17
14	29
9	34
35	16
26	24
13	33
14	22
17	1
7	5
29	11
34	23
16	27
24	25
33	20
33	32
22	21
1	6
5	10
11	12
23	15
2	8
7	28
18	30
16	36
# tree 235
0	19
3	7
19	2
0	3
2	31
2	4
31	14
7	37
4	18
14	9
18	26
4	35
37	13
3	17
14	29
9	34
26	24
35	16
13	33
14	22
17	1
7	5
29	11
34	23
24	25
16	27
33	20
22	21
1	6
5	10
11	12
23	15
25	30
2	8
7	28
13	32
35	36
# tree 236
0	19
3	7
19	2
0	3
2	31
2	4
31	14
7	37
4	18
14	9
18	26
4	35
37	13
3	17
14	29
9	34
26	24
35	16
13	33
14	22
17	1
7	5
29	11
34	23
24	25
16	27
33	20
22	21
1	6
5	10
11	12
23	15
25	30
2	8
7	28
13	32
16	36
# tree 237
0	19
3	7
19	2
0	3
2	31
2	4
31	14
7	37
4	18
14	9
37	13
4	35
18	26
3	17
14	29
9	34
13	33
35	16
26	24
14	22
17	1
7	5
29	11
34	23
33	20
16	27
24	25
22	21
1	6
5	10
11	12
23	15
20	28
2	8
18	30
13	32
35	36
# tree 238
0	19
3	7
19	2
0	3
2	31
2	4
31	14
7	37
4	18
14	9
37	13
4	35
18	26
3	17
14	29
9	34
13	33
35	16
26	24
14	22
17	1
7	5
29	11
34	23
33	20
16	27
24	25
22	21
1	6
5	10
11	12
23	15
20	28
2	8
18	30
13	32
16	36
# tree 239
0	19
3	7
19	2
0	3
7	37
2	4
2	31
37	13
4	18
31	14
18	26
4	35
3	17
14	29
14	9
35	16
26	24
13	32
14	22
17	1
7	5
29	11
9	23
16	27
13	33
24	25
32	20
9	34
22	21
1	6
5	10
11	12
23	15
27	36
2	8
7	28
18	30
# tree 240
0	19
3	7
19	2
0	3
7	37
2	4
2	31
37	13
4	18
31	14
18	26
4	35
13	33
3	17
14	29
14	9
35	16
26	24
33	32
14	22
17	1
7	5
29	11
9	23
16	27
24	25
32	20
9	34
22	21
1	6
5	10
11	12
23	15
2	8
7	28
18	30
35	36
# tree 241
0	19
3	7
19	2
0	3
7	37
2	4
2	31
37	13
4	18
31	14
18	26
4	35
13	33
3	17
14	29
14	9
35	16
26	24
33	32
14	22
17	1
7	5
29	11
9	23
16	27
24	25
32	20
9	34
22	21
1	6
5	10
11	12
23	15
2	8
7	28
18	30
16	36
# tree 242
0	19
3	7
19	2
0	3
7	37
2	4
2	31
4	18
31	14
18	26
4	35
37	13
3	17
14	29
14	9
26	24
35	16
13	32
14	22
17	1
7	5
29	11
9	23
24	25
16	27
13	33
32	20
9	34
22	21
1	6
5	10
11	12
23	15
25	30
2	8
7	28
35	36
# tree 243
0	19
3	7
19	2
0	3
7	37
2	4
2	31
4	18
31	14
18	26
4	35
37	13
3	17
14	29
14	9
26	24
35	16
13	32
14	22
17	1
7	5
29	11
9	23
24	25
16	27
13	33
32	20
9	34
22	21
1	6
5	10
11	12
23	15
25	30
2	8
7	28
16	36
# tree 244
0	19
3	7
19	2
0	3
7	37
2	4
2	31
4	18
31	14
37	13
4	35
18	26
3	17
14	29
14	9
13	32
35	16
26	24
14	22
17	1
7	5
29	11
9	23
32	20
16	27
13	33
24	25
9	34
22	21
1	6
5	10
11	12
23	15
20	28
2	8
18	30
35	36
# tree 245
0	19
3	7
19	2
0	3
7	37
2	4
2	31
4	18
31	14
37	13
4	35
18	26
3	17
14	29
14	9
13	32
35	16
26	24
14	22
17	1
7	5
29	11
9	23
32	20
16	27
13	33
24	25
9	34
22	21
1	6
5	10
11	12
23	15
20	28
2	8
18	30
16	36
# tree 246
0	19
3	7
19	2
0	3
2	31
7	37
2	4
31	14
4	18
14	9
4	35
18	26
37	13
3	17
14	29
9	34
35	16
26	24
13	32
14	22
17	1
7	5
29	11
34	23
16	27
13	33
24	25
32	20
22	21
1	6
5	10
11	12
23	15
2	8
7	28
18	30
35	36
# tree 247
0	19
3	7
19	2
0	3
2	31
7	37
2	4
31	14
4	18
14	9
4	35
18	26
37	13
3	17
14	29
9	34
35	16
26	24
13	32
14	22
17	1
7	5
29	11
34	23
16	27
13	33
24	25
32	20
22	21
1	6
5	10
11	12
23	15
2	8
7	28
18	30
16	36
# tree 248
0	19
3	7
19	2
0	3
2	31
2	4
7	37
4	18
31	14
37	13
18	26
4	35
3	17
14	22
14	29
14	9
13	33
35	16
26	24
17	1
22	21
7	5
29	11
9	23
33	20
16	27
24	25
9	34
1	6
21	8
5	10
11	12
23	15
20	28
27	36
24	30
13	32
# tree 249
0	19
3	7
19	2
0	3
2	31
2	4
7	37
4	18
31	14
37	13
18	26
4	35
3	17
14	22
14	29
14	9
13	33
35	16
26	24
17	1
22	21
7	5
29	11
9	23
33	20
16	27
24	25
9	34
33	32
1	6
21	8
5	10
11	12
23	15
20	28
24	30
35	36
# tree 250
0	19
3	7
19	2
0	3
2	31
2	4
7	37
4	18
31	14
37	13
18	26
4	35
3	17
14	22
14	29
14	9
13	33
35	16
26	24
17	1
22	21
7	5
29	11
9	23
33	20
16	27
24	25
9	34
33	32
1	6
21	8
5	10
11	12
23	15
20	28
24	30
16	36
# tree 251
0	19
3	7
19	2
0	3
2	31
2	4
31	14
7	37
4	18
14	9
18	26
4	35
37	13
3	17
14	22
14	29
9	34
35	16
26	24
13	33
17	1
22	21
7	5
29	11
34	23
16	27
24	25
33	20
1	6
21	8
5	10
11	12
23	15
27	36
7	28
24	30
13	32
# tree 252
0	19
3	7
19	2
0	3
2	31
2	4
31	14
7	37
4	18
14	9
18	26
4	35
37	13
3	17
14	22
14	29
9	34
35	16
26	24
13	33
17	1
22	21
7	5
29	11
34	23
16	27
24	25
33	20
33	32
1	6
21	8
5	10
11	12
23	15
7	28
24	30
35	36
# tree 253
0	19
3	7
19	2
0	3
2	31
2	4
31	14
7	37
4	18
14	9
18	26
4	35
37	13
3	17
14	22
14	29
9	34
35	16
26	24
13	33
17	1
22	21
7	5
29	11
34	23
16	27
24	25
33	20
33	32
1	6
21	8
5	10
11	12
23	15
7	28
24	30
16	36
# tree 254
0	19
3	7
19	2
0	3
2	31
2	4
31	14
7	37
4	18
14	9
37	13
4	35
18	26
3	17
14	22
14	29
9	34
13	33
35	16
26	24
17	1
22	21
7	5
29	11
34	23
33	20
16	27
24	25
1	6
21	8
5	10
11	12
23	15
20	28
24	30
13	32
35	36
# tree 255
0	19
3	7
19	2
0	3
2	31
2	4
31	14
7	37
4	18
14	9
37	13
4	35
18	26
3	17
14	22
14	29
9	34
13	33
35	16
26	24
17	1
22	21
7	5
29	11
34	23
33	20
16	27
24	25
1	6
21	8
5	10
11	12
23	15
20	28
24	30
13	32
16	36
# tree 256
0	19
3	7
19	2
0	3
7	37
2	4
2	31
37	13
4	18
31	14
18	26
4	35
3	17
14	22
14	29
14	9
35	16
26	24
13	32
17	1
22	21
7	5
29	11
9	23
16	27
13	33
24	25
32	20
9	34
1	6
21	8
5	10
11	12
23	15
27	36
7	28
24	30
# tree 257
0	19
3	7
19	2
0	3
7	37
2	4
2	31
37	13
4	18
31	14
18	26
4	35
13	33
3	17
14	22
14	29
14	9
35	16
26	24
33	32
17	1
22	21
7	5
29	11
9	23
16	27
24	25
32	20
9	34
1	6
21	8
5	10
11	12
23	15
7	28
24	30
35	36
# tree 258
0	19
3	7
19	2
0	3
7	37
2	4
2	31
37	13
4	18
31	14
18	26
4	35
13	33
3	17
14	22
14	29
14	9
35	16
26	24
33	32
17	1
22	21
7	5
29	11
9	23
16	27
24	25
32	20
9	34
1	6
21	8
5	10
11	12
23	15
7	28
24	30
16	36
# tree 259
0	19
3	7
19	2
0	3
7	37
2	4
2	31
4	18
31	14
37	13
4	35
18	26
3	17
14	22
14	29
14	9
13	32
35	16
26	24
17	1
22	21
7	5
29	11
9	23
32	20
16	27
13	33
24	25
9	34
1	6
21	8
5	10
11	12
23	15
20	28
24	30
35	36
# tree 260
0	19
3	7
19	2
0	3
7	37
2	4
2	31
4	18
31	14
37	13
4	35
18	26
3	17
14	22
14	29
14	9
13	32
35	16
26	24
17	1
22	21
7	5
29	11
9	23
32	20
16	27
13	33
24	25
9	34
1	6
21	8
5	10
11	12
23	15
20	28
24	30
16	36
# tree 261
0	19
3	7
19	2
0	3
2	31
7	37
2	4
31	14
4	18
14	9
4	35
18	26
37	13
3	17
14	22
14	29
9	34
35	16
26	24
13	32
17	1
22	21
7	5
29	11
34	23
16	27
13	33
24	25
32	20
1	6
21	8
5	10
11	12
23	15
7	28
24	30
35	36
# tree 262
0	19
3	7
19	2
0	3
2	31
7	37
2	4
31	14
4	18
14	9
4	35
18	26
37	13
3	17
14	22
14	29
9	34
35	16
26	24
13	32
17	1
22	21
7	5
29	11
34	23
16	27
13	33
24	25
32	20
1	6
21	8
5	10
11	12
23	15
7	28
24	30
16	36
# tree 263
0	19
19	2
0	3
3	7
2	4
2	31
7	37
4	18
31	14
18	26
4	35
37	13
3	17
14	22
14	29
14	9
35	16
26	24
13	33
17	1
22	21
7	5
29	11
9	23
16	27
24	25
33	20
9	34
1	6
21	8
5	10
11	12
23	15
27	36
7	28
18	30
13	32
# tree 264
0	19
19	2
0	3
3	7
2	4
2	31
7	37
4	18
31	14
18	26
4	35
37	13
3	17
14	22
14	29
14	9
35	16
26	24
13	33
17	1
22	21
7	5
29	11
9	23
16	27
24	25
33	20
9	34
33	32
1	6
21	8
5	10
11	12
23	15
7	28
18	30
35	36
# tree 265
0	19
19	2
0	3
3	7
2	4
2	31
7	37
4	18
31	14
18	26
4	35
37	13
3	17
14	22
14	29
14	9
35	16
26	24
13	33
17	1
22	21
7	5
29	11
9	23
16	27
24	25
33	20
9	34
33	32
1	6
21	8
5	10
11	12
23	15
7	28
18	30
16	36
# tree 266
0	19
19	2
0	3
3	7
2	4
2	31
7	37
4	18
31	14
18	26
4	35
37	13
3	17
14	22
14	29
14	9
26	24
35	16
13	33
17	1
22	21
7	5
29	11
9	23
24	25
16	27
33	20
9	34
1	6
21	8
5	10
11	12
23	15
25	30
7	28
13	32
35	36
# tree 267
0	19
19	2
0	3
3	7
2	4
2	31
7	37
4	18
31	14
18	26
4	35
37	13
3	17
14	22
14	29
14	9
26	24
35	16
13	33
17	1
22	21
7	5
29	11
9	23
24	25
16	27
33	20
9	34
1	6
21	8
5	10
11	12
23	15
25	30
7	28
13	32
16	36
# tree 268
0	19
19	2
0	3
3	7
2	4
2	31
7	37
4	18
31	14
37	13
4	35
18	26
3	17
14	22
14	29
14	9
13	33
35	16
26	24
17	1
22	21
7	5
29	11
9	23
33	20
16	27
24	25
9	34
1	6
21	8
5	10
11	12
23	15
20	28
18	30
13	32
35	36
# tree 269
0	19
19	2
0	3
3	7
2	4
2	31
7	37
4	18
31	14
37	13
4	35
18	26
3	17
14	22
14	29
14	9
13	33
35	16
26	24
17	1
22	21
7	5
29	11
9	23
33	20
16	27
24	25
9	34
1	6
21	8
5	10
11	12
23	15
20	28
18	30
13	32
16	36
# tree 270
0	19
19	2
0	3
2	31
3	7
2	4
31	14
4	18
7	37
14	9
4	35
18	26
37	13
3	17
14	22
14	29
9	34
35	16
26	24
13	33
17	1
22	21
7	5
29	11
34	23
16	27
24	25
33	20
1	6
21	8
5	10
11	12
23	15
7	28
18	30
13	32
35	36
# tree 271
0	19
19	2
0	3
2	31
3	7
2	4
31	14
4	18
7	37
14	9
4	35
18	26
37	13
3	17
14	22
14	29
9	34
35	16
26	24
13	33
17	1
22	21
7	5
29	11
34	23
16	27
24	25
33	20
1	6
21	8
5	10
11	12
23	15
7	28
18	30
13	32
16	36
# tree 272
0	19
3	7
19	2
0	3
7	37
2	4
2	31
4	18
31	14
4	35
18	26
37	13
3	17
14	22
14	29
14	9
35	16
26	24
13	32
17	1
22	21
7	5
29	11
9	23
16	27
13	33
24	25
32	20
9	34
1	6
21	8
5	10
11	12
23	15
7	28
18	30
35	36
# tree 273
0	19
3	7
19	2
0	3
7	37
2	4
2	31
4	18
31	14
4	35
18	26
37	13
3	17
14	22
14	29
14	9
35	16
26	24
13	32
17	1
22	21
7	5
29	11
9	23
16	27
13	33
24	25
32	20
9	34
1	6
21	8
5	10
11	12
23	15
7	28
18	30
16	36
