### 430 trees
# tree 1
1	3
3	5
18	7
3	15
5	16
5	18
5	2
15	4
7	6
5	9
5	10
5	11
16	12
15	13
5	14
# tree 2
1	3
5	18
3	5
3	15
18	7
5	16
15	4
7	6
5	9
5	10
5	11
16	12
15	13
5	14
3	2
# tree 3
1	3
5	18
3	5
18	7
5	16
3	15
5	2
7	6
5	9
5	10
5	11
16	12
15	13
5	14
1	4
# tree 4
1	3
5	18
3	5
18	7
5	16
3	15
5	2
7	6
5	9
5	10
5	11
16	12
15	13
5	14
3	4
# tree 5
1	3
5	18
3	5
3	15
5	16
18	7
5	2
15	4
5	9
5	10
5	11
16	12
15	13
5	14
1	6
# tree 6
1	3
5	18
3	5
3	15
5	16
18	7
5	2
15	4
5	9
5	10
5	11
16	12
15	13
5	14
3	6
# tree 7
1	3
5	18
3	5
3	15
5	16
18	7
5	2
15	4
5	9
5	10
5	11
16	12
15	13
5	14
18	6
# tree 8
1	3
5	18
3	5
3	15
5	16
18	7
5	2
15	4
5	9
5	10
5	11
16	12
15	13
5	14
5	6
# tree 9
1	3
3	5
3	15
5	7
5	16
5	18
5	2
15	4
7	6
5	9
5	10
5	11
16	12
15	13
5	14
# tree 10
1	3
5	18
3	5
3	15
18	7
5	16
5	2
15	4
7	6
5	9
5	10
16	12
15	13
5	14
3	11
# tree 11
1	3
5	18
3	5
3	15
18	7
5	16
5	2
15	4
7	6
5	9
5	10
5	11
15	13
5	14
3	12
# tree 12
1	3
5	18
3	5
3	15
18	7
5	16
5	2
15	4
7	6
5	9
5	10
5	11
15	13
5	14
5	12
# tree 13
1	3
5	18
3	5
3	15
18	7
5	16
5	2
15	4
7	6
5	9
5	10
5	11
16	12
5	14
16	13
# tree 14
1	3
5	18
3	5
3	15
18	7
5	16
5	2
15	4
7	6
5	9
5	10
5	11
16	12
5	14
3	13
# tree 15
1	3
5	18
3	5
3	15
18	7
3	16
5	2
15	4
7	6
5	9
5	10
5	11
16	12
15	13
5	14
# tree 16
3	5
1	3
5	18
3	15
18	7
5	16
5	2
15	4
7	6
5	9
5	10
15	13
5	14
3	11
3	12
# tree 17
3	5
1	3
5	18
3	15
18	7
5	16
5	2
15	4
7	6
5	9
5	10
15	13
5	14
3	11
5	12
# tree 18
3	5
1	3
5	18
3	15
18	7
5	16
5	2
15	4
7	6
5	9
5	10
16	12
5	14
3	11
1	13
# tree 19
3	5
1	3
5	18
3	15
18	7
5	16
5	2
15	4
7	6
5	9
5	10
16	12
5	14
3	11
3	13
# tree 20
3	5
1	3
5	18
3	15
18	7
5	16
5	2
15	4
7	6
5	9
5	10
16	12
5	14
3	11
5	13
# tree 21
3	5
1	3
5	18
3	15
18	7
3	16
5	2
15	4
7	6
5	9
5	10
16	12
15	13
5	14
3	11
# tree 22
3	5
1	3
5	18
3	15
18	7
5	16
15	4
7	6
5	9
5	10
16	12
15	13
5	14
3	11
3	2
# tree 23
3	5
1	3
5	18
18	7
5	16
3	15
5	2
7	6
5	9
5	10
16	12
15	13
5	14
3	11
1	4
# tree 24
3	5
1	3
5	18
18	7
5	16
3	15
5	2
7	6
5	9
5	10
16	12
15	13
5	14
3	11
3	4
# tree 25
3	5
1	3
5	18
3	15
5	16
18	7
5	2
15	4
5	9
5	10
16	12
15	13
5	14
3	11
1	6
# tree 26
3	5
1	3
5	18
3	15
5	16
18	7
5	2
15	4
5	9
5	10
16	12
15	13
5	14
3	11
3	6
# tree 27
3	5
1	3
5	18
3	15
5	16
18	7
5	2
15	4
5	9
5	10
16	12
15	13
5	14
3	11
18	6
# tree 28
3	5
1	3
5	18
3	15
5	16
18	7
5	2
15	4
5	9
5	10
16	12
15	13
5	14
3	11
5	6
# tree 29
3	5
1	3
3	15
5	7
5	16
5	18
5	2
15	4
7	6
5	9
5	10
16	12
15	13
5	14
3	11
# tree 30
3	5
1	3
5	18
3	15
18	7
5	16
5	2
15	4
7	6
5	9
5	10
5	11
5	14
5	12
1	13
# tree 31
3	5
1	3
5	18
3	15
18	7
5	16
5	2
15	4
7	6
5	9
5	10
5	11
5	14
5	12
3	13
# tree 32
3	5
1	3
5	18
3	15
18	7
5	16
5	2
15	4
7	6
5	9
5	10
5	11
5	14
5	12
5	13
# tree 33
3	5
1	3
5	18
3	15
18	7
5	2
15	4
7	6
5	9
5	10
5	11
15	13
5	14
5	12
3	16
# tree 34
3	5
1	3
5	18
3	15
18	7
5	16
15	4
7	6
5	9
5	10
5	11
15	13
5	14
5	12
3	2
# tree 35
3	5
1	3
5	18
18	7
3	15
5	16
5	2
7	6
5	9
5	10
5	11
15	13
5	14
5	12
1	4
# tree 36
3	5
1	3
5	18
18	7
3	15
5	16
5	2
7	6
5	9
5	10
5	11
15	13
5	14
5	12
3	4
# tree 37
3	5
1	3
5	18
3	15
18	7
5	16
5	2
15	4
5	9
5	10
5	11
15	13
5	14
5	12
1	6
# tree 38
3	5
1	3
5	18
3	15
18	7
5	16
5	2
15	4
5	9
5	10
5	11
15	13
5	14
5	12
3	6
# tree 39
3	5
1	3
5	18
3	15
18	7
5	16
5	2
15	4
5	9
5	10
5	11
15	13
5	14
5	12
18	6
# tree 40
3	5
1	3
5	18
3	15
18	7
5	16
5	2
15	4
5	9
5	10
5	11
15	13
5	14
5	12
5	6
# tree 41
3	5
1	3
3	15
5	7
5	18
5	16
5	2
15	4
7	6
5	9
5	10
5	11
15	13
5	14
5	12
# tree 42
3	5
1	3
5	18
3	15
18	7
3	16
5	2
15	4
7	6
5	9
5	10
5	11
16	12
5	14
16	13
# tree 43
3	5
1	3
5	18
3	15
18	7
5	16
15	4
7	6
5	9
5	10
5	11
16	12
5	14
16	13
3	2
# tree 44
3	5
1	3
5	18
18	7
5	16
3	15
5	2
7	6
5	9
5	10
5	11
16	12
5	14
16	13
1	4
# tree 45
3	5
1	3
5	18
18	7
5	16
3	15
5	2
7	6
5	9
5	10
5	11
16	12
5	14
16	13
3	4
# tree 46
3	5
1	3
5	18
3	15
5	16
18	7
5	2
15	4
5	9
5	10
5	11
16	12
5	14
16	13
1	6
# tree 47
3	5
1	3
5	18
3	15
5	16
18	7
5	2
15	4
5	9
5	10
5	11
16	12
5	14
16	13
3	6
# tree 48
3	5
1	3
5	18
3	15
5	16
18	7
5	2
15	4
5	9
5	10
5	11
16	12
5	14
16	13
18	6
# tree 49
3	5
1	3
5	18
3	15
5	16
18	7
5	2
15	4
5	9
5	10
5	11
16	12
5	14
16	13
5	6
# tree 50
3	5
1	3
3	15
5	7
5	16
5	18
5	2
15	4
7	6
5	9
5	10
5	11
16	12
5	14
16	13
# tree 51
3	5
1	3
5	18
3	15
18	7
3	16
15	4
7	6
5	9
5	10
5	11
16	12
15	13
5	14
3	2
# tree 52
3	5
1	3
5	18
18	7
3	16
3	15
5	2
7	6
5	9
5	10
5	11
16	12
15	13
5	14
1	4
# tree 53
3	5
1	3
5	18
18	7
3	16
3	15
5	2
7	6
5	9
5	10
5	11
16	12
15	13
5	14
3	4
# tree 54
3	5
1	3
5	18
3	15
3	16
18	7
5	2
15	4
5	9
5	10
5	11
16	12
15	13
5	14
1	6
# tree 55
3	5
1	3
5	18
3	15
3	16
18	7
5	2
15	4
5	9
5	10
5	11
16	12
15	13
5	14
3	6
# tree 56
3	5
1	3
5	18
3	15
3	16
18	7
5	2
15	4
5	9
5	10
5	11
16	12
15	13
5	14
18	6
# tree 57
3	5
1	3
5	18
3	15
3	16
18	7
5	2
15	4
5	9
5	10
5	11
16	12
15	13
5	14
5	6
# tree 58
3	5
1	3
3	15
5	7
3	16
5	18
5	2
15	4
7	6
5	9
5	10
5	11
16	12
15	13
5	14
# tree 59
3	5
1	3
5	18
18	7
5	16
3	15
7	6
5	9
5	10
5	11
16	12
15	13
5	14
3	2
1	4
# tree 60
3	5
1	3
5	18
18	7
5	16
3	15
7	6
5	9
5	10
5	11
16	12
15	13
5	14
3	2
3	4
# tree 61
3	5
1	3
5	18
3	15
5	16
18	7
15	4
5	9
5	10
5	11
16	12
15	13
5	14
3	2
1	6
# tree 62
3	5
1	3
5	18
3	15
5	16
18	7
15	4
5	9
5	10
5	11
16	12
15	13
5	14
3	2
3	6
# tree 63
3	5
1	3
5	18
3	15
5	16
18	7
15	4
5	9
5	10
5	11
16	12
15	13
5	14
3	2
18	6
# tree 64
3	5
1	3
5	18
3	15
5	16
18	7
15	4
5	9
5	10
5	11
16	12
15	13
5	14
3	2
5	6
# tree 65
3	5
1	3
3	15
5	7
5	16
5	18
15	4
7	6
5	9
5	10
5	11
16	12
15	13
5	14
3	2
# tree 66
3	5
1	3
5	18
5	16
3	15
18	7
5	2
5	9
5	10
5	11
16	12
15	13
5	14
3	4
1	6
# tree 67
3	5
1	3
5	18
5	16
3	15
18	7
5	2
5	9
5	10
5	11
16	12
15	13
5	14
3	4
3	6
# tree 68
3	5
1	3
5	18
5	16
3	15
18	7
5	2
5	9
5	10
5	11
16	12
15	13
5	14
3	4
18	6
# tree 69
3	5
1	3
5	18
5	16
3	15
18	7
5	2
5	9
5	10
5	11
16	12
15	13
5	14
3	4
5	6
# tree 70
3	5
1	3
5	7
5	16
3	15
5	18
5	2
7	6
5	9
5	10
5	11
16	12
15	13
5	14
3	4
# tree 71
3	5
1	3
3	15
5	16
5	18
5	2
15	4
5	9
5	10
5	11
16	12
15	13
5	14
5	6
5	7
# tree 72
1	3
3	5
5	18
3	15
18	7
5	16
5	2
15	4
7	6
5	9
5	10
5	14
3	11
5	12
1	13
# tree 73
1	3
3	5
5	18
3	15
18	7
5	16
5	2
15	4
7	6
5	9
5	10
5	14
3	11
5	12
3	13
# tree 74
1	3
3	5
5	18
3	15
18	7
5	16
5	2
15	4
7	6
5	9
5	10
5	14
3	11
5	12
5	13
# tree 75
1	3
3	5
5	18
3	15
18	7
5	2
15	4
7	6
5	9
5	10
15	13
5	14
3	11
5	12
3	16
# tree 76
1	3
3	5
5	18
3	15
18	7
5	16
15	4
7	6
5	9
5	10
15	13
5	14
3	11
5	12
3	2
# tree 77
1	3
3	5
5	18
18	7
3	15
5	16
5	2
7	6
5	9
5	10
15	13
5	14
3	11
5	12
1	4
# tree 78
1	3
3	5
5	18
18	7
3	15
5	16
5	2
7	6
5	9
5	10
15	13
5	14
3	11
5	12
3	4
# tree 79
1	3
3	5
5	18
3	15
18	7
5	16
5	2
15	4
5	9
5	10
15	13
5	14
3	11
5	12
1	6
# tree 80
1	3
3	5
5	18
3	15
18	7
5	16
5	2
15	4
5	9
5	10
15	13
5	14
3	11
5	12
3	6
# tree 81
1	3
3	5
5	18
3	15
18	7
5	16
5	2
15	4
5	9
5	10
15	13
5	14
3	11
5	12
18	6
# tree 82
1	3
3	5
5	18
3	15
18	7
5	16
5	2
15	4
5	9
5	10
15	13
5	14
3	11
5	12
5	6
# tree 83
1	3
3	5
3	15
5	7
5	18
5	16
5	2
15	4
7	6
5	9
5	10
15	13
5	14
3	11
5	12
# tree 84
1	3
3	5
5	18
3	15
18	7
3	16
5	2
15	4
7	6
5	9
5	10
16	12
5	14
3	11
5	13
# tree 85
1	3
3	5
5	18
3	15
18	7
5	16
15	4
7	6
5	9
5	10
16	12
5	14
3	11
5	13
3	2
# tree 86
1	3
3	5
5	18
18	7
5	16
3	15
5	2
7	6
5	9
5	10
16	12
5	14
3	11
5	13
1	4
# tree 87
1	3
3	5
5	18
18	7
5	16
3	15
5	2
7	6
5	9
5	10
16	12
5	14
3	11
5	13
3	4
# tree 88
1	3
3	5
5	18
3	15
5	16
18	7
5	2
15	4
5	9
5	10
16	12
5	14
3	11
5	13
1	6
# tree 89
1	3
3	5
5	18
3	15
5	16
18	7
5	2
15	4
5	9
5	10
16	12
5	14
3	11
5	13
3	6
# tree 90
1	3
3	5
5	18
3	15
5	16
18	7
5	2
15	4
5	9
5	10
16	12
5	14
3	11
5	13
18	6
# tree 91
1	3
3	5
5	18
3	15
5	16
18	7
5	2
15	4
5	9
5	10
16	12
5	14
3	11
5	13
5	6
# tree 92
1	3
3	5
3	15
5	7
5	16
5	18
5	2
15	4
7	6
5	9
5	10
16	12
5	14
3	11
5	13
# tree 93
1	3
3	5
5	18
3	15
18	7
3	16
15	4
7	6
5	9
5	10
16	12
15	13
5	14
3	11
3	2
# tree 94
1	3
3	5
5	18
18	7
3	16
3	15
5	2
7	6
5	9
5	10
16	12
15	13
5	14
3	11
1	4
# tree 95
1	3
3	5
5	18
18	7
3	16
3	15
5	2
7	6
5	9
5	10
16	12
15	13
5	14
3	11
3	4
# tree 96
1	3
3	5
5	18
3	15
3	16
18	7
5	2
15	4
5	9
5	10
16	12
15	13
5	14
3	11
1	6
# tree 97
1	3
3	5
5	18
3	15
3	16
18	7
5	2
15	4
5	9
5	10
16	12
15	13
5	14
3	11
3	6
# tree 98
1	3
3	5
5	18
3	15
3	16
18	7
5	2
15	4
5	9
5	10
16	12
15	13
5	14
3	11
18	6
# tree 99
1	3
3	5
5	18
3	15
3	16
18	7
5	2
15	4
5	9
5	10
16	12
15	13
5	14
3	11
5	6
# tree 100
1	3
3	5
3	15
5	7
3	16
5	18
5	2
15	4
7	6
5	9
5	10
16	12
15	13
5	14
3	11
# tree 101
1	3
3	5
5	18
18	7
5	16
3	15
7	6
5	9
5	10
16	12
15	13
5	14
3	11
3	2
1	4
# tree 102
1	3
3	5
5	18
18	7
5	16
3	15
7	6
5	9
5	10
16	12
15	13
5	14
3	11
3	2
3	4
# tree 103
1	3
3	5
5	18
3	15
5	16
18	7
15	4
5	9
5	10
16	12
15	13
5	14
3	11
3	2
1	6
# tree 104
1	3
3	5
5	18
3	15
5	16
18	7
15	4
5	9
5	10
16	12
15	13
5	14
3	11
3	2
3	6
# tree 105
1	3
3	5
5	18
3	15
5	16
18	7
15	4
5	9
5	10
16	12
15	13
5	14
3	11
3	2
18	6
# tree 106
1	3
3	5
5	18
3	15
5	16
18	7
15	4
5	9
5	10
16	12
15	13
5	14
3	11
3	2
5	6
# tree 107
1	3
3	5
3	15
5	7
5	16
5	18
15	4
7	6
5	9
5	10
16	12
15	13
5	14
3	11
3	2
# tree 108
1	3
3	5
5	18
5	16
3	15
18	7
5	2
5	9
5	10
16	12
15	13
5	14
3	11
3	4
1	6
# tree 109
1	3
3	5
5	18
5	16
3	15
18	7
5	2
5	9
5	10
16	12
15	13
5	14
3	11
3	4
3	6
# tree 110
1	3
3	5
5	18
5	16
3	15
18	7
5	2
5	9
5	10
16	12
15	13
5	14
3	11
3	4
18	6
# tree 111
1	3
3	5
5	18
5	16
3	15
18	7
5	2
5	9
5	10
16	12
15	13
5	14
3	11
3	4
5	6
# tree 112
1	3
3	5
5	7
5	16
3	15
5	18
5	2
7	6
5	9
5	10
16	12
15	13
5	14
3	11
3	4
# tree 113
1	3
3	5
3	15
5	16
5	18
5	2
15	4
5	9
5	10
16	12
15	13
5	14
3	11
5	6
5	7
# tree 114
1	3
3	5
5	18
3	15
18	7
5	2
15	4
7	6
5	9
5	10
5	11
5	14
5	12
5	13
3	16
# tree 115
1	3
3	5
5	18
3	15
18	7
5	16
15	4
7	6
5	9
5	10
5	11
5	14
5	12
5	13
3	2
# tree 116
1	3
3	5
5	18
18	7
3	15
5	16
5	2
7	6
5	9
5	10
5	11
5	14
5	12
5	13
1	4
# tree 117
1	3
3	5
5	18
18	7
3	15
5	16
5	2
7	6
5	9
5	10
5	11
5	14
5	12
5	13
3	4
# tree 118
1	3
3	5
5	18
3	15
18	7
5	16
5	2
15	4
5	9
5	10
5	11
5	14
5	12
5	13
1	6
# tree 119
1	3
3	5
5	18
3	15
18	7
5	16
5	2
15	4
5	9
5	10
5	11
5	14
5	12
5	13
3	6
# tree 120
1	3
3	5
5	18
3	15
18	7
5	16
5	2
15	4
5	9
5	10
5	11
5	14
5	12
5	13
18	6
# tree 121
1	3
3	5
5	18
3	15
18	7
5	16
5	2
15	4
5	9
5	10
5	11
5	14
5	12
5	13
5	6
# tree 122
1	3
3	5
3	15
5	7
5	18
5	16
5	2
15	4
7	6
5	9
5	10
5	11
5	14
5	12
5	13
# tree 123
1	3
3	5
5	18
3	15
18	7
15	4
7	6
5	9
5	10
5	11
15	13
5	14
5	12
3	16
3	2
# tree 124
1	3
3	5
5	18
18	7
3	15
5	2
7	6
5	9
5	10
5	11
15	13
5	14
5	12
3	16
1	4
# tree 125
1	3
3	5
5	18
18	7
3	15
5	2
7	6
5	9
5	10
5	11
15	13
5	14
5	12
3	16
3	4
# tree 126
1	3
3	5
5	18
3	15
18	7
5	2
15	4
5	9
5	10
5	11
15	13
5	14
5	12
3	16
1	6
# tree 127
1	3
3	5
5	18
3	15
18	7
5	2
15	4
5	9
5	10
5	11
15	13
5	14
5	12
3	16
3	6
# tree 128
1	3
3	5
5	18
3	15
18	7
5	2
15	4
5	9
5	10
5	11
15	13
5	14
5	12
3	16
18	6
# tree 129
1	3
3	5
5	18
3	15
18	7
5	2
15	4
5	9
5	10
5	11
15	13
5	14
5	12
3	16
5	6
# tree 130
1	3
3	5
3	15
5	7
5	18
5	2
15	4
7	6
5	9
5	10
5	11
15	13
5	14
5	12
3	16
# tree 131
1	3
3	5
5	18
18	7
3	15
5	16
7	6
5	9
5	10
5	11
15	13
5	14
5	12
3	2
1	4
# tree 132
1	3
3	5
5	18
18	7
3	15
5	16
7	6
5	9
5	10
5	11
15	13
5	14
5	12
3	2
3	4
# tree 133
1	3
3	5
5	18
3	15
18	7
5	16
15	4
5	9
5	10
5	11
15	13
5	14
5	12
3	2
1	6
# tree 134
1	3
3	5
5	18
3	15
18	7
5	16
15	4
5	9
5	10
5	11
15	13
5	14
5	12
3	2
3	6
# tree 135
1	3
3	5
5	18
3	15
18	7
5	16
15	4
5	9
5	10
5	11
15	13
5	14
5	12
3	2
18	6
# tree 136
1	3
3	5
5	18
3	15
18	7
5	16
15	4
5	9
5	10
5	11
15	13
5	14
5	12
3	2
5	6
# tree 137
1	3
3	5
3	15
5	7
5	18
5	16
15	4
7	6
5	9
5	10
5	11
15	13
5	14
5	12
3	2
# tree 138
1	3
3	5
5	18
3	15
18	7
5	16
5	2
5	9
5	10
5	11
15	13
5	14
5	12
3	4
1	6
# tree 139
1	3
3	5
5	18
3	15
18	7
5	16
5	2
5	9
5	10
5	11
15	13
5	14
5	12
3	4
3	6
# tree 140
1	3
3	5
5	18
3	15
18	7
5	16
5	2
5	9
5	10
5	11
15	13
5	14
5	12
3	4
18	6
# tree 141
1	3
3	5
5	18
3	15
18	7
5	16
5	2
5	9
5	10
5	11
15	13
5	14
5	12
3	4
5	6
# tree 142
1	3
3	5
5	7
3	15
5	18
5	16
5	2
7	6
5	9
5	10
5	11
15	13
5	14
5	12
3	4
# tree 143
1	3
3	5
3	15
5	18
5	16
5	2
15	4
5	9
5	10
5	11
15	13
5	14
5	12
5	6
5	7
# tree 144
1	3
3	5
5	18
3	15
18	7
3	16
15	4
7	6
5	9
5	10
5	11
16	12
5	14
16	13
3	2
# tree 145
1	3
3	5
5	18
18	7
3	16
3	15
5	2
7	6
5	9
5	10
5	11
16	12
5	14
16	13
1	4
# tree 146
1	3
3	5
5	18
18	7
3	16
3	15
5	2
7	6
5	9
5	10
5	11
16	12
5	14
16	13
3	4
# tree 147
1	3
3	5
5	18
3	15
3	16
18	7
5	2
15	4
5	9
5	10
5	11
16	12
5	14
16	13
1	6
# tree 148
1	3
3	5
5	18
3	15
3	16
18	7
5	2
15	4
5	9
5	10
5	11
16	12
5	14
16	13
3	6
# tree 149
1	3
3	5
5	18
3	15
3	16
18	7
5	2
15	4
5	9
5	10
5	11
16	12
5	14
16	13
18	6
# tree 150
1	3
3	5
5	18
3	15
3	16
18	7
5	2
15	4
5	9
5	10
5	11
16	12
5	14
16	13
5	6
# tree 151
1	3
3	5
3	15
5	7
3	16
5	18
5	2
15	4
7	6
5	9
5	10
5	11
16	12
5	14
16	13
# tree 152
1	3
3	5
5	18
18	7
5	16
3	15
7	6
5	9
5	10
5	11
16	12
5	14
16	13
3	2
1	4
# tree 153
1	3
3	5
5	18
18	7
5	16
3	15
7	6
5	9
5	10
5	11
16	12
5	14
16	13
3	2
3	4
# tree 154
1	3
3	5
5	18
3	15
5	16
18	7
15	4
5	9
5	10
5	11
16	12
5	14
16	13
3	2
1	6
# tree 155
1	3
3	5
5	18
3	15
5	16
18	7
15	4
5	9
5	10
5	11
16	12
5	14
16	13
3	2
3	6
# tree 156
1	3
3	5
5	18
3	15
5	16
18	7
15	4
5	9
5	10
5	11
16	12
5	14
16	13
3	2
18	6
# tree 157
1	3
3	5
5	18
3	15
5	16
18	7
15	4
5	9
5	10
5	11
16	12
5	14
16	13
3	2
5	6
# tree 158
1	3
3	5
3	15
5	7
5	16
5	18
15	4
7	6
5	9
5	10
5	11
16	12
5	14
16	13
3	2
# tree 159
1	3
3	5
5	18
5	16
18	7
3	15
5	2
5	9
5	10
5	11
16	12
5	14
16	13
3	4
1	6
# tree 160
1	3
3	5
5	18
5	16
18	7
3	15
5	2
5	9
5	10
5	11
16	12
5	14
16	13
3	4
3	6
# tree 161
1	3
3	5
5	18
5	16
18	7
3	15
5	2
5	9
5	10
5	11
16	12
5	14
16	13
3	4
18	6
# tree 162
1	3
3	5
5	18
5	16
18	7
3	15
5	2
5	9
5	10
5	11
16	12
5	14
16	13
3	4
5	6
# tree 163
1	3
3	5
5	7
5	16
5	18
3	15
5	2
7	6
5	9
5	10
5	11
16	12
5	14
16	13
3	4
# tree 164
1	3
3	5
3	15
5	16
5	18
5	2
15	4
5	9
5	10
5	11
16	12
5	14
16	13
5	6
5	7
# tree 165
1	3
3	5
5	18
18	7
3	16
3	15
7	6
5	9
5	10
5	11
16	12
15	13
5	14
3	2
1	4
# tree 166
1	3
3	5
5	18
18	7
3	16
3	15
7	6
5	9
5	10
5	11
16	12
15	13
5	14
3	2
3	4
# tree 167
1	3
3	5
5	18
3	15
3	16
18	7
15	4
5	9
5	10
5	11
16	12
15	13
5	14
3	2
1	6
# tree 168
1	3
3	5
5	18
3	15
3	16
18	7
15	4
5	9
5	10
5	11
16	12
15	13
5	14
3	2
3	6
# tree 169
1	3
3	5
5	18
3	15
3	16
18	7
15	4
5	9
5	10
5	11
16	12
15	13
5	14
3	2
18	6
# tree 170
1	3
3	5
5	18
3	15
3	16
18	7
15	4
5	9
5	10
5	11
16	12
15	13
5	14
3	2
5	6
# tree 171
1	3
3	5
3	15
5	7
3	16
5	18
15	4
7	6
5	9
5	10
5	11
16	12
15	13
5	14
3	2
# tree 172
1	3
3	5
5	18
3	16
3	15
18	7
5	2
5	9
5	10
5	11
16	12
15	13
5	14
3	4
1	6
# tree 173
1	3
3	5
5	18
3	16
3	15
18	7
5	2
5	9
5	10
5	11
16	12
15	13
5	14
3	4
3	6
# tree 174
1	3
3	5
5	18
3	16
3	15
18	7
5	2
5	9
5	10
5	11
16	12
15	13
5	14
3	4
18	6
# tree 175
1	3
3	5
5	18
3	16
3	15
18	7
5	2
5	9
5	10
5	11
16	12
15	13
5	14
3	4
5	6
# tree 176
1	3
3	5
5	7
3	16
3	15
5	18
5	2
7	6
5	9
5	10
5	11
16	12
15	13
5	14
3	4
# tree 177
1	3
3	5
3	15
3	16
5	18
5	2
15	4
5	9
5	10
5	11
16	12
15	13
5	14
5	6
5	7
# tree 178
1	3
3	5
5	18
5	16
3	15
18	7
5	9
5	10
5	11
16	12
15	13
5	14
3	2
3	4
1	6
# tree 179
1	3
3	5
5	18
5	16
3	15
18	7
5	9
5	10
5	11
16	12
15	13
5	14
3	2
3	4
3	6
# tree 180
1	3
3	5
5	18
5	16
3	15
18	7
5	9
5	10
5	11
16	12
15	13
5	14
3	2
3	4
18	6
# tree 181
1	3
3	5
5	18
5	16
3	15
18	7
5	9
5	10
5	11
16	12
15	13
5	14
3	2
3	4
5	6
# tree 182
1	3
3	5
5	7
5	16
3	15
5	18
7	6
5	9
5	10
5	11
16	12
15	13
5	14
3	2
3	4
# tree 183
1	3
3	5
3	15
5	16
5	18
15	4
5	9
5	10
5	11
16	12
15	13
5	14
3	2
5	6
5	7
# tree 184
1	3
3	5
5	16
3	15
5	18
5	2
5	9
5	10
5	11
16	12
15	13
5	14
3	4
5	6
5	7
# tree 185
1	3
3	5
5	18
3	15
18	7
5	2
15	4
7	6
5	9
5	10
5	14
3	11
5	12
5	13
3	16
# tree 186
1	3
3	5
5	18
3	15
18	7
5	16
15	4
7	6
5	9
5	10
5	14
3	11
5	12
5	13
3	2
# tree 187
1	3
3	5
5	18
18	7
3	15
5	16
5	2
7	6
5	9
5	10
5	14
3	11
5	12
5	13
1	4
# tree 188
1	3
3	5
5	18
18	7
3	15
5	16
5	2
7	6
5	9
5	10
5	14
3	11
5	12
5	13
3	4
# tree 189
1	3
3	5
5	18
3	15
18	7
5	16
5	2
15	4
5	9
5	10
5	14
3	11
5	12
5	13
1	6
# tree 190
1	3
3	5
5	18
3	15
18	7
5	16
5	2
15	4
5	9
5	10
5	14
3	11
5	12
5	13
3	6
# tree 191
1	3
3	5
5	18
3	15
18	7
5	16
5	2
15	4
5	9
5	10
5	14
3	11
5	12
5	13
18	6
# tree 192
1	3
3	5
5	18
3	15
18	7
5	16
5	2
15	4
5	9
5	10
5	14
3	11
5	12
5	13
5	6
# tree 193
1	3
3	5
3	15
5	7
5	18
5	16
5	2
15	4
7	6
5	9
5	10
5	14
3	11
5	12
5	13
# tree 194
1	3
3	5
5	18
3	15
18	7
15	4
7	6
5	9
5	10
15	13
5	14
3	11
5	12
3	16
3	2
# tree 195
1	3
3	5
5	18
18	7
3	15
5	2
7	6
5	9
5	10
15	13
5	14
3	11
5	12
3	16
1	4
# tree 196
1	3
3	5
5	18
18	7
3	15
5	2
7	6
5	9
5	10
15	13
5	14
3	11
5	12
3	16
3	4
# tree 197
1	3
3	5
5	18
3	15
18	7
5	2
15	4
5	9
5	10
15	13
5	14
3	11
5	12
3	16
1	6
# tree 198
1	3
3	5
5	18
3	15
18	7
5	2
15	4
5	9
5	10
15	13
5	14
3	11
5	12
3	16
3	6
# tree 199
1	3
3	5
5	18
3	15
18	7
5	2
15	4
5	9
5	10
15	13
5	14
3	11
5	12
3	16
18	6
# tree 200
1	3
3	5
5	18
3	15
18	7
5	2
15	4
5	9
5	10
15	13
5	14
3	11
5	12
3	16
5	6
# tree 201
1	3
3	5
3	15
5	7
5	18
5	2
15	4
7	6
5	9
5	10
15	13
5	14
3	11
5	12
3	16
# tree 202
1	3
3	5
5	18
18	7
3	15
5	16
7	6
5	9
5	10
15	13
5	14
3	11
5	12
3	2
1	4
# tree 203
1	3
3	5
5	18
18	7
3	15
5	16
7	6
5	9
5	10
15	13
5	14
3	11
5	12
3	2
3	4
# tree 204
1	3
3	5
5	18
3	15
18	7
5	16
15	4
5	9
5	10
15	13
5	14
3	11
5	12
3	2
1	6
# tree 205
1	3
3	5
5	18
3	15
18	7
5	16
15	4
5	9
5	10
15	13
5	14
3	11
5	12
3	2
3	6
# tree 206
1	3
3	5
5	18
3	15
18	7
5	16
15	4
5	9
5	10
15	13
5	14
3	11
5	12
3	2
18	6
# tree 207
1	3
3	5
5	18
3	15
18	7
5	16
15	4
5	9
5	10
15	13
5	14
3	11
5	12
3	2
5	6
# tree 208
1	3
3	5
3	15
5	7
5	18
5	16
15	4
7	6
5	9
5	10
15	13
5	14
3	11
5	12
3	2
# tree 209
1	3
3	5
5	18
3	15
18	7
5	16
5	2
5	9
5	10
15	13
5	14
3	11
5	12
3	4
1	6
# tree 210
1	3
3	5
5	18
3	15
18	7
5	16
5	2
5	9
5	10
15	13
5	14
3	11
5	12
3	4
3	6
# tree 211
1	3
3	5
5	18
3	15
18	7
5	16
5	2
5	9
5	10
15	13
5	14
3	11
5	12
3	4
18	6
# tree 212
1	3
3	5
5	18
3	15
18	7
5	16
5	2
5	9
5	10
15	13
5	14
3	11
5	12
3	4
5	6
# tree 213
1	3
3	5
5	7
3	15
5	18
5	16
5	2
7	6
5	9
5	10
15	13
5	14
3	11
5	12
3	4
# tree 214
1	3
3	5
3	15
5	18
5	16
5	2
15	4
5	9
5	10
15	13
5	14
3	11
5	12
5	6
5	7
# tree 215
1	3
3	5
5	18
3	15
18	7
3	16
15	4
7	6
5	9
5	10
16	12
5	14
3	11
5	13
3	2
# tree 216
1	3
3	5
5	18
18	7
3	16
3	15
5	2
7	6
5	9
5	10
16	12
5	14
3	11
5	13
1	4
# tree 217
1	3
3	5
5	18
18	7
3	16
3	15
5	2
7	6
5	9
5	10
16	12
5	14
3	11
5	13
3	4
# tree 218
1	3
3	5
5	18
3	15
3	16
18	7
5	2
15	4
5	9
5	10
16	12
5	14
3	11
5	13
1	6
# tree 219
1	3
3	5
5	18
3	15
3	16
18	7
5	2
15	4
5	9
5	10
16	12
5	14
3	11
5	13
3	6
# tree 220
1	3
3	5
5	18
3	15
3	16
18	7
5	2
15	4
5	9
5	10
16	12
5	14
3	11
5	13
18	6
# tree 221
1	3
3	5
5	18
3	15
3	16
18	7
5	2
15	4
5	9
5	10
16	12
5	14
3	11
5	13
5	6
# tree 222
1	3
3	5
3	15
5	7
3	16
5	18
5	2
15	4
7	6
5	9
5	10
16	12
5	14
3	11
5	13
# tree 223
1	3
3	5
5	18
18	7
5	16
3	15
7	6
5	9
5	10
16	12
5	14
3	11
5	13
3	2
1	4
# tree 224
1	3
3	5
5	18
18	7
5	16
3	15
7	6
5	9
5	10
16	12
5	14
3	11
5	13
3	2
3	4
# tree 225
1	3
3	5
5	18
3	15
5	16
18	7
15	4
5	9
5	10
16	12
5	14
3	11
5	13
3	2
1	6
# tree 226
1	3
3	5
5	18
3	15
5	16
18	7
15	4
5	9
5	10
16	12
5	14
3	11
5	13
3	2
3	6
# tree 227
1	3
3	5
5	18
3	15
5	16
18	7
15	4
5	9
5	10
16	12
5	14
3	11
5	13
3	2
18	6
# tree 228
1	3
3	5
5	18
3	15
5	16
18	7
15	4
5	9
5	10
16	12
5	14
3	11
5	13
3	2
5	6
# tree 229
1	3
3	5
3	15
5	7
5	16
5	18
15	4
7	6
5	9
5	10
16	12
5	14
3	11
5	13
3	2
# tree 230
1	3
3	5
5	18
5	16
18	7
3	15
5	2
5	9
5	10
16	12
5	14
3	11
5	13
3	4
1	6
# tree 231
1	3
3	5
5	18
5	16
18	7
3	15
5	2
5	9
5	10
16	12
5	14
3	11
5	13
3	4
3	6
# tree 232
1	3
3	5
5	18
5	16
18	7
3	15
5	2
5	9
5	10
16	12
5	14
3	11
5	13
3	4
18	6
# tree 233
1	3
3	5
5	18
5	16
18	7
3	15
5	2
5	9
5	10
16	12
5	14
3	11
5	13
3	4
5	6
# tree 234
1	3
3	5
5	7
5	16
5	18
3	15
5	2
7	6
5	9
5	10
16	12
5	14
3	11
5	13
3	4
# tree 235
1	3
3	5
3	15
5	16
5	18
5	2
15	4
5	9
5	10
16	12
5	14
3	11
5	13
5	6
5	7
# tree 236
1	3
3	5
5	18
18	7
3	16
3	15
7	6
5	9
5	10
16	12
15	13
5	14
3	11
3	2
1	4
# tree 237
1	3
3	5
5	18
18	7
3	16
3	15
7	6
5	9
5	10
16	12
15	13
5	14
3	11
3	2
3	4
# tree 238
1	3
3	5
5	18
3	15
3	16
18	7
15	4
5	9
5	10
16	12
15	13
5	14
3	11
3	2
1	6
# tree 239
1	3
3	5
5	18
3	15
3	16
18	7
15	4
5	9
5	10
16	12
15	13
5	14
3	11
3	2
3	6
# tree 240
1	3
3	5
5	18
3	15
3	16
18	7
15	4
5	9
5	10
16	12
15	13
5	14
3	11
3	2
18	6
# tree 241
1	3
3	5
5	18
3	15
3	16
18	7
15	4
5	9
5	10
16	12
15	13
5	14
3	11
3	2
5	6
# tree 242
1	3
3	5
3	15
5	7
3	16
5	18
15	4
7	6
5	9
5	10
16	12
15	13
5	14
3	11
3	2
# tree 243
1	3
3	5
5	18
3	16
3	15
18	7
5	2
5	9
5	10
16	12
15	13
5	14
3	11
3	4
1	6
# tree 244
1	3
3	5
5	18
3	16
3	15
18	7
5	2
5	9
5	10
16	12
15	13
5	14
3	11
3	4
3	6
# tree 245
1	3
3	5
5	18
3	16
3	15
18	7
5	2
5	9
5	10
16	12
15	13
5	14
3	11
3	4
18	6
# tree 246
1	3
3	5
5	18
3	16
3	15
18	7
5	2
5	9
5	10
16	12
15	13
5	14
3	11
3	4
5	6
# tree 247
1	3
3	5
5	7
3	16
3	15
5	18
5	2
7	6
5	9
5	10
16	12
15	13
5	14
3	11
3	4
# tree 248
1	3
3	5
3	15
3	16
5	18
5	2
15	4
5	9
5	10
16	12
15	13
5	14
3	11
5	6
5	7
# tree 249
1	3
3	5
5	18
5	16
3	15
18	7
5	9
5	10
16	12
15	13
5	14
3	11
3	2
3	4
1	6
# tree 250
1	3
3	5
5	18
5	16
3	15
18	7
5	9
5	10
16	12
15	13
5	14
3	11
3	2
3	4
3	6
# tree 251
1	3
3	5
5	18
5	16
3	15
18	7
5	9
5	10
16	12
15	13
5	14
3	11
3	2
3	4
18	6
# tree 252
1	3
3	5
5	18
5	16
3	15
18	7
5	9
5	10
16	12
15	13
5	14
3	11
3	2
3	4
5	6
# tree 253
1	3
3	5
5	7
5	16
3	15
5	18
7	6
5	9
5	10
16	12
15	13
5	14
3	11
3	2
3	4
# tree 254
1	3
3	5
3	15
5	16
5	18
15	4
5	9
5	10
16	12
15	13
5	14
3	11
3	2
5	6
5	7
# tree 255
1	3
3	5
5	16
3	15
5	18
5	2
5	9
5	10
16	12
15	13
5	14
3	11
3	4
5	6
5	7
# tree 256
1	3
3	5
5	18
3	15
18	7
15	4
7	6
5	9
5	10
5	11
5	14
5	12
5	13
3	16
3	2
# tree 257
1	3
3	5
5	18
18	7
3	15
5	2
7	6
5	9
5	10
5	11
5	14
5	12
5	13
3	16
1	4
# tree 258
1	3
3	5
5	18
18	7
3	15
5	2
7	6
5	9
5	10
5	11
5	14
5	12
5	13
3	16
3	4
# tree 259
1	3
3	5
5	18
3	15
18	7
5	2
15	4
5	9
5	10
5	11
5	14
5	12
5	13
3	16
1	6
# tree 260
1	3
3	5
5	18
3	15
18	7
5	2
15	4
5	9
5	10
5	11
5	14
5	12
5	13
3	16
3	6
# tree 261
1	3
3	5
5	18
3	15
18	7
5	2
15	4
5	9
5	10
5	11
5	14
5	12
5	13
3	16
18	6
# tree 262
1	3
3	5
5	18
3	15
18	7
5	2
15	4
5	9
5	10
5	11
5	14
5	12
5	13
3	16
5	6
# tree 263
1	3
3	5
3	15
5	7
5	18
5	2
15	4
7	6
5	9
5	10
5	11
5	14
5	12
5	13
3	16
# tree 264
1	3
3	5
5	18
18	7
3	15
5	16
7	6
5	9
5	10
5	11
5	14
5	12
5	13
3	2
1	4
# tree 265
1	3
3	5
5	18
18	7
3	15
5	16
7	6
5	9
5	10
5	11
5	14
5	12
5	13
3	2
3	4
# tree 266
1	3
3	5
5	18
3	15
18	7
5	16
15	4
5	9
5	10
5	11
5	14
5	12
5	13
3	2
1	6
# tree 267
1	3
3	5
5	18
3	15
18	7
5	16
15	4
5	9
5	10
5	11
5	14
5	12
5	13
3	2
3	6
# tree 268
1	3
3	5
5	18
3	15
18	7
5	16
15	4
5	9
5	10
5	11
5	14
5	12
5	13
3	2
18	6
# tree 269
1	3
3	5
5	18
3	15
18	7
5	16
15	4
5	9
5	10
5	11
5	14
5	12
5	13
3	2
5	6
# tree 270
1	3
3	5
3	15
5	7
5	18
5	16
15	4
7	6
5	9
5	10
5	11
5	14
5	12
5	13
3	2
# tree 271
1	3
3	5
5	18
18	7
3	15
5	16
5	2
5	9
5	10
5	11
5	14
5	12
5	13
3	4
1	6
# tree 272
1	3
3	5
5	18
18	7
3	15
5	16
5	2
5	9
5	10
5	11
5	14
5	12
5	13
3	4
3	6
# tree 273
1	3
3	5
5	18
18	7
3	15
5	16
5	2
5	9
5	10
5	11
5	14
5	12
5	13
3	4
18	6
# tree 274
1	3
3	5
5	18
18	7
3	15
5	16
5	2
5	9
5	10
5	11
5	14
5	12
5	13
3	4
5	6
# tree 275
1	3
3	5
5	7
5	18
3	15
5	16
5	2
7	6
5	9
5	10
5	11
5	14
5	12
5	13
3	4
# tree 276
1	3
3	5
3	15
5	18
5	16
5	2
15	4
5	9
5	10
5	11
5	14
5	12
5	13
5	6
5	7
# tree 277
1	3
3	5
5	18
18	7
3	15
7	6
5	9
5	10
5	11
15	13
5	14
5	12
3	16
3	2
1	4
# tree 278
1	3
3	5
5	18
18	7
3	15
7	6
5	9
5	10
5	11
15	13
5	14
5	12
3	16
3	2
3	4
# tree 279
1	3
3	5
5	18
3	15
18	7
15	4
5	9
5	10
5	11
15	13
5	14
5	12
3	16
3	2
1	6
# tree 280
1	3
3	5
5	18
3	15
18	7
15	4
5	9
5	10
5	11
15	13
5	14
5	12
3	16
3	2
3	6
# tree 281
1	3
3	5
5	18
3	15
18	7
15	4
5	9
5	10
5	11
15	13
5	14
5	12
3	16
3	2
18	6
# tree 282
1	3
3	5
5	18
3	15
18	7
15	4
5	9
5	10
5	11
15	13
5	14
5	12
3	16
3	2
5	6
# tree 283
1	3
3	5
3	15
5	7
5	18
15	4
7	6
5	9
5	10
5	11
15	13
5	14
5	12
3	16
3	2
# tree 284
1	3
3	5
5	18
3	15
18	7
5	2
5	9
5	10
5	11
15	13
5	14
5	12
3	16
3	4
1	6
# tree 285
1	3
3	5
5	18
3	15
18	7
5	2
5	9
5	10
5	11
15	13
5	14
5	12
3	16
3	4
3	6
# tree 286
1	3
3	5
5	18
3	15
18	7
5	2
5	9
5	10
5	11
15	13
5	14
5	12
3	16
3	4
18	6
# tree 287
1	3
3	5
5	18
3	15
18	7
5	2
5	9
5	10
5	11
15	13
5	14
5	12
3	16
3	4
5	6
# tree 288
1	3
3	5
5	7
3	15
5	18
5	2
7	6
5	9
5	10
5	11
15	13
5	14
5	12
3	16
3	4
# tree 289
1	3
3	5
3	15
5	18
5	2
15	4
5	9
5	10
5	11
15	13
5	14
5	12
3	16
5	6
5	7
# tree 290
1	3
3	5
5	18
3	15
18	7
5	16
5	9
5	10
5	11
15	13
5	14
5	12
3	2
3	4
1	6
# tree 291
1	3
3	5
5	18
3	15
18	7
5	16
5	9
5	10
5	11
15	13
5	14
5	12
3	2
3	4
3	6
# tree 292
1	3
3	5
5	18
3	15
18	7
5	16
5	9
5	10
5	11
15	13
5	14
5	12
3	2
3	4
18	6
# tree 293
1	3
3	5
5	18
3	15
18	7
5	16
5	9
5	10
5	11
15	13
5	14
5	12
3	2
3	4
5	6
# tree 294
1	3
3	5
5	7
3	15
5	18
5	16
7	6
5	9
5	10
5	11
15	13
5	14
5	12
3	2
3	4
# tree 295
1	3
3	5
3	15
5	18
5	16
15	4
5	9
5	10
5	11
15	13
5	14
5	12
3	2
5	6
5	7
# tree 296
1	3
3	5
3	15
5	18
5	16
5	2
5	9
5	10
5	11
15	13
5	14
5	12
3	4
5	6
5	7
# tree 297
1	3
3	5
5	18
18	7
3	16
3	15
7	6
5	9
5	10
5	11
16	12
5	14
16	13
3	2
1	4
# tree 298
1	3
3	5
5	18
18	7
3	16
3	15
7	6
5	9
5	10
5	11
16	12
5	14
16	13
3	2
3	4
# tree 299
1	3
3	5
5	18
3	15
3	16
18	7
15	4
5	9
5	10
5	11
16	12
5	14
16	13
3	2
1	6
# tree 300
1	3
3	5
5	18
3	15
3	16
18	7
15	4
5	9
5	10
5	11
16	12
5	14
16	13
3	2
3	6
# tree 301
1	3
3	5
5	18
3	15
3	16
18	7
15	4
5	9
5	10
5	11
16	12
5	14
16	13
3	2
18	6
# tree 302
1	3
3	5
5	18
3	15
3	16
18	7
15	4
5	9
5	10
5	11
16	12
5	14
16	13
3	2
5	6
# tree 303
1	3
3	5
3	15
5	7
3	16
5	18
15	4
7	6
5	9
5	10
5	11
16	12
5	14
16	13
3	2
# tree 304
1	3
3	5
5	18
3	16
18	7
3	15
5	2
5	9
5	10
5	11
16	12
5	14
16	13
3	4
1	6
# tree 305
1	3
3	5
5	18
3	16
18	7
3	15
5	2
5	9
5	10
5	11
16	12
5	14
16	13
3	4
3	6
# tree 306
1	3
3	5
5	18
3	16
18	7
3	15
5	2
5	9
5	10
5	11
16	12
5	14
16	13
3	4
18	6
# tree 307
1	3
3	5
5	18
3	16
18	7
3	15
5	2
5	9
5	10
5	11
16	12
5	14
16	13
3	4
5	6
# tree 308
1	3
3	5
5	7
3	16
5	18
3	15
5	2
7	6
5	9
5	10
5	11
16	12
5	14
16	13
3	4
# tree 309
1	3
3	5
3	15
3	16
5	18
5	2
15	4
5	9
5	10
5	11
16	12
5	14
16	13
5	6
5	7
# tree 310
1	3
3	5
5	18
5	16
18	7
3	15
5	9
5	10
5	11
16	12
5	14
16	13
3	2
3	4
1	6
# tree 311
1	3
3	5
5	18
5	16
18	7
3	15
5	9
5	10
5	11
16	12
5	14
16	13
3	2
3	4
3	6
# tree 312
1	3
3	5
5	18
5	16
18	7
3	15
5	9
5	10
5	11
16	12
5	14
16	13
3	2
3	4
18	6
# tree 313
1	3
3	5
5	18
5	16
18	7
3	15
5	9
5	10
5	11
16	12
5	14
16	13
3	2
3	4
5	6
# tree 314
1	3
3	5
5	7
5	16
5	18
3	15
7	6
5	9
5	10
5	11
16	12
5	14
16	13
3	2
3	4
# tree 315
1	3
3	5
3	15
5	16
5	18
15	4
5	9
5	10
5	11
16	12
5	14
16	13
3	2
5	6
5	7
# tree 316
1	3
3	5
5	16
5	18
3	15
5	2
5	9
5	10
5	11
16	12
5	14
16	13
3	4
5	6
5	7
# tree 317
1	3
3	5
5	18
3	16
3	15
18	7
5	9
5	10
5	11
16	12
15	13
5	14
3	2
3	4
1	6
# tree 318
1	3
3	5
5	18
3	16
3	15
18	7
5	9
5	10
5	11
16	12
15	13
5	14
3	2
3	4
3	6
# tree 319
1	3
3	5
5	18
3	16
3	15
18	7
5	9
5	10
5	11
16	12
15	13
5	14
3	2
3	4
18	6
# tree 320
1	3
3	5
5	18
3	16
3	15
18	7
5	9
5	10
5	11
16	12
15	13
5	14
3	2
3	4
5	6
# tree 321
1	3
3	5
5	7
3	16
3	15
5	18
7	6
5	9
5	10
5	11
16	12
15	13
5	14
3	2
3	4
# tree 322
1	3
3	5
3	15
3	16
5	18
15	4
5	9
5	10
5	11
16	12
15	13
5	14
3	2
5	6
5	7
# tree 323
1	3
3	5
3	16
3	15
5	18
5	2
5	9
5	10
5	11
16	12
15	13
5	14
3	4
5	6
5	7
# tree 324
1	3
3	5
5	16
3	15
5	18
5	9
5	10
5	11
16	12
15	13
5	14
3	2
3	4
5	6
5	7
# tree 325
1	3
3	5
5	18
3	15
18	7
15	4
7	6
5	9
5	10
5	14
3	11
5	12
5	13
3	16
3	2
# tree 326
1	3
3	5
5	18
18	7
3	15
5	2
7	6
5	9
5	10
5	14
3	11
5	12
5	13
3	16
1	4
# tree 327
1	3
3	5
5	18
18	7
3	15
5	2
7	6
5	9
5	10
5	14
3	11
5	12
5	13
3	16
3	4
# tree 328
1	3
3	5
5	18
3	15
18	7
5	2
15	4
5	9
5	10
5	14
3	11
5	12
5	13
3	16
1	6
# tree 329
1	3
3	5
5	18
3	15
18	7
5	2
15	4
5	9
5	10
5	14
3	11
5	12
5	13
3	16
3	6
# tree 330
1	3
3	5
5	18
3	15
18	7
5	2
15	4
5	9
5	10
5	14
3	11
5	12
5	13
3	16
18	6
# tree 331
1	3
3	5
5	18
3	15
18	7
5	2
15	4
5	9
5	10
5	14
3	11
5	12
5	13
3	16
5	6
# tree 332
1	3
3	5
3	15
5	7
5	18
5	2
15	4
7	6
5	9
5	10
5	14
3	11
5	12
5	13
3	16
# tree 333
1	3
3	5
5	18
18	7
3	15
5	16
7	6
5	9
5	10
5	14
3	11
5	12
5	13
3	2
1	4
# tree 334
1	3
3	5
5	18
18	7
3	15
5	16
7	6
5	9
5	10
5	14
3	11
5	12
5	13
3	2
3	4
# tree 335
1	3
3	5
5	18
3	15
18	7
5	16
15	4
5	9
5	10
5	14
3	11
5	12
5	13
3	2
1	6
# tree 336
1	3
3	5
5	18
3	15
18	7
5	16
15	4
5	9
5	10
5	14
3	11
5	12
5	13
3	2
3	6
# tree 337
1	3
3	5
5	18
3	15
18	7
5	16
15	4
5	9
5	10
5	14
3	11
5	12
5	13
3	2
18	6
# tree 338
1	3
3	5
5	18
3	15
18	7
5	16
15	4
5	9
5	10
5	14
3	11
5	12
5	13
3	2
5	6
# tree 339
1	3
3	5
3	15
5	7
5	18
5	16
15	4
7	6
5	9
5	10
5	14
3	11
5	12
5	13
3	2
# tree 340
1	3
3	5
5	18
18	7
3	15
5	16
5	2
5	9
5	10
5	14
3	11
5	12
5	13
3	4
1	6
# tree 341
1	3
3	5
5	18
18	7
3	15
5	16
5	2
5	9
5	10
5	14
3	11
5	12
5	13
3	4
3	6
# tree 342
1	3
3	5
5	18
18	7
3	15
5	16
5	2
5	9
5	10
5	14
3	11
5	12
5	13
3	4
18	6
# tree 343
1	3
3	5
5	18
18	7
3	15
5	16
5	2
5	9
5	10
5	14
3	11
5	12
5	13
3	4
5	6
# tree 344
1	3
3	5
5	7
5	18
3	15
5	16
5	2
7	6
5	9
5	10
5	14
3	11
5	12
5	13
3	4
# tree 345
1	3
3	5
3	15
5	18
5	16
5	2
15	4
5	9
5	10
5	14
3	11
5	12
5	13
5	6
5	7
# tree 346
1	3
3	5
5	18
18	7
3	15
7	6
5	9
5	10
15	13
5	14
3	11
5	12
3	16
3	2
1	4
# tree 347
1	3
3	5
5	18
18	7
3	15
7	6
5	9
5	10
15	13
5	14
3	11
5	12
3	16
3	2
3	4
# tree 348
1	3
3	5
5	18
3	15
18	7
15	4
5	9
5	10
15	13
5	14
3	11
5	12
3	16
3	2
1	6
# tree 349
1	3
3	5
5	18
3	15
18	7
15	4
5	9
5	10
15	13
5	14
3	11
5	12
3	16
3	2
3	6
# tree 350
1	3
3	5
5	18
3	15
18	7
15	4
5	9
5	10
15	13
5	14
3	11
5	12
3	16
3	2
18	6
# tree 351
1	3
3	5
5	18
3	15
18	7
15	4
5	9
5	10
15	13
5	14
3	11
5	12
3	16
3	2
5	6
# tree 352
1	3
3	5
3	15
5	7
5	18
15	4
7	6
5	9
5	10
15	13
5	14
3	11
5	12
3	16
3	2
# tree 353
1	3
3	5
5	18
3	15
18	7
5	2
5	9
5	10
15	13
5	14
3	11
5	12
3	16
3	4
1	6
# tree 354
1	3
3	5
5	18
3	15
18	7
5	2
5	9
5	10
15	13
5	14
3	11
5	12
3	16
3	4
3	6
# tree 355
1	3
3	5
5	18
3	15
18	7
5	2
5	9
5	10
15	13
5	14
3	11
5	12
3	16
3	4
18	6
# tree 356
1	3
3	5
5	18
3	15
18	7
5	2
5	9
5	10
15	13
5	14
3	11
5	12
3	16
3	4
5	6
# tree 357
1	3
3	5
5	7
3	15
5	18
5	2
7	6
5	9
5	10
15	13
5	14
3	11
5	12
3	16
3	4
# tree 358
1	3
3	5
3	15
5	18
5	2
15	4
5	9
5	10
15	13
5	14
3	11
5	12
3	16
5	6
5	7
# tree 359
1	3
3	5
5	18
3	15
18	7
5	16
5	9
5	10
15	13
5	14
3	11
5	12
3	2
3	4
1	6
# tree 360
1	3
3	5
5	18
3	15
18	7
5	16
5	9
5	10
15	13
5	14
3	11
5	12
3	2
3	4
3	6
# tree 361
1	3
3	5
5	18
3	15
18	7
5	16
5	9
5	10
15	13
5	14
3	11
5	12
3	2
3	4
18	6
# tree 362
1	3
3	5
5	18
3	15
18	7
5	16
5	9
5	10
15	13
5	14
3	11
5	12
3	2
3	4
5	6
# tree 363
1	3
3	5
5	7
3	15
5	18
5	16
7	6
5	9
5	10
15	13
5	14
3	11
5	12
3	2
3	4
# tree 364
1	3
3	5
3	15
5	18
5	16
15	4
5	9
5	10
15	13
5	14
3	11
5	12
3	2
5	6
5	7
# tree 365
1	3
3	5
3	15
5	18
5	16
5	2
5	9
5	10
15	13
5	14
3	11
5	12
3	4
5	6
5	7
# tree 366
1	3
3	5
5	18
18	7
3	16
3	15
7	6
5	9
5	10
16	12
5	14
3	11
5	13
3	2
1	4
# tree 367
1	3
3	5
5	18
18	7
3	16
3	15
7	6
5	9
5	10
16	12
5	14
3	11
5	13
3	2
3	4
# tree 368
1	3
3	5
5	18
3	15
3	16
18	7
15	4
5	9
5	10
16	12
5	14
3	11
5	13
3	2
1	6
# tree 369
1	3
3	5
5	18
3	15
3	16
18	7
15	4
5	9
5	10
16	12
5	14
3	11
5	13
3	2
3	6
# tree 370
1	3
3	5
5	18
3	15
3	16
18	7
15	4
5	9
5	10
16	12
5	14
3	11
5	13
3	2
18	6
# tree 371
1	3
3	5
5	18
3	15
3	16
18	7
15	4
5	9
5	10
16	12
5	14
3	11
5	13
3	2
5	6
# tree 372
1	3
3	5
3	15
5	7
3	16
5	18
15	4
7	6
5	9
5	10
16	12
5	14
3	11
5	13
3	2
# tree 373
1	3
3	5
5	18
3	16
18	7
3	15
5	2
5	9
5	10
16	12
5	14
3	11
5	13
3	4
1	6
# tree 374
1	3
3	5
5	18
3	16
18	7
3	15
5	2
5	9
5	10
16	12
5	14
3	11
5	13
3	4
3	6
# tree 375
1	3
3	5
5	18
3	16
18	7
3	15
5	2
5	9
5	10
16	12
5	14
3	11
5	13
3	4
18	6
# tree 376
1	3
3	5
5	18
3	16
18	7
3	15
5	2
5	9
5	10
16	12
5	14
3	11
5	13
3	4
5	6
# tree 377
1	3
3	5
5	7
3	16
5	18
3	15
5	2
7	6
5	9
5	10
16	12
5	14
3	11
5	13
3	4
# tree 378
1	3
3	5
3	15
3	16
5	18
5	2
15	4
5	9
5	10
16	12
5	14
3	11
5	13
5	6
5	7
# tree 379
1	3
3	5
5	18
5	16
18	7
3	15
5	9
5	10
16	12
5	14
3	11
5	13
3	2
3	4
1	6
# tree 380
1	3
3	5
5	18
5	16
18	7
3	15
5	9
5	10
16	12
5	14
3	11
5	13
3	2
3	4
3	6
# tree 381
1	3
3	5
5	18
5	16
18	7
3	15
5	9
5	10
16	12
5	14
3	11
5	13
3	2
3	4
18	6
# tree 382
1	3
3	5
5	18
5	16
18	7
3	15
5	9
5	10
16	12
5	14
3	11
5	13
3	2
3	4
5	6
# tree 383
1	3
3	5
5	7
5	16
5	18
3	15
7	6
5	9
5	10
16	12
5	14
3	11
5	13
3	2
3	4
# tree 384
1	3
3	5
3	15
5	16
5	18
15	4
5	9
5	10
16	12
5	14
3	11
5	13
3	2
5	6
5	7
# tree 385
1	3
3	5
5	16
5	18
3	15
5	2
5	9
5	10
16	12
5	14
3	11
5	13
3	4
5	6
5	7
# tree 386
1	3
3	5
5	18
3	16
3	15
18	7
5	9
5	10
16	12
15	13
5	14
3	11
3	2
3	4
1	6
# tree 387
1	3
3	5
5	18
3	16
3	15
18	7
5	9
5	10
16	12
15	13
5	14
3	11
3	2
3	4
3	6
# tree 388
1	3
3	5
5	18
3	16
3	15
18	7
5	9
5	10
16	12
15	13
5	14
3	11
3	2
3	4
18	6
# tree 389
1	3
3	5
5	18
3	16
3	15
18	7
5	9
5	10
16	12
15	13
5	14
3	11
3	2
3	4
5	6
# tree 390
1	3
3	5
5	7
3	16
3	15
5	18
7	6
5	9
5	10
16	12
15	13
5	14
3	11
3	2
3	4
# tree 391
1	3
3	5
3	15
3	16
5	18
15	4
5	9
5	10
16	12
15	13
5	14
3	11
3	2
5	6
5	7
# tree 392
1	3
3	5
3	16
3	15
5	18
5	2
5	9
5	10
16	12
15	13
5	14
3	11
3	4
5	6
5	7
# tree 393
1	3
3	5
5	16
3	15
5	18
5	9
5	10
16	12
15	13
5	14
3	11
3	2
3	4
5	6
5	7
# tree 394
1	3
3	5
5	18
18	7
3	15
7	6
5	9
5	10
5	11
5	14
5	12
5	13
3	16
3	2
1	4
# tree 395
1	3
3	5
5	18
18	7
3	15
7	6
5	9
5	10
5	11
5	14
5	12
5	13
3	16
3	2
3	4
# tree 396
1	3
3	5
5	18
3	15
18	7
15	4
5	9
5	10
5	11
5	14
5	12
5	13
3	16
3	2
1	6
# tree 397
1	3
3	5
5	18
3	15
18	7
15	4
5	9
5	10
5	11
5	14
5	12
5	13
3	16
3	2
3	6
# tree 398
1	3
3	5
5	18
3	15
18	7
15	4
5	9
5	10
5	11
5	14
5	12
5	13
3	16
3	2
18	6
# tree 399
1	3
3	5
5	18
3	15
18	7
15	4
5	9
5	10
5	11
5	14
5	12
5	13
3	16
3	2
5	6
# tree 400
1	3
3	5
3	15
5	7
5	18
15	4
7	6
5	9
5	10
5	11
5	14
5	12
5	13
3	16
3	2
# tree 401
1	3
3	5
5	18
18	7
3	15
5	2
5	9
5	10
5	11
5	14
5	12
5	13
3	16
3	4
1	6
# tree 402
1	3
3	5
5	18
18	7
3	15
5	2
5	9
5	10
5	11
5	14
5	12
5	13
3	16
3	4
3	6
# tree 403
1	3
3	5
5	18
18	7
3	15
5	2
5	9
5	10
5	11
5	14
5	12
5	13
3	16
3	4
18	6
# tree 404
1	3
3	5
5	18
18	7
3	15
5	2
5	9
5	10
5	11
5	14
5	12
5	13
3	16
3	4
5	6
# tree 405
1	3
3	5
5	7
5	18
3	15
5	2
7	6
5	9
5	10
5	11
5	14
5	12
5	13
3	16
3	4
# tree 406
1	3
3	5
3	15
5	18
5	2
15	4
5	9
5	10
5	11
5	14
5	12
5	13
3	16
5	6
5	7
# tree 407
1	3
3	5
5	18
18	7
3	15
5	16
5	9
5	10
5	11
5	14
5	12
5	13
3	2
3	4
1	6
# tree 408
1	3
3	5
5	18
18	7
3	15
5	16
5	9
5	10
5	11
5	14
5	12
5	13
3	2
3	4
3	6
# tree 409
1	3
3	5
5	18
18	7
3	15
5	16
5	9
5	10
5	11
5	14
5	12
5	13
3	2
3	4
18	6
# tree 410
1	3
3	5
5	18
18	7
3	15
5	16
5	9
5	10
5	11
5	14
5	12
5	13
3	2
3	4
5	6
# tree 411
1	3
3	5
5	7
5	18
3	15
5	16
7	6
5	9
5	10
5	11
5	14
5	12
5	13
3	2
3	4
# tree 412
1	3
3	5
3	15
5	18
5	16
15	4
5	9
5	10
5	11
5	14
5	12
5	13
3	2
5	6
5	7
# tree 413
1	3
3	5
5	18
3	15
5	16
5	2
5	9
5	10
5	11
5	14
5	12
5	13
3	4
5	6
5	7
# tree 414
1	3
3	5
5	18
3	15
18	7
5	9
5	10
5	11
15	13
5	14
5	12
3	16
3	2
3	4
1	6
# tree 415
1	3
3	5
5	18
3	15
18	7
5	9
5	10
5	11
15	13
5	14
5	12
3	16
3	2
3	4
3	6
# tree 416
1	3
3	5
5	18
3	15
18	7
5	9
5	10
5	11
15	13
5	14
5	12
3	16
3	2
3	4
18	6
# tree 417
1	3
3	5
5	18
3	15
18	7
5	9
5	10
5	11
15	13
5	14
5	12
3	16
3	2
3	4
5	6
# tree 418
1	3
3	5
5	7
3	15
5	18
7	6
5	9
5	10
5	11
15	13
5	14
5	12
3	16
3	2
3	4
# tree 419
1	3
3	5
3	15
5	18
15	4
5	9
5	10
5	11
15	13
5	14
5	12
3	16
3	2
5	6
5	7
# tree 420
1	3
3	5
3	15
5	18
5	2
5	9
5	10
5	11
15	13
5	14
5	12
3	16
3	4
5	6
5	7
# tree 421
1	3
3	5
3	15
5	18
5	16
5	9
5	10
5	11
15	13
5	14
5	12
3	2
3	4
5	6
5	7
# tree 422
1	3
3	5
5	18
3	16
18	7
3	15
5	9
5	10
5	11
16	12
5	14
16	13
3	2
3	4
1	6
# tree 423
1	3
3	5
5	18
3	16
18	7
3	15
5	9
5	10
5	11
16	12
5	14
16	13
3	2
3	4
3	6
# tree 424
1	3
3	5
5	18
3	16
18	7
3	15
5	9
5	10
5	11
16	12
5	14
16	13
3	2
3	4
18	6
# tree 425
1	3
3	5
5	18
3	16
18	7
3	15
5	9
5	10
5	11
16	12
5	14
16	13
3	2
3	4
5	6
# tree 426
1	3
3	5
5	7
3	16
5	18
3	15
7	6
5	9
5	10
5	11
16	12
5	14
16	13
3	2
3	4
# tree 427
1	3
3	5
3	15
3	16
5	18
15	4
5	9
5	10
5	11
16	12
5	14
16	13
3	2
5	6
5	7
# tree 428
1	3
3	5
3	16
5	18
3	15
5	2
5	9
5	10
5	11
16	12
5	14
16	13
3	4
5	6
5	7
# tree 429
1	3
3	5
5	16
5	18
3	15
5	9
5	10
5	11
16	12
5	14
16	13
3	2
3	4
5	6
5	7
# tree 430
1	3
3	5
3	16
3	15
5	18
5	9
5	10
5	11
16	12
15	13
5	14
3	2
3	4
5	6
5	7
