### 472 trees
# tree 1
0	1
16	2
1	3
1	4
2	5
11	6
25	7
2	11
3	12
12	13
1	15
0	16
23	18
26	19
1	23
4	25
5	26
19	28
13	8
6	9
5	10
15	14
5	17
5	20
18	21
5	22
7	24
26	27
28	29
# tree 2
0	16
0	1
16	2
2	11
1	3
3	12
1	23
5	26
1	4
2	5
26	19
12	13
11	6
1	15
23	18
1	7
19	28
4	25
13	8
6	9
5	10
15	14
5	17
5	20
18	21
5	22
7	24
26	27
28	29
# tree 3
0	16
0	1
16	2
2	11
1	3
3	12
1	23
5	26
1	4
2	5
26	19
12	13
11	6
1	15
23	18
4	7
19	28
4	25
13	8
6	9
5	10
15	14
5	17
5	20
18	21
5	22
7	24
26	27
28	29
# tree 4
0	16
0	1
16	2
2	11
4	25
1	3
3	12
1	23
5	26
1	4
2	5
26	19
11	6
1	15
23	18
25	7
19	28
12	13
6	9
5	10
15	14
5	17
5	20
18	21
5	22
7	24
26	27
28	29
3	8
# tree 5
0	16
0	1
16	2
2	11
4	25
1	3
3	12
1	23
5	26
1	4
2	5
26	19
11	6
1	15
23	18
25	7
19	28
12	13
6	9
5	10
15	14
5	17
5	20
18	21
5	22
7	24
26	27
28	29
12	8
# tree 6
0	16
0	1
16	2
2	11
4	25
1	3
3	12
1	23
5	26
1	4
2	5
26	19
12	13
11	6
1	15
23	18
25	7
19	28
5	17
26	27
13	8
6	9
15	14
5	20
18	21
5	22
7	24
28	29
17	10
# tree 7
0	16
0	1
16	2
2	11
4	25
1	3
3	12
5	26
1	4
2	5
26	19
12	13
11	6
1	15
1	18
25	7
19	28
1	23
13	8
6	9
5	10
15	14
5	17
5	20
18	21
5	22
7	24
26	27
28	29
# tree 8
0	16
0	1
16	2
2	11
4	25
1	3
3	12
1	23
5	26
1	4
2	5
26	19
12	13
11	6
1	15
23	18
25	7
19	28
13	8
6	9
5	10
15	14
5	17
18	21
5	22
7	24
26	27
28	29
2	20
# tree 9
0	16
0	1
16	2
2	11
4	25
1	3
3	12
1	23
5	26
1	4
2	5
26	19
12	13
11	6
1	15
23	18
19	28
25	7
13	8
6	9
5	10
15	14
5	17
5	20
18	21
5	22
26	27
28	29
23	24
# tree 10
0	16
0	1
16	2
2	11
4	25
1	3
3	12
1	23
5	26
1	4
2	5
26	19
12	13
11	6
1	15
23	18
19	28
25	7
13	8
6	9
5	10
15	14
5	17
5	20
18	21
5	22
26	27
28	29
25	24
# tree 11
0	16
0	1
16	2
2	11
23	25
1	3
3	12
1	23
5	26
2	5
26	19
12	13
11	6
1	15
23	18
25	7
19	28
1	4
13	8
6	9
5	10
15	14
5	17
5	20
18	21
5	22
7	24
26	27
28	29
# tree 12
0	16
0	1
16	2
2	11
4	25
1	3
3	12
1	23
5	26
1	4
2	5
12	13
11	6
1	15
23	18
25	7
26	28
26	19
13	8
6	9
5	10
15	14
5	17
5	20
18	21
5	22
7	24
26	27
28	29
# tree 13
0	16
0	1
16	2
2	11
4	25
1	3
3	12
1	23
5	26
1	4
2	5
26	19
12	13
11	6
1	15
23	18
25	7
19	28
13	8
6	9
5	10
15	14
5	17
5	20
18	21
5	22
7	24
26	27
19	29
# tree 14
0	16
16	2
0	1
1	3
2	5
5	26
3	12
2	11
1	23
1	4
26	19
11	6
1	15
23	18
4	7
19	28
12	13
4	25
6	9
5	10
15	14
5	17
5	20
18	21
5	22
7	24
26	27
28	29
3	8
# tree 15
0	16
16	2
0	1
1	3
2	5
5	26
3	12
2	11
1	23
1	4
26	19
11	6
1	15
23	18
4	7
19	28
12	13
4	25
6	9
5	10
15	14
5	17
5	20
18	21
5	22
7	24
26	27
28	29
12	8
# tree 16
0	16
16	2
0	1
1	3
2	5
5	26
3	12
2	11
1	23
1	4
26	19
12	13
11	6
1	15
23	18
4	7
19	28
4	25
13	8
6	9
26	10
15	14
5	17
5	20
18	21
5	22
7	24
26	27
28	29
# tree 17
0	16
16	2
0	1
1	3
2	5
5	26
3	12
2	11
1	23
1	4
26	19
12	13
11	6
1	15
23	18
4	7
19	28
4	25
13	8
6	9
5	10
15	14
26	17
5	20
18	21
5	22
7	24
26	27
28	29
# tree 18
0	16
16	2
0	1
1	3
2	5
5	26
3	12
2	11
1	4
26	19
12	13
11	6
1	15
1	18
4	7
19	28
1	23
4	25
13	8
6	9
5	10
15	14
5	17
5	20
18	21
5	22
7	24
26	27
28	29
# tree 19
0	16
16	2
0	1
1	3
2	5
5	26
3	12
2	11
1	23
1	4
26	19
12	13
11	6
1	15
23	18
4	7
19	28
4	25
13	8
6	9
5	10
15	14
5	17
18	21
5	22
7	24
26	27
28	29
2	20
# tree 20
0	16
16	2
0	1
1	3
2	5
5	26
3	12
2	11
1	23
1	4
26	19
12	13
11	6
1	15
23	18
4	7
19	28
4	25
13	8
6	9
5	10
15	14
5	17
18	21
5	22
7	24
26	27
28	29
11	20
# tree 21
0	16
16	2
0	1
1	3
2	5
5	26
3	12
2	11
1	23
1	4
26	19
12	13
11	6
1	15
23	18
4	7
19	28
4	25
13	8
6	9
5	10
15	14
5	17
18	21
5	22
7	24
26	27
28	29
6	20
# tree 22
0	16
16	2
0	1
1	3
2	5
5	26
3	12
2	11
1	23
1	4
26	19
12	13
11	6
1	15
23	18
19	28
4	7
4	25
13	8
6	9
5	10
15	14
5	17
5	20
18	21
5	22
26	27
28	29
0	24
# tree 23
0	16
16	2
0	1
1	3
2	5
5	26
3	12
2	11
1	23
1	4
26	19
12	13
11	6
1	15
23	18
19	28
4	7
4	25
13	8
6	9
5	10
15	14
5	17
5	20
18	21
5	22
26	27
28	29
1	24
# tree 24
0	16
16	2
0	1
1	3
2	5
5	26
3	12
2	11
1	23
1	4
26	19
12	13
11	6
1	15
23	18
19	28
4	25
4	7
13	8
6	9
5	10
15	14
5	17
5	20
18	21
5	22
26	27
28	29
25	24
# tree 25
0	16
16	2
0	1
1	3
2	5
5	26
3	12
2	11
1	23
1	4
26	19
12	13
11	6
1	15
23	18
19	28
4	7
4	25
13	8
6	9
5	10
15	14
5	17
5	20
18	21
5	22
26	27
28	29
4	24
# tree 26
0	16
16	2
0	1
1	3
2	5
5	26
3	12
2	11
1	23
1	4
12	13
11	6
1	15
23	18
4	7
26	28
26	19
4	25
13	8
6	9
5	10
15	14
5	17
5	20
18	21
5	22
7	24
26	27
28	29
# tree 27
0	16
16	2
0	1
1	3
2	5
5	26
3	12
2	11
1	23
1	4
26	19
12	13
11	6
1	15
23	18
4	7
19	28
4	25
13	8
6	9
5	10
15	14
5	17
5	20
18	21
5	22
7	24
26	27
19	29
# tree 28
0	16
16	2
1	4
0	1
1	3
2	5
5	26
2	11
1	23
4	25
26	19
3	12
11	6
1	15
23	18
25	7
19	28
12	13
6	9
26	10
15	14
5	17
5	20
18	21
5	22
7	24
26	27
28	29
12	8
# tree 29
0	16
16	2
1	4
0	1
1	3
2	5
5	26
2	11
1	23
4	25
26	19
3	12
11	6
1	15
23	18
25	7
19	28
12	13
6	9
5	10
15	14
26	17
5	20
18	21
5	22
7	24
26	27
28	29
12	8
# tree 30
0	16
16	2
1	4
0	1
1	3
2	5
5	26
2	11
4	25
26	19
3	12
11	6
1	15
1	18
25	7
19	28
1	23
12	13
6	9
5	10
15	14
5	17
5	20
18	21
5	22
7	24
26	27
28	29
12	8
# tree 31
0	16
16	2
1	4
0	1
1	3
2	5
5	26
2	11
1	23
4	25
26	19
3	12
11	6
1	15
23	18
25	7
19	28
12	13
6	9
5	10
15	14
5	17
18	21
5	22
7	24
26	27
28	29
12	8
2	20
# tree 32
0	16
16	2
1	4
0	1
1	3
2	5
5	26
2	11
1	23
4	25
26	19
3	12
11	6
1	15
23	18
25	7
19	28
12	13
6	9
5	10
15	14
5	17
18	21
5	22
7	24
26	27
28	29
12	8
11	20
# tree 33
0	16
16	2
1	4
0	1
1	3
2	5
5	26
2	11
1	23
4	25
26	19
3	12
11	6
1	15
23	18
25	7
19	28
12	13
6	9
5	10
15	14
5	17
18	21
5	22
7	24
26	27
28	29
12	8
6	20
# tree 34
0	16
16	2
1	4
0	1
1	3
2	5
5	26
2	11
1	23
4	25
26	19
3	12
11	6
1	15
23	18
19	28
25	7
12	13
6	9
5	10
15	14
5	17
5	20
18	21
5	22
26	27
28	29
12	8
0	24
# tree 35
0	16
16	2
1	4
0	1
1	3
2	5
5	26
2	11
1	23
4	25
26	19
3	12
11	6
1	15
23	18
19	28
25	7
12	13
6	9
5	10
15	14
5	17
5	20
18	21
5	22
26	27
28	29
12	8
1	24
# tree 36
0	16
16	2
1	4
0	1
1	3
2	5
5	26
2	11
1	23
4	25
26	19
3	12
11	6
1	15
23	18
19	28
25	7
12	13
6	9
5	10
15	14
5	17
5	20
18	21
5	22
26	27
28	29
12	8
25	24
# tree 37
0	16
16	2
1	4
0	1
1	3
2	5
5	26
2	11
1	23
4	25
26	19
3	12
11	6
1	15
23	18
19	28
25	7
12	13
6	9
5	10
15	14
5	17
5	20
18	21
5	22
26	27
28	29
12	8
4	24
# tree 38
0	16
16	2
1	4
0	1
1	3
2	5
5	26
2	11
1	23
4	25
3	12
11	6
1	15
23	18
25	7
26	28
26	19
12	13
6	9
5	10
15	14
5	17
5	20
18	21
5	22
7	24
26	27
28	29
12	8
# tree 39
0	16
16	2
1	4
0	1
1	3
2	5
5	26
2	11
1	23
4	25
26	19
3	12
11	6
1	15
23	18
25	7
19	28
12	13
6	9
5	10
15	14
5	17
5	20
18	21
5	22
7	24
26	27
12	8
19	29
# tree 40
0	16
16	2
1	4
0	1
1	3
2	5
5	26
3	12
2	11
1	23
4	25
26	19
12	13
11	6
1	15
23	18
25	7
19	28
13	8
6	9
26	10
15	14
5	17
5	20
18	21
5	22
7	24
26	27
28	29
# tree 41
0	16
16	2
1	4
0	1
1	3
2	5
5	26
3	12
2	11
1	23
4	25
26	19
12	13
11	6
1	15
23	18
25	7
19	28
13	8
6	9
5	10
15	14
26	17
5	20
18	21
5	22
7	24
26	27
28	29
# tree 42
0	16
16	2
1	4
0	1
1	3
2	5
5	26
3	12
2	11
1	23
4	25
26	19
12	13
11	6
1	15
23	18
25	7
19	28
13	8
6	9
5	10
15	14
5	17
18	21
5	22
7	24
26	27
28	29
11	20
# tree 43
0	16
16	2
1	4
0	1
1	3
2	5
5	26
3	12
2	11
1	23
4	25
26	19
12	13
11	6
1	15
23	18
25	7
19	28
13	8
6	9
5	10
15	14
5	17
18	21
5	22
7	24
26	27
28	29
6	20
# tree 44
0	16
16	2
1	4
0	1
1	3
2	5
5	26
3	12
2	11
1	23
4	25
26	19
12	13
11	6
1	15
23	18
19	28
25	7
13	8
6	9
5	10
15	14
5	17
5	20
18	21
5	22
26	27
28	29
0	24
# tree 45
0	16
16	2
1	4
0	1
1	3
2	5
5	26
3	12
2	11
1	23
4	25
26	19
12	13
11	6
1	15
23	18
19	28
25	7
13	8
6	9
5	10
15	14
5	17
5	20
18	21
5	22
26	27
28	29
1	24
# tree 46
0	16
16	2
1	4
0	1
1	3
2	5
5	26
3	12
2	11
1	23
4	25
26	19
12	13
11	6
1	15
23	18
19	28
25	7
13	8
6	9
5	10
15	14
5	17
5	20
18	21
5	22
26	27
28	29
4	24
# tree 47
0	16
16	2
1	4
0	1
1	3
2	5
5	26
3	12
2	11
1	23
4	25
26	19
12	13
11	6
1	15
23	18
25	7
19	28
26	17
26	27
13	8
6	9
15	14
5	20
18	21
5	22
7	24
28	29
17	10
# tree 48
0	16
16	2
1	4
0	1
1	3
2	5
5	26
3	12
2	11
4	25
26	19
12	13
11	6
1	15
1	18
25	7
19	28
5	17
1	23
26	27
13	8
6	9
15	14
5	20
18	21
5	22
7	24
28	29
17	10
# tree 49
0	16
16	2
1	4
0	1
1	3
2	5
5	26
3	12
2	11
1	23
4	25
26	19
12	13
11	6
1	15
23	18
25	7
19	28
5	17
26	27
13	8
6	9
15	14
18	21
5	22
7	24
28	29
17	10
2	20
# tree 50
0	16
16	2
1	4
0	1
1	3
2	5
5	26
3	12
2	11
1	23
4	25
26	19
12	13
11	6
1	15
23	18
25	7
19	28
5	17
26	27
13	8
6	9
15	14
18	21
5	22
7	24
28	29
17	10
11	20
# tree 51
0	16
16	2
1	4
0	1
1	3
2	5
5	26
3	12
2	11
1	23
4	25
26	19
12	13
11	6
1	15
23	18
25	7
19	28
5	17
26	27
13	8
6	9
15	14
18	21
5	22
7	24
28	29
17	10
6	20
# tree 52
0	16
16	2
1	4
0	1
1	3
2	5
5	26
3	12
2	11
1	23
4	25
26	19
12	13
11	6
1	15
23	18
19	28
5	17
25	7
26	27
13	8
6	9
15	14
5	20
18	21
5	22
28	29
17	10
0	24
# tree 53
0	16
16	2
1	4
0	1
1	3
2	5
5	26
3	12
2	11
1	23
4	25
26	19
12	13
11	6
1	15
23	18
19	28
5	17
25	7
26	27
13	8
6	9
15	14
5	20
18	21
5	22
28	29
17	10
1	24
# tree 54
0	16
16	2
1	4
0	1
1	3
2	5
5	26
3	12
2	11
1	23
4	25
26	19
12	13
11	6
1	15
23	18
19	28
5	17
25	7
26	27
13	8
6	9
15	14
5	20
18	21
5	22
28	29
17	10
25	24
# tree 55
0	16
16	2
1	4
0	1
1	3
2	5
5	26
3	12
2	11
1	23
4	25
26	19
12	13
11	6
1	15
23	18
19	28
5	17
25	7
26	27
13	8
6	9
15	14
5	20
18	21
5	22
28	29
17	10
4	24
# tree 56
0	16
16	2
1	4
0	1
1	3
2	5
5	26
3	12
2	11
1	23
4	25
12	13
11	6
1	15
23	18
25	7
26	28
5	17
26	19
26	27
13	8
6	9
15	14
5	20
18	21
5	22
7	24
28	29
17	10
# tree 57
0	16
16	2
1	4
0	1
1	3
2	5
5	26
3	12
2	11
1	23
4	25
26	19
12	13
11	6
1	15
23	18
25	7
5	17
19	28
26	27
13	8
6	9
15	14
5	20
18	21
5	22
7	24
17	10
19	29
# tree 58
0	16
16	2
1	4
0	1
1	3
2	5
5	26
3	12
2	11
4	25
26	19
12	13
11	6
1	15
1	18
25	7
19	28
1	23
13	8
6	9
5	10
15	14
5	17
18	21
5	22
7	24
26	27
28	29
2	20
# tree 59
0	16
16	2
1	4
0	1
1	3
2	5
5	26
3	12
2	11
4	25
26	19
12	13
11	6
1	15
1	18
25	7
19	28
1	23
13	8
6	9
5	10
15	14
5	17
18	21
5	22
7	24
26	27
28	29
11	20
# tree 60
0	16
16	2
1	4
0	1
1	3
2	5
5	26
3	12
2	11
4	25
26	19
12	13
11	6
1	15
1	18
25	7
19	28
1	23
13	8
6	9
5	10
15	14
5	17
18	21
5	22
7	24
26	27
28	29
6	20
# tree 61
0	16
16	2
1	4
0	1
1	3
2	5
5	26
3	12
2	11
4	25
26	19
12	13
11	6
1	15
1	18
19	28
25	7
1	23
13	8
6	9
5	10
15	14
5	17
5	20
18	21
5	22
26	27
28	29
0	24
# tree 62
0	16
16	2
1	4
0	1
1	3
2	5
5	26
3	12
2	11
4	25
26	19
12	13
11	6
1	15
1	18
19	28
25	7
1	23
13	8
6	9
5	10
15	14
5	17
5	20
18	21
5	22
26	27
28	29
1	24
# tree 63
0	16
16	2
1	4
0	1
1	3
2	5
5	26
3	12
2	11
4	25
26	19
12	13
11	6
1	15
1	18
19	28
25	7
1	23
13	8
6	9
5	10
15	14
5	17
5	20
18	21
5	22
26	27
28	29
25	24
# tree 64
0	16
16	2
1	4
0	1
1	3
2	5
5	26
3	12
2	11
4	25
26	19
12	13
11	6
1	15
1	18
19	28
25	7
1	23
13	8
6	9
5	10
15	14
5	17
5	20
18	21
5	22
26	27
28	29
4	24
# tree 65
0	16
16	2
1	4
0	1
1	3
2	5
5	26
3	12
2	11
4	25
12	13
11	6
1	15
1	18
25	7
26	28
26	19
1	23
13	8
6	9
5	10
15	14
5	17
5	20
18	21
5	22
7	24
26	27
28	29
# tree 66
0	16
16	2
1	4
0	1
1	3
2	5
5	26
3	12
2	11
4	25
26	19
12	13
11	6
1	15
1	18
25	7
19	28
1	23
13	8
6	9
5	10
15	14
5	17
5	20
18	21
5	22
7	24
26	27
19	29
# tree 67
0	16
16	2
1	4
0	1
1	3
2	5
5	26
3	12
2	11
1	23
4	25
26	19
12	13
11	6
1	15
23	18
19	28
25	7
13	8
6	9
5	10
15	14
5	17
18	21
5	22
26	27
28	29
2	20
0	24
# tree 68
0	16
16	2
1	4
0	1
1	3
2	5
5	26
3	12
2	11
1	23
4	25
26	19
12	13
11	6
1	15
23	18
19	28
25	7
13	8
6	9
5	10
15	14
5	17
18	21
5	22
26	27
28	29
2	20
1	24
# tree 69
0	16
16	2
1	4
0	1
1	3
2	5
5	26
3	12
2	11
1	23
4	25
26	19
12	13
11	6
1	15
23	18
19	28
25	7
13	8
6	9
5	10
15	14
5	17
18	21
5	22
26	27
28	29
2	20
25	24
# tree 70
0	16
16	2
1	4
0	1
1	3
2	5
5	26
3	12
2	11
1	23
4	25
26	19
12	13
11	6
1	15
23	18
19	28
25	7
13	8
6	9
5	10
15	14
5	17
18	21
5	22
26	27
28	29
2	20
4	24
# tree 71
0	16
16	2
1	4
0	1
1	3
2	5
5	26
3	12
2	11
1	23
4	25
12	13
11	6
1	15
23	18
25	7
26	28
26	19
13	8
6	9
5	10
15	14
5	17
18	21
5	22
7	24
26	27
28	29
2	20
# tree 72
0	16
16	2
1	4
0	1
1	3
2	5
5	26
3	12
2	11
1	23
4	25
26	19
12	13
11	6
1	15
23	18
25	7
19	28
13	8
6	9
5	10
15	14
5	17
18	21
5	22
7	24
26	27
2	20
19	29
# tree 73
0	16
16	2
1	23
0	1
1	3
2	5
5	26
3	12
2	11
23	25
12	13
11	6
1	15
23	18
25	7
26	28
26	19
1	4
13	8
6	9
5	10
15	14
5	17
5	20
18	21
5	22
7	24
26	27
28	29
# tree 74
0	16
16	2
1	23
0	1
1	3
2	5
5	26
3	12
2	11
23	25
26	19
12	13
11	6
1	15
23	18
25	7
19	28
1	4
13	8
6	9
5	10
15	14
5	17
5	20
18	21
5	22
7	24
26	27
19	29
# tree 75
0	16
16	2
1	4
0	1
1	3
2	5
3	12
2	11
1	23
4	25
5	26
12	13
11	6
1	15
23	18
25	7
26	19
26	28
13	8
6	9
5	10
15	14
5	17
5	20
18	21
5	22
7	24
26	27
19	29
# tree 76
0	16
0	1
16	2
2	5
1	3
5	26
2	11
1	23
1	4
26	19
3	12
11	6
1	15
23	18
4	7
19	28
12	13
4	25
6	9
26	10
15	14
5	17
5	20
18	21
5	22
7	24
26	27
28	29
12	8
# tree 77
0	16
0	1
16	2
2	5
1	3
5	26
2	11
1	23
1	4
26	19
3	12
11	6
1	15
23	18
4	7
19	28
12	13
4	25
6	9
5	10
15	14
26	17
5	20
18	21
5	22
7	24
26	27
28	29
12	8
# tree 78
0	16
0	1
16	2
2	5
1	3
5	26
2	11
1	4
26	19
3	12
11	6
1	15
1	18
4	7
19	28
1	23
12	13
4	25
6	9
5	10
15	14
5	17
5	20
18	21
5	22
7	24
26	27
28	29
12	8
# tree 79
0	16
0	1
16	2
2	5
1	3
5	26
2	11
1	23
1	4
26	19
3	12
11	6
1	15
23	18
4	7
19	28
12	13
4	25
6	9
5	10
15	14
5	17
18	21
5	22
7	24
26	27
28	29
12	8
2	20
# tree 80
0	16
0	1
16	2
2	5
1	3
5	26
2	11
1	23
1	4
26	19
3	12
11	6
1	15
23	18
4	7
19	28
12	13
4	25
6	9
5	10
15	14
5	17
18	21
5	22
7	24
26	27
28	29
12	8
11	20
# tree 81
0	16
0	1
16	2
2	5
1	3
5	26
2	11
1	23
1	4
26	19
3	12
11	6
1	15
23	18
4	7
19	28
12	13
4	25
6	9
5	10
15	14
5	17
18	21
5	22
7	24
26	27
28	29
12	8
6	20
# tree 82
0	16
0	1
16	2
2	5
1	3
5	26
2	11
1	23
1	4
26	19
3	12
11	6
1	15
23	18
19	28
4	7
12	13
4	25
6	9
5	10
15	14
5	17
5	20
18	21
5	22
26	27
28	29
12	8
0	24
# tree 83
0	16
0	1
16	2
2	5
1	3
5	26
2	11
1	23
1	4
26	19
3	12
11	6
1	15
23	18
19	28
4	7
12	13
4	25
6	9
5	10
15	14
5	17
5	20
18	21
5	22
26	27
28	29
12	8
1	24
# tree 84
0	16
0	1
16	2
2	5
1	3
5	26
2	11
1	23
1	4
26	19
3	12
11	6
1	15
23	18
19	28
4	25
4	7
12	13
6	9
5	10
15	14
5	17
5	20
18	21
5	22
26	27
28	29
12	8
25	24
# tree 85
0	16
0	1
16	2
2	5
1	3
5	26
2	11
1	23
1	4
26	19
3	12
11	6
1	15
23	18
19	28
4	7
12	13
4	25
6	9
5	10
15	14
5	17
5	20
18	21
5	22
26	27
28	29
12	8
4	24
# tree 86
0	16
0	1
16	2
2	5
1	3
5	26
2	11
1	23
1	4
3	12
11	6
1	15
23	18
4	7
26	28
26	19
12	13
4	25
6	9
5	10
15	14
5	17
5	20
18	21
5	22
7	24
26	27
28	29
12	8
# tree 87
0	16
0	1
16	2
2	5
1	3
5	26
2	11
1	23
1	4
26	19
3	12
11	6
1	15
23	18
4	7
19	28
12	13
4	25
6	9
5	10
15	14
5	17
5	20
18	21
5	22
7	24
26	27
12	8
19	29
# tree 88
0	16
0	1
16	2
2	5
1	3
5	26
3	12
2	11
1	23
1	4
26	19
12	13
11	6
1	15
23	18
4	7
19	28
4	25
13	8
6	9
26	10
15	14
26	17
5	20
18	21
5	22
7	24
26	27
28	29
# tree 89
0	16
0	1
16	2
2	5
1	3
5	26
3	12
2	11
1	4
26	19
12	13
11	6
1	15
1	18
4	7
19	28
1	23
4	25
13	8
6	9
26	10
15	14
5	17
5	20
18	21
5	22
7	24
26	27
28	29
# tree 90
0	16
0	1
16	2
2	5
1	3
5	26
3	12
2	11
1	23
1	4
26	19
12	13
11	6
1	15
23	18
4	7
19	28
4	25
13	8
6	9
26	10
15	14
5	17
18	21
5	22
7	24
26	27
28	29
2	20
# tree 91
0	16
0	1
16	2
2	5
1	3
5	26
3	12
2	11
1	23
1	4
26	19
12	13
11	6
1	15
23	18
4	7
19	28
4	25
13	8
6	9
26	10
15	14
5	17
18	21
5	22
7	24
26	27
28	29
11	20
# tree 92
0	16
0	1
16	2
2	5
1	3
5	26
3	12
2	11
1	23
1	4
26	19
12	13
11	6
1	15
23	18
4	7
19	28
4	25
13	8
6	9
26	10
15	14
5	17
18	21
5	22
7	24
26	27
28	29
6	20
# tree 93
0	16
0	1
16	2
2	5
1	3
5	26
3	12
2	11
1	23
1	4
26	19
12	13
11	6
1	15
23	18
19	28
4	7
4	25
13	8
6	9
26	10
15	14
5	17
5	20
18	21
5	22
26	27
28	29
0	24
# tree 94
0	16
0	1
16	2
2	5
1	3
5	26
3	12
2	11
1	23
1	4
26	19
12	13
11	6
1	15
23	18
19	28
4	7
4	25
13	8
6	9
26	10
15	14
5	17
5	20
18	21
5	22
26	27
28	29
1	24
# tree 95
0	16
0	1
16	2
2	5
1	3
5	26
3	12
2	11
1	23
1	4
26	19
12	13
11	6
1	15
23	18
19	28
4	25
4	7
13	8
6	9
26	10
15	14
5	17
5	20
18	21
5	22
26	27
28	29
25	24
# tree 96
0	16
0	1
16	2
2	5
1	3
5	26
3	12
2	11
1	23
1	4
26	19
12	13
11	6
1	15
23	18
19	28
4	7
4	25
13	8
6	9
26	10
15	14
5	17
5	20
18	21
5	22
26	27
28	29
4	24
# tree 97
0	16
0	1
16	2
2	5
1	3
5	26
3	12
2	11
1	23
1	4
12	13
11	6
1	15
23	18
4	7
26	28
26	19
4	25
13	8
6	9
26	10
15	14
5	17
5	20
18	21
5	22
7	24
26	27
28	29
# tree 98
0	16
0	1
16	2
2	5
1	3
5	26
3	12
2	11
1	23
1	4
26	19
12	13
11	6
1	15
23	18
4	7
19	28
4	25
13	8
6	9
26	10
15	14
5	17
5	20
18	21
5	22
7	24
26	27
19	29
# tree 99
0	16
0	1
16	2
2	5
1	3
5	26
3	12
2	11
1	4
26	19
12	13
11	6
1	15
1	18
4	7
19	28
1	23
4	25
13	8
6	9
5	10
15	14
26	17
5	20
18	21
5	22
7	24
26	27
28	29
# tree 100
0	16
0	1
16	2
2	5
1	3
5	26
3	12
2	11
1	23
1	4
26	19
12	13
11	6
1	15
23	18
4	7
19	28
4	25
13	8
6	9
5	10
15	14
26	17
18	21
5	22
7	24
26	27
28	29
2	20
# tree 101
0	16
0	1
16	2
2	5
1	3
5	26
3	12
2	11
1	23
1	4
26	19
12	13
11	6
1	15
23	18
4	7
19	28
4	25
13	8
6	9
5	10
15	14
26	17
18	21
5	22
7	24
26	27
28	29
11	20
# tree 102
0	16
0	1
16	2
2	5
1	3
5	26
3	12
2	11
1	23
1	4
26	19
12	13
11	6
1	15
23	18
4	7
19	28
4	25
13	8
6	9
5	10
15	14
26	17
18	21
5	22
7	24
26	27
28	29
6	20
# tree 103
0	16
0	1
16	2
2	5
1	3
5	26
3	12
2	11
1	23
1	4
26	19
12	13
11	6
1	15
23	18
19	28
4	7
4	25
13	8
6	9
5	10
15	14
26	17
5	20
18	21
5	22
26	27
28	29
0	24
# tree 104
0	16
0	1
16	2
2	5
1	3
5	26
3	12
2	11
1	23
1	4
26	19
12	13
11	6
1	15
23	18
19	28
4	7
4	25
13	8
6	9
5	10
15	14
26	17
5	20
18	21
5	22
26	27
28	29
1	24
# tree 105
0	16
0	1
16	2
2	5
1	3
5	26
3	12
2	11
1	23
1	4
26	19
12	13
11	6
1	15
23	18
19	28
4	25
4	7
13	8
6	9
5	10
15	14
26	17
5	20
18	21
5	22
26	27
28	29
25	24
# tree 106
0	16
0	1
16	2
2	5
1	3
5	26
3	12
2	11
1	23
1	4
26	19
12	13
11	6
1	15
23	18
19	28
4	7
4	25
13	8
6	9
5	10
15	14
26	17
5	20
18	21
5	22
26	27
28	29
4	24
# tree 107
0	16
0	1
16	2
2	5
1	3
5	26
3	12
2	11
1	23
1	4
12	13
11	6
1	15
23	18
4	7
26	28
26	19
4	25
13	8
6	9
5	10
15	14
26	17
5	20
18	21
5	22
7	24
26	27
28	29
# tree 108
0	16
0	1
16	2
2	5
1	3
5	26
3	12
2	11
1	23
1	4
26	19
12	13
11	6
1	15
23	18
4	7
19	28
4	25
13	8
6	9
5	10
15	14
26	17
5	20
18	21
5	22
7	24
26	27
19	29
# tree 109
0	16
0	1
16	2
2	5
1	3
5	26
3	12
2	11
1	4
26	19
12	13
11	6
1	15
1	18
4	7
19	28
1	23
4	25
13	8
6	9
5	10
15	14
5	17
18	21
5	22
7	24
26	27
28	29
2	20
# tree 110
0	16
0	1
16	2
2	5
1	3
5	26
3	12
2	11
1	4
26	19
12	13
11	6
1	15
1	18
4	7
19	28
1	23
4	25
13	8
6	9
5	10
15	14
5	17
18	21
5	22
7	24
26	27
28	29
11	20
# tree 111
0	16
0	1
16	2
2	5
1	3
5	26
3	12
2	11
1	4
26	19
12	13
11	6
1	15
1	18
4	7
19	28
1	23
4	25
13	8
6	9
5	10
15	14
5	17
18	21
5	22
7	24
26	27
28	29
6	20
# tree 112
0	16
0	1
16	2
2	5
1	3
5	26
3	12
2	11
1	4
26	19
12	13
11	6
1	15
1	18
19	28
4	7
1	23
4	25
13	8
6	9
5	10
15	14
5	17
5	20
18	21
5	22
26	27
28	29
0	24
# tree 113
0	16
0	1
16	2
2	5
1	3
5	26
3	12
2	11
1	4
26	19
12	13
11	6
1	15
1	18
19	28
4	7
1	23
4	25
13	8
6	9
5	10
15	14
5	17
5	20
18	21
5	22
26	27
28	29
1	24
# tree 114
0	16
0	1
16	2
2	5
1	3
5	26
3	12
2	11
1	4
26	19
12	13
11	6
1	15
1	18
19	28
4	25
4	7
1	23
13	8
6	9
5	10
15	14
5	17
5	20
18	21
5	22
26	27
28	29
25	24
# tree 115
0	16
0	1
16	2
2	5
1	3
5	26
3	12
2	11
1	4
26	19
12	13
11	6
1	15
1	18
19	28
4	7
1	23
4	25
13	8
6	9
5	10
15	14
5	17
5	20
18	21
5	22
26	27
28	29
4	24
# tree 116
0	16
0	1
16	2
2	5
1	3
5	26
3	12
2	11
1	4
12	13
11	6
1	15
1	18
4	7
26	28
26	19
1	23
4	25
13	8
6	9
5	10
15	14
5	17
5	20
18	21
5	22
7	24
26	27
28	29
# tree 117
0	16
0	1
16	2
2	5
1	3
5	26
3	12
2	11
1	4
26	19
12	13
11	6
1	15
1	18
4	7
19	28
1	23
4	25
13	8
6	9
5	10
15	14
5	17
5	20
18	21
5	22
7	24
26	27
19	29
# tree 118
0	16
0	1
16	2
2	5
1	3
5	26
3	12
2	11
1	23
1	4
12	13
11	6
1	15
23	18
26	28
26	19
4	7
4	25
13	8
6	9
5	10
15	14
5	17
5	20
18	21
5	22
26	27
28	29
4	24
# tree 119
0	16
0	1
16	2
2	5
1	3
5	26
3	12
2	11
1	23
26	19
1	4
12	13
11	6
1	15
23	18
19	28
4	7
4	25
13	8
6	9
5	10
15	14
5	17
5	20
18	21
5	22
26	27
4	24
19	29
# tree 120
0	16
0	1
16	2
2	5
1	3
3	12
2	11
1	23
1	4
5	26
12	13
11	6
1	15
23	18
4	7
26	19
26	28
4	25
13	8
6	9
5	10
15	14
5	17
5	20
18	21
5	22
7	24
26	27
19	29
# tree 121
0	16
0	1
16	2
2	5
1	4
5	26
1	3
2	11
1	23
4	25
26	19
3	12
11	6
1	15
23	18
25	7
19	28
12	13
6	9
26	10
15	14
26	17
5	20
18	21
5	22
7	24
26	27
28	29
12	8
# tree 122
0	16
0	1
16	2
2	5
1	4
5	26
1	3
2	11
4	25
26	19
3	12
11	6
1	15
1	18
25	7
19	28
1	23
12	13
6	9
26	10
15	14
5	17
5	20
18	21
5	22
7	24
26	27
28	29
12	8
# tree 123
0	16
0	1
16	2
2	5
1	4
5	26
1	3
2	11
1	23
4	25
26	19
3	12
11	6
1	15
23	18
25	7
19	28
12	13
6	9
26	10
15	14
5	17
18	21
5	22
7	24
26	27
28	29
12	8
2	20
# tree 124
0	16
0	1
16	2
2	5
1	4
5	26
1	3
2	11
1	23
4	25
26	19
3	12
11	6
1	15
23	18
25	7
19	28
12	13
6	9
26	10
15	14
5	17
18	21
5	22
7	24
26	27
28	29
12	8
11	20
# tree 125
0	16
0	1
16	2
2	5
1	4
5	26
1	3
2	11
1	23
4	25
26	19
3	12
11	6
1	15
23	18
25	7
19	28
12	13
6	9
26	10
15	14
5	17
18	21
5	22
7	24
26	27
28	29
12	8
6	20
# tree 126
0	16
0	1
16	2
2	5
1	4
5	26
1	3
2	11
1	23
4	25
26	19
3	12
11	6
1	15
23	18
19	28
25	7
12	13
6	9
26	10
15	14
5	17
5	20
18	21
5	22
26	27
28	29
12	8
0	24
# tree 127
0	16
0	1
16	2
2	5
1	4
5	26
1	3
2	11
1	23
4	25
26	19
3	12
11	6
1	15
23	18
19	28
25	7
12	13
6	9
26	10
15	14
5	17
5	20
18	21
5	22
26	27
28	29
12	8
1	24
# tree 128
0	16
0	1
16	2
2	5
1	4
5	26
1	3
2	11
1	23
4	25
26	19
3	12
11	6
1	15
23	18
19	28
25	7
12	13
6	9
26	10
15	14
5	17
5	20
18	21
5	22
26	27
28	29
12	8
25	24
# tree 129
0	16
0	1
16	2
2	5
1	4
5	26
1	3
2	11
1	23
4	25
26	19
3	12
11	6
1	15
23	18
19	28
25	7
12	13
6	9
26	10
15	14
5	17
5	20
18	21
5	22
26	27
28	29
12	8
4	24
# tree 130
0	16
0	1
16	2
2	5
1	4
5	26
1	3
2	11
1	23
4	25
3	12
11	6
1	15
23	18
25	7
26	28
26	19
12	13
6	9
26	10
15	14
5	17
5	20
18	21
5	22
7	24
26	27
28	29
12	8
# tree 131
0	16
0	1
16	2
2	5
1	4
5	26
1	3
2	11
1	23
4	25
26	19
3	12
11	6
1	15
23	18
25	7
19	28
12	13
6	9
26	10
15	14
5	17
5	20
18	21
5	22
7	24
26	27
12	8
19	29
# tree 132
0	16
0	1
16	2
2	5
1	4
5	26
1	3
2	11
4	25
26	19
3	12
11	6
1	15
1	18
25	7
19	28
1	23
12	13
6	9
5	10
15	14
26	17
5	20
18	21
5	22
7	24
26	27
28	29
12	8
# tree 133
0	16
0	1
16	2
2	5
1	4
5	26
1	3
2	11
1	23
4	25
26	19
3	12
11	6
1	15
23	18
25	7
19	28
12	13
6	9
5	10
15	14
26	17
18	21
5	22
7	24
26	27
28	29
12	8
2	20
# tree 134
0	16
0	1
16	2
2	5
1	4
5	26
1	3
2	11
1	23
4	25
26	19
3	12
11	6
1	15
23	18
25	7
19	28
12	13
6	9
5	10
15	14
26	17
18	21
5	22
7	24
26	27
28	29
12	8
11	20
# tree 135
0	16
0	1
16	2
2	5
1	4
5	26
1	3
2	11
1	23
4	25
26	19
3	12
11	6
1	15
23	18
25	7
19	28
12	13
6	9
5	10
15	14
26	17
18	21
5	22
7	24
26	27
28	29
12	8
6	20
# tree 136
0	16
0	1
16	2
2	5
1	4
5	26
1	3
2	11
1	23
4	25
26	19
3	12
11	6
1	15
23	18
19	28
25	7
12	13
6	9
5	10
15	14
26	17
5	20
18	21
5	22
26	27
28	29
12	8
0	24
# tree 137
0	16
0	1
16	2
2	5
1	4
5	26
1	3
2	11
1	23
4	25
26	19
3	12
11	6
1	15
23	18
19	28
25	7
12	13
6	9
5	10
15	14
26	17
5	20
18	21
5	22
26	27
28	29
12	8
1	24
# tree 138
0	16
0	1
16	2
2	5
1	4
5	26
1	3
2	11
1	23
4	25
26	19
3	12
11	6
1	15
23	18
19	28
25	7
12	13
6	9
5	10
15	14
26	17
5	20
18	21
5	22
26	27
28	29
12	8
25	24
# tree 139
0	16
0	1
16	2
2	5
1	4
5	26
1	3
2	11
1	23
4	25
26	19
3	12
11	6
1	15
23	18
19	28
25	7
12	13
6	9
5	10
15	14
26	17
5	20
18	21
5	22
26	27
28	29
12	8
4	24
# tree 140
0	16
0	1
16	2
2	5
1	4
5	26
1	3
2	11
1	23
4	25
3	12
11	6
1	15
23	18
25	7
26	28
26	19
12	13
6	9
5	10
15	14
26	17
5	20
18	21
5	22
7	24
26	27
28	29
12	8
# tree 141
0	16
0	1
16	2
2	5
1	4
5	26
1	3
2	11
1	23
4	25
26	19
3	12
11	6
1	15
23	18
25	7
19	28
12	13
6	9
5	10
15	14
26	17
5	20
18	21
5	22
7	24
26	27
12	8
19	29
# tree 142
0	16
0	1
16	2
2	5
1	4
5	26
1	3
2	11
4	25
26	19
3	12
11	6
1	15
1	18
25	7
19	28
1	23
12	13
6	9
5	10
15	14
5	17
18	21
5	22
7	24
26	27
28	29
12	8
2	20
# tree 143
0	16
0	1
16	2
2	5
1	4
5	26
1	3
2	11
4	25
26	19
3	12
11	6
1	15
1	18
25	7
19	28
1	23
12	13
6	9
5	10
15	14
5	17
18	21
5	22
7	24
26	27
28	29
12	8
11	20
# tree 144
0	16
0	1
16	2
2	5
1	4
5	26
1	3
2	11
4	25
26	19
3	12
11	6
1	15
1	18
25	7
19	28
1	23
12	13
6	9
5	10
15	14
5	17
18	21
5	22
7	24
26	27
28	29
12	8
6	20
# tree 145
0	16
0	1
16	2
2	5
1	4
5	26
1	3
2	11
4	25
26	19
3	12
11	6
1	15
1	18
19	28
25	7
1	23
12	13
6	9
5	10
15	14
5	17
5	20
18	21
5	22
26	27
28	29
12	8
0	24
# tree 146
0	16
0	1
16	2
2	5
1	4
5	26
1	3
2	11
4	25
26	19
3	12
11	6
1	15
1	18
19	28
25	7
1	23
12	13
6	9
5	10
15	14
5	17
5	20
18	21
5	22
26	27
28	29
12	8
1	24
# tree 147
0	16
0	1
16	2
2	5
1	4
5	26
1	3
2	11
4	25
26	19
3	12
11	6
1	15
1	18
19	28
25	7
1	23
12	13
6	9
5	10
15	14
5	17
5	20
18	21
5	22
26	27
28	29
12	8
25	24
# tree 148
0	16
0	1
16	2
2	5
1	4
5	26
1	3
2	11
4	25
26	19
3	12
11	6
1	15
1	18
19	28
25	7
1	23
12	13
6	9
5	10
15	14
5	17
5	20
18	21
5	22
26	27
28	29
12	8
4	24
# tree 149
0	16
0	1
16	2
2	5
1	4
5	26
1	3
2	11
4	25
3	12
11	6
1	15
1	18
25	7
26	28
26	19
1	23
12	13
6	9
5	10
15	14
5	17
5	20
18	21
5	22
7	24
26	27
28	29
12	8
# tree 150
0	16
0	1
16	2
2	5
1	4
5	26
1	3
2	11
4	25
26	19
3	12
11	6
1	15
1	18
25	7
19	28
1	23
12	13
6	9
5	10
15	14
5	17
5	20
18	21
5	22
7	24
26	27
12	8
19	29
# tree 151
0	16
0	1
16	2
2	5
1	4
5	26
1	3
2	11
1	23
4	25
3	12
11	6
1	15
23	18
26	28
26	19
25	7
12	13
6	9
5	10
15	14
5	17
5	20
18	21
5	22
26	27
28	29
12	8
4	24
# tree 152
0	16
0	1
16	2
2	5
1	4
5	26
1	3
2	11
1	23
26	19
4	25
3	12
11	6
1	15
23	18
19	28
25	7
12	13
6	9
5	10
15	14
5	17
5	20
18	21
5	22
26	27
12	8
4	24
19	29
# tree 153
0	16
0	1
16	2
2	5
1	4
1	3
2	11
1	23
4	25
5	26
3	12
11	6
1	15
23	18
25	7
26	19
26	28
12	13
6	9
5	10
15	14
5	17
5	20
18	21
5	22
7	24
26	27
12	8
19	29
# tree 154
0	16
0	1
16	2
2	5
1	3
1	4
5	26
3	12
2	11
1	23
4	25
26	19
12	13
11	6
1	15
23	18
25	7
19	28
13	8
6	9
26	10
15	14
26	17
5	20
18	21
5	22
7	24
26	27
28	29
# tree 155
0	16
0	1
16	2
2	5
1	3
1	4
5	26
3	12
2	11
4	25
26	19
12	13
11	6
1	15
1	18
25	7
19	28
1	23
13	8
6	9
26	10
15	14
5	17
5	20
18	21
5	22
7	24
26	27
28	29
# tree 156
0	16
0	1
16	2
2	5
1	3
1	4
5	26
3	12
2	11
1	23
4	25
26	19
12	13
11	6
1	15
23	18
25	7
19	28
13	8
6	9
26	10
15	14
5	17
18	21
5	22
7	24
26	27
28	29
2	20
# tree 157
0	16
0	1
16	2
2	5
1	3
1	4
5	26
3	12
2	11
1	23
4	25
26	19
12	13
11	6
1	15
23	18
25	7
19	28
13	8
6	9
26	10
15	14
5	17
18	21
5	22
7	24
26	27
28	29
11	20
# tree 158
0	16
0	1
16	2
2	5
1	3
1	4
5	26
3	12
2	11
1	23
4	25
26	19
12	13
11	6
1	15
23	18
25	7
19	28
13	8
6	9
26	10
15	14
5	17
18	21
5	22
7	24
26	27
28	29
6	20
# tree 159
0	16
0	1
16	2
2	5
1	3
1	4
5	26
3	12
2	11
1	23
4	25
26	19
12	13
11	6
1	15
23	18
19	28
25	7
13	8
6	9
26	10
15	14
5	17
5	20
18	21
5	22
26	27
28	29
0	24
# tree 160
0	16
0	1
16	2
2	5
1	3
1	4
5	26
3	12
2	11
1	23
4	25
26	19
12	13
11	6
1	15
23	18
19	28
25	7
13	8
6	9
26	10
15	14
5	17
5	20
18	21
5	22
26	27
28	29
1	24
# tree 161
0	16
0	1
16	2
2	5
1	3
1	4
5	26
3	12
2	11
1	23
4	25
26	19
12	13
11	6
1	15
23	18
19	28
25	7
13	8
6	9
26	10
15	14
5	17
5	20
18	21
5	22
26	27
28	29
25	24
# tree 162
0	16
0	1
16	2
2	5
1	3
1	4
5	26
3	12
2	11
1	23
4	25
26	19
12	13
11	6
1	15
23	18
19	28
25	7
13	8
6	9
26	10
15	14
5	17
5	20
18	21
5	22
26	27
28	29
4	24
# tree 163
0	16
0	1
16	2
2	5
1	3
1	4
5	26
3	12
2	11
1	23
4	25
12	13
11	6
1	15
23	18
25	7
26	28
26	19
13	8
6	9
26	10
15	14
5	17
5	20
18	21
5	22
7	24
26	27
28	29
# tree 164
0	16
0	1
16	2
2	5
1	3
1	4
5	26
3	12
2	11
1	23
4	25
26	19
12	13
11	6
1	15
23	18
25	7
19	28
13	8
6	9
26	10
15	14
5	17
5	20
18	21
5	22
7	24
26	27
19	29
# tree 165
0	16
0	1
16	2
2	5
1	3
1	4
5	26
3	12
2	11
4	25
26	19
12	13
11	6
1	15
1	18
25	7
19	28
1	23
13	8
6	9
5	10
15	14
26	17
5	20
18	21
5	22
7	24
26	27
28	29
# tree 166
0	16
0	1
16	2
2	5
1	3
1	4
5	26
3	12
2	11
1	23
4	25
26	19
12	13
11	6
1	15
23	18
25	7
19	28
13	8
6	9
5	10
15	14
26	17
18	21
5	22
7	24
26	27
28	29
2	20
# tree 167
0	16
0	1
16	2
2	5
1	3
1	4
5	26
3	12
2	11
1	23
4	25
26	19
12	13
11	6
1	15
23	18
25	7
19	28
13	8
6	9
5	10
15	14
26	17
18	21
5	22
7	24
26	27
28	29
11	20
# tree 168
0	16
0	1
16	2
2	5
1	3
1	4
5	26
3	12
2	11
1	23
4	25
26	19
12	13
11	6
1	15
23	18
25	7
19	28
13	8
6	9
5	10
15	14
26	17
18	21
5	22
7	24
26	27
28	29
6	20
# tree 169
0	16
0	1
16	2
2	5
1	3
1	4
5	26
3	12
2	11
1	23
4	25
26	19
12	13
11	6
1	15
23	18
19	28
25	7
13	8
6	9
5	10
15	14
26	17
5	20
18	21
5	22
26	27
28	29
0	24
# tree 170
0	16
0	1
16	2
2	5
1	3
1	4
5	26
3	12
2	11
1	23
4	25
26	19
12	13
11	6
1	15
23	18
19	28
25	7
13	8
6	9
5	10
15	14
26	17
5	20
18	21
5	22
26	27
28	29
1	24
# tree 171
0	16
0	1
16	2
2	5
1	3
1	4
5	26
3	12
2	11
1	23
4	25
26	19
12	13
11	6
1	15
23	18
19	28
25	7
13	8
6	9
5	10
15	14
26	17
5	20
18	21
5	22
26	27
28	29
25	24
# tree 172
0	16
0	1
16	2
2	5
1	3
1	4
5	26
3	12
2	11
1	23
4	25
26	19
12	13
11	6
1	15
23	18
19	28
25	7
13	8
6	9
5	10
15	14
26	17
5	20
18	21
5	22
26	27
28	29
4	24
# tree 173
0	16
0	1
16	2
2	5
1	3
1	4
5	26
3	12
2	11
1	23
4	25
12	13
11	6
1	15
23	18
25	7
26	28
26	19
13	8
6	9
5	10
15	14
26	17
5	20
18	21
5	22
7	24
26	27
28	29
# tree 174
0	16
0	1
16	2
2	5
1	3
1	4
5	26
3	12
2	11
1	23
4	25
26	19
12	13
11	6
1	15
23	18
25	7
19	28
13	8
6	9
5	10
15	14
26	17
5	20
18	21
5	22
7	24
26	27
19	29
# tree 175
0	16
0	1
16	2
2	5
1	3
1	4
5	26
3	12
2	11
1	23
4	25
12	13
11	6
1	15
23	18
26	28
26	19
25	7
13	8
6	9
5	10
15	14
5	17
5	20
18	21
5	22
26	27
28	29
4	24
# tree 176
0	16
0	1
16	2
2	5
1	3
1	4
5	26
3	12
2	11
1	23
26	19
4	25
12	13
11	6
1	15
23	18
19	28
25	7
13	8
6	9
5	10
15	14
5	17
5	20
18	21
5	22
26	27
4	24
19	29
# tree 177
0	16
0	1
16	2
2	5
1	3
1	4
5	26
3	12
2	11
4	25
26	19
12	13
11	6
1	15
1	18
25	7
19	28
26	17
1	23
26	27
13	8
6	9
15	14
5	20
18	21
5	22
7	24
28	29
17	10
# tree 178
0	16
0	1
16	2
2	5
1	3
1	4
5	26
3	12
2	11
1	23
4	25
26	19
12	13
11	6
1	15
23	18
25	7
19	28
26	17
26	27
13	8
6	9
15	14
18	21
5	22
7	24
28	29
17	10
2	20
# tree 179
0	16
0	1
16	2
2	5
1	3
1	4
5	26
3	12
2	11
1	23
4	25
26	19
12	13
11	6
1	15
23	18
25	7
19	28
26	17
26	27
13	8
6	9
15	14
18	21
5	22
7	24
28	29
17	10
11	20
# tree 180
0	16
0	1
16	2
2	5
1	3
1	4
5	26
3	12
2	11
1	23
4	25
26	19
12	13
11	6
1	15
23	18
25	7
19	28
26	17
26	27
13	8
6	9
15	14
18	21
5	22
7	24
28	29
17	10
6	20
# tree 181
0	16
0	1
16	2
2	5
1	3
1	4
5	26
3	12
2	11
1	23
4	25
26	19
12	13
11	6
1	15
23	18
19	28
26	17
25	7
26	27
13	8
6	9
15	14
5	20
18	21
5	22
28	29
17	10
0	24
# tree 182
0	16
0	1
16	2
2	5
1	3
1	4
5	26
3	12
2	11
1	23
4	25
26	19
12	13
11	6
1	15
23	18
19	28
26	17
25	7
26	27
13	8
6	9
15	14
5	20
18	21
5	22
28	29
17	10
1	24
# tree 183
0	16
0	1
16	2
2	5
1	3
1	4
5	26
3	12
2	11
1	23
4	25
26	19
12	13
11	6
1	15
23	18
19	28
26	17
25	7
26	27
13	8
6	9
15	14
5	20
18	21
5	22
28	29
17	10
25	24
# tree 184
0	16
0	1
16	2
2	5
1	3
1	4
5	26
3	12
2	11
1	23
4	25
26	19
12	13
11	6
1	15
23	18
19	28
26	17
25	7
26	27
13	8
6	9
15	14
5	20
18	21
5	22
28	29
17	10
4	24
# tree 185
0	16
0	1
16	2
2	5
1	3
1	4
5	26
3	12
2	11
1	23
4	25
12	13
11	6
1	15
23	18
25	7
26	28
26	17
26	19
26	27
13	8
6	9
15	14
5	20
18	21
5	22
7	24
28	29
17	10
# tree 186
0	16
0	1
16	2
2	5
1	3
1	4
5	26
3	12
2	11
1	23
4	25
26	19
12	13
11	6
1	15
23	18
25	7
26	17
19	28
26	27
13	8
6	9
15	14
5	20
18	21
5	22
7	24
17	10
19	29
# tree 187
0	16
0	1
16	2
2	5
1	3
1	4
5	26
3	12
2	11
4	25
26	19
12	13
11	6
1	15
1	18
25	7
19	28
5	17
1	23
26	27
13	8
6	9
15	14
18	21
5	22
7	24
28	29
17	10
2	20
# tree 188
0	16
0	1
16	2
2	5
1	3
1	4
5	26
3	12
2	11
4	25
26	19
12	13
11	6
1	15
1	18
25	7
19	28
5	17
1	23
26	27
13	8
6	9
15	14
18	21
5	22
7	24
28	29
17	10
11	20
# tree 189
0	16
0	1
16	2
2	5
1	3
1	4
5	26
3	12
2	11
4	25
26	19
12	13
11	6
1	15
1	18
25	7
19	28
5	17
1	23
26	27
13	8
6	9
15	14
18	21
5	22
7	24
28	29
17	10
6	20
# tree 190
0	16
0	1
16	2
2	5
1	3
1	4
5	26
3	12
2	11
4	25
26	19
12	13
11	6
1	15
1	18
19	28
5	17
25	7
1	23
26	27
13	8
6	9
15	14
5	20
18	21
5	22
28	29
17	10
0	24
# tree 191
0	16
0	1
16	2
2	5
1	3
1	4
5	26
3	12
2	11
4	25
26	19
12	13
11	6
1	15
1	18
19	28
5	17
25	7
1	23
26	27
13	8
6	9
15	14
5	20
18	21
5	22
28	29
17	10
1	24
# tree 192
0	16
0	1
16	2
2	5
1	3
1	4
5	26
3	12
2	11
4	25
26	19
12	13
11	6
1	15
1	18
19	28
5	17
25	7
1	23
26	27
13	8
6	9
15	14
5	20
18	21
5	22
28	29
17	10
25	24
# tree 193
0	16
0	1
16	2
2	5
1	3
1	4
5	26
3	12
2	11
4	25
26	19
12	13
11	6
1	15
1	18
19	28
5	17
25	7
1	23
26	27
13	8
6	9
15	14
5	20
18	21
5	22
28	29
17	10
4	24
# tree 194
0	16
0	1
16	2
2	5
1	3
1	4
5	26
3	12
2	11
4	25
12	13
11	6
1	15
1	18
25	7
26	28
5	17
26	19
1	23
26	27
13	8
6	9
15	14
5	20
18	21
5	22
7	24
28	29
17	10
# tree 195
0	16
0	1
16	2
2	5
1	3
1	4
5	26
3	12
2	11
4	25
26	19
12	13
11	6
1	15
1	18
25	7
5	17
19	28
1	23
26	27
13	8
6	9
15	14
5	20
18	21
5	22
7	24
17	10
19	29
# tree 196
0	16
0	1
16	2
2	5
1	3
1	4
5	26
3	12
2	11
1	23
4	25
12	13
11	6
1	15
23	18
26	28
5	17
26	19
25	7
26	27
13	8
6	9
15	14
5	20
18	21
5	22
28	29
17	10
4	24
# tree 197
0	16
0	1
16	2
2	5
1	3
1	4
5	26
3	12
2	11
1	23
26	19
4	25
12	13
11	6
1	15
23	18
5	17
19	28
25	7
26	27
13	8
6	9
15	14
5	20
18	21
5	22
17	10
4	24
19	29
# tree 198
0	16
0	1
16	2
2	5
1	3
1	4
3	12
2	11
1	23
4	25
5	26
12	13
11	6
1	15
23	18
25	7
5	17
26	19
26	28
26	27
13	8
6	9
15	14
5	20
18	21
5	22
7	24
17	10
19	29
# tree 199
0	16
0	1
16	2
2	5
1	3
1	4
5	26
3	12
2	11
4	25
12	13
11	6
1	15
1	18
26	28
26	19
25	7
1	23
13	8
6	9
5	10
15	14
5	17
5	20
18	21
5	22
26	27
28	29
4	24
# tree 200
0	16
0	1
16	2
2	5
1	3
1	4
5	26
3	12
2	11
26	19
4	25
12	13
11	6
1	15
1	18
19	28
25	7
1	23
13	8
6	9
5	10
15	14
5	17
5	20
18	21
5	22
26	27
4	24
19	29
# tree 201
0	16
0	1
16	2
2	5
1	3
1	4
3	12
2	11
4	25
5	26
12	13
11	6
1	15
1	18
25	7
26	19
26	28
1	23
13	8
6	9
5	10
15	14
5	17
5	20
18	21
5	22
7	24
26	27
19	29
# tree 202
0	16
0	1
16	2
2	5
1	3
1	4
5	26
3	12
2	11
1	23
4	25
12	13
11	6
1	15
23	18
26	28
26	19
25	7
13	8
6	9
5	10
15	14
5	17
18	21
5	22
26	27
28	29
2	20
4	24
# tree 203
0	16
0	1
16	2
2	5
1	3
1	4
5	26
3	12
2	11
1	23
26	19
4	25
12	13
11	6
1	15
23	18
19	28
25	7
13	8
6	9
5	10
15	14
5	17
18	21
5	22
26	27
2	20
4	24
19	29
# tree 204
0	16
0	1
16	2
2	5
1	3
1	4
3	12
2	11
1	23
4	25
5	26
12	13
11	6
1	15
23	18
25	7
26	19
26	28
13	8
6	9
5	10
15	14
5	17
18	21
5	22
7	24
26	27
2	20
19	29
# tree 205
0	16
0	1
16	2
2	5
1	3
1	23
3	12
2	11
23	25
5	26
12	13
11	6
1	15
23	18
25	7
26	19
26	28
1	4
13	8
6	9
5	10
15	14
5	17
5	20
18	21
5	22
7	24
26	27
19	29
# tree 206
0	16
16	2
0	1
2	5
5	26
1	3
2	11
1	23
1	4
26	19
3	12
11	6
1	15
23	18
4	7
19	28
12	13
4	25
6	9
26	10
15	14
26	17
5	20
18	21
5	22
7	24
26	27
28	29
12	8
# tree 207
0	16
16	2
0	1
2	5
5	26
1	3
2	11
1	4
26	19
3	12
11	6
1	15
1	18
4	7
19	28
1	23
12	13
4	25
6	9
26	10
15	14
5	17
5	20
18	21
5	22
7	24
26	27
28	29
12	8
# tree 208
0	16
16	2
0	1
2	5
5	26
1	3
2	11
1	23
1	4
26	19
3	12
11	6
1	15
23	18
4	7
19	28
12	13
4	25
6	9
26	10
15	14
5	17
18	21
5	22
7	24
26	27
28	29
12	8
2	20
# tree 209
0	16
16	2
0	1
2	5
5	26
1	3
2	11
1	23
1	4
26	19
3	12
11	6
1	15
23	18
4	7
19	28
12	13
4	25
6	9
26	10
15	14
5	17
18	21
5	22
7	24
26	27
28	29
12	8
11	20
# tree 210
0	16
16	2
0	1
2	5
5	26
1	3
2	11
1	23
1	4
26	19
3	12
11	6
1	15
23	18
4	7
19	28
12	13
4	25
6	9
26	10
15	14
5	17
18	21
5	22
7	24
26	27
28	29
12	8
6	20
# tree 211
0	16
16	2
0	1
2	5
5	26
1	3
2	11
1	23
1	4
26	19
3	12
11	6
1	15
23	18
19	28
4	7
12	13
4	25
6	9
26	10
15	14
5	17
5	20
18	21
5	22
26	27
28	29
12	8
0	24
# tree 212
0	16
16	2
0	1
2	5
5	26
1	3
2	11
1	23
1	4
26	19
3	12
11	6
1	15
23	18
19	28
4	7
12	13
4	25
6	9
26	10
15	14
5	17
5	20
18	21
5	22
26	27
28	29
12	8
1	24
# tree 213
0	16
16	2
0	1
2	5
5	26
1	3
2	11
1	23
1	4
26	19
3	12
11	6
1	15
23	18
19	28
4	25
4	7
12	13
6	9
26	10
15	14
5	17
5	20
18	21
5	22
26	27
28	29
12	8
25	24
# tree 214
0	16
16	2
0	1
2	5
5	26
1	3
2	11
1	23
1	4
26	19
3	12
11	6
1	15
23	18
19	28
4	7
12	13
4	25
6	9
26	10
15	14
5	17
5	20
18	21
5	22
26	27
28	29
12	8
4	24
# tree 215
0	16
16	2
0	1
2	5
5	26
1	3
2	11
1	23
1	4
3	12
11	6
1	15
23	18
4	7
26	28
26	19
12	13
4	25
6	9
26	10
15	14
5	17
5	20
18	21
5	22
7	24
26	27
28	29
12	8
# tree 216
0	16
16	2
0	1
2	5
5	26
1	3
2	11
1	23
1	4
26	19
3	12
11	6
1	15
23	18
4	7
19	28
12	13
4	25
6	9
26	10
15	14
5	17
5	20
18	21
5	22
7	24
26	27
12	8
19	29
# tree 217
0	16
16	2
0	1
2	5
5	26
1	3
2	11
1	4
26	19
3	12
11	6
1	15
1	18
4	7
19	28
1	23
12	13
4	25
6	9
5	10
15	14
26	17
5	20
18	21
5	22
7	24
26	27
28	29
12	8
# tree 218
0	16
16	2
0	1
2	5
5	26
1	3
2	11
1	23
1	4
26	19
3	12
11	6
1	15
23	18
4	7
19	28
12	13
4	25
6	9
5	10
15	14
26	17
18	21
5	22
7	24
26	27
28	29
12	8
2	20
# tree 219
0	16
16	2
0	1
2	5
5	26
1	3
2	11
1	23
1	4
26	19
3	12
11	6
1	15
23	18
4	7
19	28
12	13
4	25
6	9
5	10
15	14
26	17
18	21
5	22
7	24
26	27
28	29
12	8
11	20
# tree 220
0	16
16	2
0	1
2	5
5	26
1	3
2	11
1	23
1	4
26	19
3	12
11	6
1	15
23	18
4	7
19	28
12	13
4	25
6	9
5	10
15	14
26	17
18	21
5	22
7	24
26	27
28	29
12	8
6	20
# tree 221
0	16
16	2
0	1
2	5
5	26
1	3
2	11
1	23
1	4
26	19
3	12
11	6
1	15
23	18
19	28
4	7
12	13
4	25
6	9
5	10
15	14
26	17
5	20
18	21
5	22
26	27
28	29
12	8
0	24
# tree 222
0	16
16	2
0	1
2	5
5	26
1	3
2	11
1	23
1	4
26	19
3	12
11	6
1	15
23	18
19	28
4	7
12	13
4	25
6	9
5	10
15	14
26	17
5	20
18	21
5	22
26	27
28	29
12	8
1	24
# tree 223
0	16
16	2
0	1
2	5
5	26
1	3
2	11
1	23
1	4
26	19
3	12
11	6
1	15
23	18
19	28
4	25
4	7
12	13
6	9
5	10
15	14
26	17
5	20
18	21
5	22
26	27
28	29
12	8
25	24
# tree 224
0	16
16	2
0	1
2	5
5	26
1	3
2	11
1	23
1	4
26	19
3	12
11	6
1	15
23	18
19	28
4	7
12	13
4	25
6	9
5	10
15	14
26	17
5	20
18	21
5	22
26	27
28	29
12	8
4	24
# tree 225
0	16
16	2
0	1
2	5
5	26
1	3
2	11
1	23
1	4
3	12
11	6
1	15
23	18
4	7
26	28
26	19
12	13
4	25
6	9
5	10
15	14
26	17
5	20
18	21
5	22
7	24
26	27
28	29
12	8
# tree 226
0	16
16	2
0	1
2	5
5	26
1	3
2	11
1	23
1	4
26	19
3	12
11	6
1	15
23	18
4	7
19	28
12	13
4	25
6	9
5	10
15	14
26	17
5	20
18	21
5	22
7	24
26	27
12	8
19	29
# tree 227
0	16
16	2
0	1
2	5
5	26
1	3
2	11
1	4
26	19
3	12
11	6
1	15
1	18
4	7
19	28
1	23
12	13
4	25
6	9
5	10
15	14
5	17
18	21
5	22
7	24
26	27
28	29
12	8
2	20
# tree 228
0	16
16	2
0	1
2	5
5	26
1	3
2	11
1	4
26	19
3	12
11	6
1	15
1	18
4	7
19	28
1	23
12	13
4	25
6	9
5	10
15	14
5	17
18	21
5	22
7	24
26	27
28	29
12	8
11	20
# tree 229
0	16
16	2
0	1
2	5
5	26
1	3
2	11
1	4
26	19
3	12
11	6
1	15
1	18
4	7
19	28
1	23
12	13
4	25
6	9
5	10
15	14
5	17
18	21
5	22
7	24
26	27
28	29
12	8
6	20
# tree 230
0	16
16	2
0	1
2	5
5	26
1	3
2	11
1	4
26	19
3	12
11	6
1	15
1	18
19	28
4	7
1	23
12	13
4	25
6	9
5	10
15	14
5	17
5	20
18	21
5	22
26	27
28	29
12	8
0	24
# tree 231
0	16
16	2
0	1
2	5
5	26
1	3
2	11
1	4
26	19
3	12
11	6
1	15
1	18
19	28
4	7
1	23
12	13
4	25
6	9
5	10
15	14
5	17
5	20
18	21
5	22
26	27
28	29
12	8
1	24
# tree 232
0	16
16	2
0	1
2	5
5	26
1	3
2	11
1	4
26	19
3	12
11	6
1	15
1	18
19	28
4	25
4	7
1	23
12	13
6	9
5	10
15	14
5	17
5	20
18	21
5	22
26	27
28	29
12	8
25	24
# tree 233
0	16
16	2
0	1
2	5
5	26
1	3
2	11
1	4
26	19
3	12
11	6
1	15
1	18
19	28
4	7
1	23
12	13
4	25
6	9
5	10
15	14
5	17
5	20
18	21
5	22
26	27
28	29
12	8
4	24
# tree 234
0	16
16	2
0	1
2	5
5	26
1	3
2	11
1	4
3	12
11	6
1	15
1	18
4	7
26	28
26	19
1	23
12	13
4	25
6	9
5	10
15	14
5	17
5	20
18	21
5	22
7	24
26	27
28	29
12	8
# tree 235
0	16
16	2
0	1
2	5
5	26
1	3
2	11
1	4
26	19
3	12
11	6
1	15
1	18
4	7
19	28
1	23
12	13
4	25
6	9
5	10
15	14
5	17
5	20
18	21
5	22
7	24
26	27
12	8
19	29
# tree 236
0	16
16	2
0	1
2	5
5	26
1	3
2	11
1	23
1	4
3	12
11	6
1	15
23	18
26	28
26	19
4	7
12	13
4	25
6	9
5	10
15	14
5	17
5	20
18	21
5	22
26	27
28	29
12	8
4	24
# tree 237
0	16
16	2
0	1
2	5
5	26
1	3
2	11
1	23
26	19
1	4
3	12
11	6
1	15
23	18
19	28
4	7
12	13
4	25
6	9
5	10
15	14
5	17
5	20
18	21
5	22
26	27
12	8
4	24
19	29
# tree 238
0	16
16	2
0	1
2	5
1	3
2	11
1	23
1	4
5	26
3	12
11	6
1	15
23	18
4	7
26	19
26	28
12	13
4	25
6	9
5	10
15	14
5	17
5	20
18	21
5	22
7	24
26	27
12	8
19	29
# tree 239
0	16
16	2
0	1
2	5
1	3
5	26
3	12
2	11
1	4
26	19
12	13
11	6
1	15
1	18
4	7
19	28
1	23
4	25
13	8
6	9
26	10
15	14
26	17
5	20
18	21
5	22
7	24
26	27
28	29
# tree 240
0	16
16	2
0	1
2	5
1	3
5	26
3	12
2	11
1	23
1	4
26	19
12	13
11	6
1	15
23	18
4	7
19	28
4	25
13	8
6	9
26	10
15	14
26	17
18	21
5	22
7	24
26	27
28	29
2	20
# tree 241
0	16
16	2
0	1
2	5
1	3
5	26
3	12
2	11
1	23
1	4
26	19
12	13
11	6
1	15
23	18
4	7
19	28
4	25
13	8
6	9
26	10
15	14
26	17
18	21
5	22
7	24
26	27
28	29
11	20
# tree 242
0	16
16	2
0	1
2	5
1	3
5	26
3	12
2	11
1	23
1	4
26	19
12	13
11	6
1	15
23	18
4	7
19	28
4	25
13	8
6	9
26	10
15	14
26	17
18	21
5	22
7	24
26	27
28	29
6	20
# tree 243
0	16
16	2
0	1
2	5
1	3
5	26
3	12
2	11
1	23
1	4
26	19
12	13
11	6
1	15
23	18
19	28
4	7
4	25
13	8
6	9
26	10
15	14
26	17
5	20
18	21
5	22
26	27
28	29
0	24
# tree 244
0	16
16	2
0	1
2	5
1	3
5	26
3	12
2	11
1	23
1	4
26	19
12	13
11	6
1	15
23	18
19	28
4	7
4	25
13	8
6	9
26	10
15	14
26	17
5	20
18	21
5	22
26	27
28	29
1	24
# tree 245
0	16
16	2
0	1
2	5
1	3
5	26
3	12
2	11
1	23
1	4
26	19
12	13
11	6
1	15
23	18
19	28
4	25
4	7
13	8
6	9
26	10
15	14
26	17
5	20
18	21
5	22
26	27
28	29
25	24
# tree 246
0	16
16	2
0	1
2	5
1	3
5	26
3	12
2	11
1	23
1	4
26	19
12	13
11	6
1	15
23	18
19	28
4	7
4	25
13	8
6	9
26	10
15	14
26	17
5	20
18	21
5	22
26	27
28	29
4	24
# tree 247
0	16
16	2
0	1
2	5
1	3
5	26
3	12
2	11
1	23
1	4
12	13
11	6
1	15
23	18
4	7
26	28
26	19
4	25
13	8
6	9
26	10
15	14
26	17
5	20
18	21
5	22
7	24
26	27
28	29
# tree 248
0	16
16	2
0	1
2	5
1	3
5	26
3	12
2	11
1	23
1	4
26	19
12	13
11	6
1	15
23	18
4	7
19	28
4	25
13	8
6	9
26	10
15	14
26	17
5	20
18	21
5	22
7	24
26	27
19	29
# tree 249
0	16
16	2
0	1
2	5
1	3
5	26
3	12
2	11
1	4
26	19
12	13
11	6
1	15
1	18
4	7
19	28
1	23
4	25
13	8
6	9
26	10
15	14
5	17
18	21
5	22
7	24
26	27
28	29
2	20
# tree 250
0	16
16	2
0	1
2	5
1	3
5	26
3	12
2	11
1	4
26	19
12	13
11	6
1	15
1	18
4	7
19	28
1	23
4	25
13	8
6	9
26	10
15	14
5	17
18	21
5	22
7	24
26	27
28	29
11	20
# tree 251
0	16
16	2
0	1
2	5
1	3
5	26
3	12
2	11
1	4
26	19
12	13
11	6
1	15
1	18
4	7
19	28
1	23
4	25
13	8
6	9
26	10
15	14
5	17
18	21
5	22
7	24
26	27
28	29
6	20
# tree 252
0	16
16	2
0	1
2	5
1	3
5	26
3	12
2	11
1	4
26	19
12	13
11	6
1	15
1	18
19	28
4	7
1	23
4	25
13	8
6	9
26	10
15	14
5	17
5	20
18	21
5	22
26	27
28	29
0	24
# tree 253
0	16
16	2
0	1
2	5
1	3
5	26
3	12
2	11
1	4
26	19
12	13
11	6
1	15
1	18
19	28
4	7
1	23
4	25
13	8
6	9
26	10
15	14
5	17
5	20
18	21
5	22
26	27
28	29
1	24
# tree 254
0	16
16	2
0	1
2	5
1	3
5	26
3	12
2	11
1	4
26	19
12	13
11	6
1	15
1	18
19	28
4	25
4	7
1	23
13	8
6	9
26	10
15	14
5	17
5	20
18	21
5	22
26	27
28	29
25	24
# tree 255
0	16
16	2
0	1
2	5
1	3
5	26
3	12
2	11
1	4
26	19
12	13
11	6
1	15
1	18
19	28
4	7
1	23
4	25
13	8
6	9
26	10
15	14
5	17
5	20
18	21
5	22
26	27
28	29
4	24
# tree 256
0	16
16	2
0	1
2	5
1	3
5	26
3	12
2	11
1	4
12	13
11	6
1	15
1	18
4	7
26	28
26	19
1	23
4	25
13	8
6	9
26	10
15	14
5	17
5	20
18	21
5	22
7	24
26	27
28	29
# tree 257
0	16
16	2
0	1
2	5
1	3
5	26
3	12
2	11
1	4
26	19
12	13
11	6
1	15
1	18
4	7
19	28
1	23
4	25
13	8
6	9
26	10
15	14
5	17
5	20
18	21
5	22
7	24
26	27
19	29
# tree 258
0	16
16	2
0	1
2	5
1	3
5	26
3	12
2	11
1	23
1	4
12	13
11	6
1	15
23	18
26	28
26	19
4	7
4	25
13	8
6	9
26	10
15	14
5	17
5	20
18	21
5	22
26	27
28	29
4	24
# tree 259
0	16
16	2
0	1
2	5
1	3
5	26
3	12
2	11
1	23
26	19
1	4
12	13
11	6
1	15
23	18
19	28
4	7
4	25
13	8
6	9
26	10
15	14
5	17
5	20
18	21
5	22
26	27
4	24
19	29
# tree 260
0	16
16	2
0	1
2	5
1	3
3	12
2	11
1	23
1	4
5	26
12	13
11	6
1	15
23	18
4	7
26	19
26	28
4	25
13	8
6	9
26	10
15	14
5	17
5	20
18	21
5	22
7	24
26	27
19	29
# tree 261
0	16
16	2
0	1
2	5
1	3
5	26
3	12
2	11
1	4
26	19
12	13
11	6
1	15
1	18
4	7
19	28
1	23
4	25
13	8
6	9
5	10
15	14
26	17
18	21
5	22
7	24
26	27
28	29
2	20
# tree 262
0	16
16	2
0	1
2	5
1	3
5	26
3	12
2	11
1	4
26	19
12	13
11	6
1	15
1	18
4	7
19	28
1	23
4	25
13	8
6	9
5	10
15	14
26	17
18	21
5	22
7	24
26	27
28	29
11	20
# tree 263
0	16
16	2
0	1
2	5
1	3
5	26
3	12
2	11
1	4
26	19
12	13
11	6
1	15
1	18
4	7
19	28
1	23
4	25
13	8
6	9
5	10
15	14
26	17
18	21
5	22
7	24
26	27
28	29
6	20
# tree 264
0	16
16	2
0	1
2	5
1	3
5	26
3	12
2	11
1	4
26	19
12	13
11	6
1	15
1	18
19	28
4	7
1	23
4	25
13	8
6	9
5	10
15	14
26	17
5	20
18	21
5	22
26	27
28	29
0	24
# tree 265
0	16
16	2
0	1
2	5
1	3
5	26
3	12
2	11
1	4
26	19
12	13
11	6
1	15
1	18
19	28
4	7
1	23
4	25
13	8
6	9
5	10
15	14
26	17
5	20
18	21
5	22
26	27
28	29
1	24
# tree 266
0	16
16	2
0	1
2	5
1	3
5	26
3	12
2	11
1	4
26	19
12	13
11	6
1	15
1	18
19	28
4	25
4	7
1	23
13	8
6	9
5	10
15	14
26	17
5	20
18	21
5	22
26	27
28	29
25	24
# tree 267
0	16
16	2
0	1
2	5
1	3
5	26
3	12
2	11
1	4
26	19
12	13
11	6
1	15
1	18
19	28
4	7
1	23
4	25
13	8
6	9
5	10
15	14
26	17
5	20
18	21
5	22
26	27
28	29
4	24
# tree 268
0	16
16	2
0	1
2	5
1	3
5	26
3	12
2	11
1	4
12	13
11	6
1	15
1	18
4	7
26	28
26	19
1	23
4	25
13	8
6	9
5	10
15	14
26	17
5	20
18	21
5	22
7	24
26	27
28	29
# tree 269
0	16
16	2
0	1
2	5
1	3
5	26
3	12
2	11
1	4
26	19
12	13
11	6
1	15
1	18
4	7
19	28
1	23
4	25
13	8
6	9
5	10
15	14
26	17
5	20
18	21
5	22
7	24
26	27
19	29
# tree 270
0	16
16	2
0	1
2	5
1	3
5	26
3	12
2	11
1	23
1	4
12	13
11	6
1	15
23	18
26	28
26	19
4	7
4	25
13	8
6	9
5	10
15	14
26	17
5	20
18	21
5	22
26	27
28	29
4	24
# tree 271
0	16
16	2
0	1
2	5
1	3
5	26
3	12
2	11
1	23
26	19
1	4
12	13
11	6
1	15
23	18
19	28
4	7
4	25
13	8
6	9
5	10
15	14
26	17
5	20
18	21
5	22
26	27
4	24
19	29
# tree 272
0	16
16	2
0	1
2	5
1	3
3	12
2	11
1	23
1	4
5	26
12	13
11	6
1	15
23	18
4	7
26	19
26	28
4	25
13	8
6	9
5	10
15	14
26	17
5	20
18	21
5	22
7	24
26	27
19	29
# tree 273
0	16
16	2
0	1
2	5
1	3
5	26
3	12
2	11
1	4
12	13
11	6
1	15
1	18
26	28
26	19
4	7
1	23
4	25
13	8
6	9
5	10
15	14
5	17
5	20
18	21
5	22
26	27
28	29
4	24
# tree 274
0	16
16	2
0	1
2	5
1	3
5	26
3	12
2	11
26	19
1	4
12	13
11	6
1	15
1	18
19	28
4	7
1	23
4	25
13	8
6	9
5	10
15	14
5	17
5	20
18	21
5	22
26	27
4	24
19	29
# tree 275
0	16
16	2
0	1
2	5
1	3
3	12
2	11
1	4
5	26
12	13
11	6
1	15
1	18
4	7
26	19
26	28
1	23
4	25
13	8
6	9
5	10
15	14
5	17
5	20
18	21
5	22
7	24
26	27
19	29
# tree 276
0	16
16	2
0	1
2	5
1	3
3	12
2	11
1	23
5	26
1	4
12	13
11	6
1	15
23	18
26	19
26	28
4	7
4	25
13	8
6	9
5	10
15	14
5	17
5	20
18	21
5	22
26	27
4	24
19	29
# tree 277
0	16
16	2
0	1
2	5
1	4
5	26
1	3
2	11
4	25
26	19
3	12
11	6
1	15
1	18
25	7
19	28
1	23
12	13
6	9
26	10
15	14
26	17
5	20
18	21
5	22
7	24
26	27
28	29
12	8
# tree 278
0	16
16	2
0	1
2	5
1	4
5	26
1	3
2	11
1	23
4	25
26	19
3	12
11	6
1	15
23	18
25	7
19	28
12	13
6	9
26	10
15	14
26	17
18	21
5	22
7	24
26	27
28	29
12	8
2	20
# tree 279
0	16
16	2
0	1
2	5
1	4
5	26
1	3
2	11
1	23
4	25
26	19
3	12
11	6
1	15
23	18
25	7
19	28
12	13
6	9
26	10
15	14
26	17
18	21
5	22
7	24
26	27
28	29
12	8
11	20
# tree 280
0	16
16	2
0	1
2	5
1	4
5	26
1	3
2	11
1	23
4	25
26	19
3	12
11	6
1	15
23	18
25	7
19	28
12	13
6	9
26	10
15	14
26	17
18	21
5	22
7	24
26	27
28	29
12	8
6	20
# tree 281
0	16
16	2
0	1
2	5
1	4
5	26
1	3
2	11
1	23
4	25
26	19
3	12
11	6
1	15
23	18
19	28
25	7
12	13
6	9
26	10
15	14
26	17
5	20
18	21
5	22
26	27
28	29
12	8
0	24
# tree 282
0	16
16	2
0	1
2	5
1	4
5	26
1	3
2	11
1	23
4	25
26	19
3	12
11	6
1	15
23	18
19	28
25	7
12	13
6	9
26	10
15	14
26	17
5	20
18	21
5	22
26	27
28	29
12	8
1	24
# tree 283
0	16
16	2
0	1
2	5
1	4
5	26
1	3
2	11
1	23
4	25
26	19
3	12
11	6
1	15
23	18
19	28
25	7
12	13
6	9
26	10
15	14
26	17
5	20
18	21
5	22
26	27
28	29
12	8
25	24
# tree 284
0	16
16	2
0	1
2	5
1	4
5	26
1	3
2	11
1	23
4	25
26	19
3	12
11	6
1	15
23	18
19	28
25	7
12	13
6	9
26	10
15	14
26	17
5	20
18	21
5	22
26	27
28	29
12	8
4	24
# tree 285
0	16
16	2
0	1
2	5
1	4
5	26
1	3
2	11
1	23
4	25
3	12
11	6
1	15
23	18
25	7
26	28
26	19
12	13
6	9
26	10
15	14
26	17
5	20
18	21
5	22
7	24
26	27
28	29
12	8
# tree 286
0	16
16	2
0	1
2	5
1	4
5	26
1	3
2	11
1	23
4	25
26	19
3	12
11	6
1	15
23	18
25	7
19	28
12	13
6	9
26	10
15	14
26	17
5	20
18	21
5	22
7	24
26	27
12	8
19	29
# tree 287
0	16
16	2
0	1
2	5
1	4
5	26
1	3
2	11
4	25
26	19
3	12
11	6
1	15
1	18
25	7
19	28
1	23
12	13
6	9
26	10
15	14
5	17
18	21
5	22
7	24
26	27
28	29
12	8
2	20
# tree 288
0	16
16	2
0	1
2	5
1	4
5	26
1	3
2	11
4	25
26	19
3	12
11	6
1	15
1	18
25	7
19	28
1	23
12	13
6	9
26	10
15	14
5	17
18	21
5	22
7	24
26	27
28	29
12	8
11	20
# tree 289
0	16
16	2
0	1
2	5
1	4
5	26
1	3
2	11
4	25
26	19
3	12
11	6
1	15
1	18
25	7
19	28
1	23
12	13
6	9
26	10
15	14
5	17
18	21
5	22
7	24
26	27
28	29
12	8
6	20
# tree 290
0	16
16	2
0	1
2	5
1	4
5	26
1	3
2	11
4	25
26	19
3	12
11	6
1	15
1	18
19	28
25	7
1	23
12	13
6	9
26	10
15	14
5	17
5	20
18	21
5	22
26	27
28	29
12	8
0	24
# tree 291
0	16
16	2
0	1
2	5
1	4
5	26
1	3
2	11
4	25
26	19
3	12
11	6
1	15
1	18
19	28
25	7
1	23
12	13
6	9
26	10
15	14
5	17
5	20
18	21
5	22
26	27
28	29
12	8
1	24
# tree 292
0	16
16	2
0	1
2	5
1	4
5	26
1	3
2	11
4	25
26	19
3	12
11	6
1	15
1	18
19	28
25	7
1	23
12	13
6	9
26	10
15	14
5	17
5	20
18	21
5	22
26	27
28	29
12	8
25	24
# tree 293
0	16
16	2
0	1
2	5
1	4
5	26
1	3
2	11
4	25
26	19
3	12
11	6
1	15
1	18
19	28
25	7
1	23
12	13
6	9
26	10
15	14
5	17
5	20
18	21
5	22
26	27
28	29
12	8
4	24
# tree 294
0	16
16	2
0	1
2	5
1	4
5	26
1	3
2	11
4	25
3	12
11	6
1	15
1	18
25	7
26	28
26	19
1	23
12	13
6	9
26	10
15	14
5	17
5	20
18	21
5	22
7	24
26	27
28	29
12	8
# tree 295
0	16
16	2
0	1
2	5
1	4
5	26
1	3
2	11
4	25
26	19
3	12
11	6
1	15
1	18
25	7
19	28
1	23
12	13
6	9
26	10
15	14
5	17
5	20
18	21
5	22
7	24
26	27
12	8
19	29
# tree 296
0	16
16	2
0	1
2	5
1	4
5	26
1	3
2	11
1	23
4	25
3	12
11	6
1	15
23	18
26	28
26	19
25	7
12	13
6	9
26	10
15	14
5	17
5	20
18	21
5	22
26	27
28	29
12	8
4	24
# tree 297
0	16
16	2
0	1
2	5
1	4
5	26
1	3
2	11
1	23
26	19
4	25
3	12
11	6
1	15
23	18
19	28
25	7
12	13
6	9
26	10
15	14
5	17
5	20
18	21
5	22
26	27
12	8
4	24
19	29
# tree 298
0	16
16	2
0	1
2	5
1	4
1	3
2	11
1	23
4	25
5	26
3	12
11	6
1	15
23	18
25	7
26	19
26	28
12	13
6	9
26	10
15	14
5	17
5	20
18	21
5	22
7	24
26	27
12	8
19	29
# tree 299
0	16
16	2
0	1
2	5
1	4
5	26
1	3
2	11
4	25
26	19
3	12
11	6
1	15
1	18
25	7
19	28
1	23
12	13
6	9
5	10
15	14
26	17
18	21
5	22
7	24
26	27
28	29
12	8
2	20
# tree 300
0	16
16	2
0	1
2	5
1	4
5	26
1	3
2	11
4	25
26	19
3	12
11	6
1	15
1	18
25	7
19	28
1	23
12	13
6	9
5	10
15	14
26	17
18	21
5	22
7	24
26	27
28	29
12	8
11	20
# tree 301
0	16
16	2
0	1
2	5
1	4
5	26
1	3
2	11
4	25
26	19
3	12
11	6
1	15
1	18
25	7
19	28
1	23
12	13
6	9
5	10
15	14
26	17
18	21
5	22
7	24
26	27
28	29
12	8
6	20
# tree 302
0	16
16	2
0	1
2	5
1	4
5	26
1	3
2	11
4	25
26	19
3	12
11	6
1	15
1	18
19	28
25	7
1	23
12	13
6	9
5	10
15	14
26	17
5	20
18	21
5	22
26	27
28	29
12	8
0	24
# tree 303
0	16
16	2
0	1
2	5
1	4
5	26
1	3
2	11
4	25
26	19
3	12
11	6
1	15
1	18
19	28
25	7
1	23
12	13
6	9
5	10
15	14
26	17
5	20
18	21
5	22
26	27
28	29
12	8
1	24
# tree 304
0	16
16	2
0	1
2	5
1	4
5	26
1	3
2	11
4	25
26	19
3	12
11	6
1	15
1	18
19	28
25	7
1	23
12	13
6	9
5	10
15	14
26	17
5	20
18	21
5	22
26	27
28	29
12	8
25	24
# tree 305
0	16
16	2
0	1
2	5
1	4
5	26
1	3
2	11
4	25
26	19
3	12
11	6
1	15
1	18
19	28
25	7
1	23
12	13
6	9
5	10
15	14
26	17
5	20
18	21
5	22
26	27
28	29
12	8
4	24
# tree 306
0	16
16	2
0	1
2	5
1	4
5	26
1	3
2	11
4	25
3	12
11	6
1	15
1	18
25	7
26	28
26	19
1	23
12	13
6	9
5	10
15	14
26	17
5	20
18	21
5	22
7	24
26	27
28	29
12	8
# tree 307
0	16
16	2
0	1
2	5
1	4
5	26
1	3
2	11
4	25
26	19
3	12
11	6
1	15
1	18
25	7
19	28
1	23
12	13
6	9
5	10
15	14
26	17
5	20
18	21
5	22
7	24
26	27
12	8
19	29
# tree 308
0	16
16	2
0	1
2	5
1	4
5	26
1	3
2	11
1	23
4	25
3	12
11	6
1	15
23	18
26	28
26	19
25	7
12	13
6	9
5	10
15	14
26	17
5	20
18	21
5	22
26	27
28	29
12	8
4	24
# tree 309
0	16
16	2
0	1
2	5
1	4
5	26
1	3
2	11
1	23
26	19
4	25
3	12
11	6
1	15
23	18
19	28
25	7
12	13
6	9
5	10
15	14
26	17
5	20
18	21
5	22
26	27
12	8
4	24
19	29
# tree 310
0	16
16	2
0	1
2	5
1	4
1	3
2	11
1	23
4	25
5	26
3	12
11	6
1	15
23	18
25	7
26	19
26	28
12	13
6	9
5	10
15	14
26	17
5	20
18	21
5	22
7	24
26	27
12	8
19	29
# tree 311
0	16
16	2
0	1
2	5
1	4
5	26
1	3
2	11
4	25
3	12
11	6
1	15
1	18
26	28
26	19
25	7
1	23
12	13
6	9
5	10
15	14
5	17
5	20
18	21
5	22
26	27
28	29
12	8
4	24
# tree 312
0	16
16	2
0	1
2	5
1	4
5	26
1	3
2	11
26	19
4	25
3	12
11	6
1	15
1	18
19	28
25	7
1	23
12	13
6	9
5	10
15	14
5	17
5	20
18	21
5	22
26	27
12	8
4	24
19	29
# tree 313
0	16
16	2
0	1
2	5
1	4
1	3
2	11
4	25
5	26
3	12
11	6
1	15
1	18
25	7
26	19
26	28
1	23
12	13
6	9
5	10
15	14
5	17
5	20
18	21
5	22
7	24
26	27
12	8
19	29
# tree 314
0	16
16	2
0	1
2	5
1	4
1	3
2	11
1	23
5	26
4	25
3	12
11	6
1	15
23	18
26	19
26	28
25	7
12	13
6	9
5	10
15	14
5	17
5	20
18	21
5	22
26	27
12	8
4	24
19	29
# tree 315
0	16
16	2
0	1
2	5
1	3
1	4
5	26
3	12
2	11
4	25
26	19
12	13
11	6
1	15
1	18
25	7
19	28
1	23
13	8
6	9
26	10
15	14
26	17
5	20
18	21
5	22
7	24
26	27
28	29
# tree 316
0	16
16	2
0	1
2	5
1	3
1	4
5	26
3	12
2	11
1	23
4	25
26	19
12	13
11	6
1	15
23	18
25	7
19	28
13	8
6	9
26	10
15	14
26	17
18	21
5	22
7	24
26	27
28	29
2	20
# tree 317
0	16
16	2
0	1
2	5
1	3
1	4
5	26
3	12
2	11
1	23
4	25
26	19
12	13
11	6
1	15
23	18
25	7
19	28
13	8
6	9
26	10
15	14
26	17
18	21
5	22
7	24
26	27
28	29
11	20
# tree 318
0	16
16	2
0	1
2	5
1	3
1	4
5	26
3	12
2	11
1	23
4	25
26	19
12	13
11	6
1	15
23	18
25	7
19	28
13	8
6	9
26	10
15	14
26	17
18	21
5	22
7	24
26	27
28	29
6	20
# tree 319
0	16
16	2
0	1
2	5
1	3
1	4
5	26
3	12
2	11
1	23
4	25
26	19
12	13
11	6
1	15
23	18
19	28
25	7
13	8
6	9
26	10
15	14
26	17
5	20
18	21
5	22
26	27
28	29
0	24
# tree 320
0	16
16	2
0	1
2	5
1	3
1	4
5	26
3	12
2	11
1	23
4	25
26	19
12	13
11	6
1	15
23	18
19	28
25	7
13	8
6	9
26	10
15	14
26	17
5	20
18	21
5	22
26	27
28	29
1	24
# tree 321
0	16
16	2
0	1
2	5
1	3
1	4
5	26
3	12
2	11
1	23
4	25
26	19
12	13
11	6
1	15
23	18
19	28
25	7
13	8
6	9
26	10
15	14
26	17
5	20
18	21
5	22
26	27
28	29
25	24
# tree 322
0	16
16	2
0	1
2	5
1	3
1	4
5	26
3	12
2	11
1	23
4	25
26	19
12	13
11	6
1	15
23	18
19	28
25	7
13	8
6	9
26	10
15	14
26	17
5	20
18	21
5	22
26	27
28	29
4	24
# tree 323
0	16
16	2
0	1
2	5
1	3
1	4
5	26
3	12
2	11
1	23
4	25
12	13
11	6
1	15
23	18
25	7
26	28
26	19
13	8
6	9
26	10
15	14
26	17
5	20
18	21
5	22
7	24
26	27
28	29
# tree 324
0	16
16	2
0	1
2	5
1	3
1	4
5	26
3	12
2	11
1	23
4	25
26	19
12	13
11	6
1	15
23	18
25	7
19	28
13	8
6	9
26	10
15	14
26	17
5	20
18	21
5	22
7	24
26	27
19	29
# tree 325
0	16
16	2
0	1
2	5
1	3
1	4
5	26
3	12
2	11
4	25
26	19
12	13
11	6
1	15
1	18
25	7
19	28
1	23
13	8
6	9
26	10
15	14
5	17
18	21
5	22
7	24
26	27
28	29
2	20
# tree 326
0	16
16	2
0	1
2	5
1	3
1	4
5	26
3	12
2	11
4	25
26	19
12	13
11	6
1	15
1	18
25	7
19	28
1	23
13	8
6	9
26	10
15	14
5	17
18	21
5	22
7	24
26	27
28	29
11	20
# tree 327
0	16
16	2
0	1
2	5
1	3
1	4
5	26
3	12
2	11
4	25
26	19
12	13
11	6
1	15
1	18
25	7
19	28
1	23
13	8
6	9
26	10
15	14
5	17
18	21
5	22
7	24
26	27
28	29
6	20
# tree 328
0	16
16	2
0	1
2	5
1	3
1	4
5	26
3	12
2	11
4	25
26	19
12	13
11	6
1	15
1	18
19	28
25	7
1	23
13	8
6	9
26	10
15	14
5	17
5	20
18	21
5	22
26	27
28	29
0	24
# tree 329
0	16
16	2
0	1
2	5
1	3
1	4
5	26
3	12
2	11
4	25
26	19
12	13
11	6
1	15
1	18
19	28
25	7
1	23
13	8
6	9
26	10
15	14
5	17
5	20
18	21
5	22
26	27
28	29
1	24
# tree 330
0	16
16	2
0	1
2	5
1	3
1	4
5	26
3	12
2	11
4	25
26	19
12	13
11	6
1	15
1	18
19	28
25	7
1	23
13	8
6	9
26	10
15	14
5	17
5	20
18	21
5	22
26	27
28	29
25	24
# tree 331
0	16
16	2
0	1
2	5
1	3
1	4
5	26
3	12
2	11
4	25
26	19
12	13
11	6
1	15
1	18
19	28
25	7
1	23
13	8
6	9
26	10
15	14
5	17
5	20
18	21
5	22
26	27
28	29
4	24
# tree 332
0	16
16	2
0	1
2	5
1	3
1	4
5	26
3	12
2	11
4	25
12	13
11	6
1	15
1	18
25	7
26	28
26	19
1	23
13	8
6	9
26	10
15	14
5	17
5	20
18	21
5	22
7	24
26	27
28	29
# tree 333
0	16
16	2
0	1
2	5
1	3
1	4
5	26
3	12
2	11
4	25
26	19
12	13
11	6
1	15
1	18
25	7
19	28
1	23
13	8
6	9
26	10
15	14
5	17
5	20
18	21
5	22
7	24
26	27
19	29
# tree 334
0	16
16	2
0	1
2	5
1	3
1	4
5	26
3	12
2	11
1	23
4	25
12	13
11	6
1	15
23	18
26	28
26	19
25	7
13	8
6	9
26	10
15	14
5	17
5	20
18	21
5	22
26	27
28	29
4	24
# tree 335
0	16
16	2
0	1
2	5
1	3
1	4
5	26
3	12
2	11
1	23
26	19
4	25
12	13
11	6
1	15
23	18
19	28
25	7
13	8
6	9
26	10
15	14
5	17
5	20
18	21
5	22
26	27
4	24
19	29
# tree 336
0	16
16	2
0	1
2	5
1	3
1	4
3	12
2	11
1	23
4	25
5	26
12	13
11	6
1	15
23	18
25	7
26	19
26	28
13	8
6	9
26	10
15	14
5	17
5	20
18	21
5	22
7	24
26	27
19	29
# tree 337
0	16
16	2
0	1
2	5
1	3
1	4
5	26
3	12
2	11
4	25
26	19
12	13
11	6
1	15
1	18
25	7
19	28
1	23
13	8
6	9
5	10
15	14
26	17
18	21
5	22
7	24
26	27
28	29
2	20
# tree 338
0	16
16	2
0	1
2	5
1	3
1	4
5	26
3	12
2	11
4	25
26	19
12	13
11	6
1	15
1	18
25	7
19	28
1	23
13	8
6	9
5	10
15	14
26	17
18	21
5	22
7	24
26	27
28	29
11	20
# tree 339
0	16
16	2
0	1
2	5
1	3
1	4
5	26
3	12
2	11
4	25
26	19
12	13
11	6
1	15
1	18
25	7
19	28
1	23
13	8
6	9
5	10
15	14
26	17
18	21
5	22
7	24
26	27
28	29
6	20
# tree 340
0	16
16	2
0	1
2	5
1	3
1	4
5	26
3	12
2	11
4	25
26	19
12	13
11	6
1	15
1	18
19	28
25	7
1	23
13	8
6	9
5	10
15	14
26	17
5	20
18	21
5	22
26	27
28	29
0	24
# tree 341
0	16
16	2
0	1
2	5
1	3
1	4
5	26
3	12
2	11
4	25
26	19
12	13
11	6
1	15
1	18
19	28
25	7
1	23
13	8
6	9
5	10
15	14
26	17
5	20
18	21
5	22
26	27
28	29
1	24
# tree 342
0	16
16	2
0	1
2	5
1	3
1	4
5	26
3	12
2	11
4	25
26	19
12	13
11	6
1	15
1	18
19	28
25	7
1	23
13	8
6	9
5	10
15	14
26	17
5	20
18	21
5	22
26	27
28	29
25	24
# tree 343
0	16
16	2
0	1
2	5
1	3
1	4
5	26
3	12
2	11
4	25
26	19
12	13
11	6
1	15
1	18
19	28
25	7
1	23
13	8
6	9
5	10
15	14
26	17
5	20
18	21
5	22
26	27
28	29
4	24
# tree 344
0	16
16	2
0	1
2	5
1	3
1	4
5	26
3	12
2	11
4	25
12	13
11	6
1	15
1	18
25	7
26	28
26	19
1	23
13	8
6	9
5	10
15	14
26	17
5	20
18	21
5	22
7	24
26	27
28	29
# tree 345
0	16
16	2
0	1
2	5
1	3
1	4
5	26
3	12
2	11
4	25
26	19
12	13
11	6
1	15
1	18
25	7
19	28
1	23
13	8
6	9
5	10
15	14
26	17
5	20
18	21
5	22
7	24
26	27
19	29
# tree 346
0	16
16	2
0	1
2	5
1	3
1	4
5	26
3	12
2	11
1	23
4	25
12	13
11	6
1	15
23	18
26	28
26	19
25	7
13	8
6	9
5	10
15	14
26	17
5	20
18	21
5	22
26	27
28	29
4	24
# tree 347
0	16
16	2
0	1
2	5
1	3
1	4
5	26
3	12
2	11
1	23
26	19
4	25
12	13
11	6
1	15
23	18
19	28
25	7
13	8
6	9
5	10
15	14
26	17
5	20
18	21
5	22
26	27
4	24
19	29
# tree 348
0	16
16	2
0	1
2	5
1	3
1	4
3	12
2	11
1	23
4	25
5	26
12	13
11	6
1	15
23	18
25	7
26	19
26	28
13	8
6	9
5	10
15	14
26	17
5	20
18	21
5	22
7	24
26	27
19	29
# tree 349
0	16
16	2
0	1
2	5
1	3
1	4
3	12
2	11
1	23
5	26
4	25
12	13
11	6
1	15
23	18
26	19
26	28
25	7
13	8
6	9
5	10
15	14
5	17
5	20
18	21
5	22
26	27
4	24
19	29
# tree 350
0	16
16	2
0	1
2	5
1	3
1	4
5	26
3	12
2	11
4	25
26	19
12	13
11	6
1	15
1	18
25	7
19	28
26	17
1	23
26	27
13	8
6	9
15	14
18	21
5	22
7	24
28	29
17	10
2	20
# tree 351
0	16
16	2
0	1
2	5
1	3
1	4
5	26
3	12
2	11
4	25
26	19
12	13
11	6
1	15
1	18
25	7
19	28
26	17
1	23
26	27
13	8
6	9
15	14
18	21
5	22
7	24
28	29
17	10
11	20
# tree 352
0	16
16	2
0	1
2	5
1	3
1	4
5	26
3	12
2	11
4	25
26	19
12	13
11	6
1	15
1	18
25	7
19	28
26	17
1	23
26	27
13	8
6	9
15	14
18	21
5	22
7	24
28	29
17	10
6	20
# tree 353
0	16
16	2
0	1
2	5
1	3
1	4
5	26
3	12
2	11
4	25
26	19
12	13
11	6
1	15
1	18
19	28
26	17
25	7
1	23
26	27
13	8
6	9
15	14
5	20
18	21
5	22
28	29
17	10
0	24
# tree 354
0	16
16	2
0	1
2	5
1	3
1	4
5	26
3	12
2	11
4	25
26	19
12	13
11	6
1	15
1	18
19	28
26	17
25	7
1	23
26	27
13	8
6	9
15	14
5	20
18	21
5	22
28	29
17	10
1	24
# tree 355
0	16
16	2
0	1
2	5
1	3
1	4
5	26
3	12
2	11
4	25
26	19
12	13
11	6
1	15
1	18
19	28
26	17
25	7
1	23
26	27
13	8
6	9
15	14
5	20
18	21
5	22
28	29
17	10
25	24
# tree 356
0	16
16	2
0	1
2	5
1	3
1	4
5	26
3	12
2	11
4	25
26	19
12	13
11	6
1	15
1	18
19	28
26	17
25	7
1	23
26	27
13	8
6	9
15	14
5	20
18	21
5	22
28	29
17	10
4	24
# tree 357
0	16
16	2
0	1
2	5
1	3
1	4
5	26
3	12
2	11
4	25
12	13
11	6
1	15
1	18
25	7
26	28
26	17
26	19
1	23
26	27
13	8
6	9
15	14
5	20
18	21
5	22
7	24
28	29
17	10
# tree 358
0	16
16	2
0	1
2	5
1	3
1	4
5	26
3	12
2	11
4	25
26	19
12	13
11	6
1	15
1	18
25	7
26	17
19	28
1	23
26	27
13	8
6	9
15	14
5	20
18	21
5	22
7	24
17	10
19	29
# tree 359
0	16
16	2
0	1
2	5
1	3
1	4
5	26
3	12
2	11
1	23
4	25
12	13
11	6
1	15
23	18
26	28
26	17
26	19
25	7
26	27
13	8
6	9
15	14
5	20
18	21
5	22
28	29
17	10
4	24
# tree 360
0	16
16	2
0	1
2	5
1	3
1	4
5	26
3	12
2	11
1	23
26	19
4	25
12	13
11	6
1	15
23	18
26	17
19	28
25	7
26	27
13	8
6	9
15	14
5	20
18	21
5	22
17	10
4	24
19	29
# tree 361
0	16
16	2
0	1
2	5
1	3
1	4
3	12
2	11
1	23
4	25
5	26
12	13
11	6
1	15
23	18
25	7
26	17
26	19
26	28
26	27
13	8
6	9
15	14
5	20
18	21
5	22
7	24
17	10
19	29
# tree 362
0	16
16	2
0	1
2	5
1	3
1	4
5	26
3	12
2	11
4	25
12	13
11	6
1	15
1	18
26	28
5	17
26	19
25	7
1	23
26	27
13	8
6	9
15	14
5	20
18	21
5	22
28	29
17	10
4	24
# tree 363
0	16
16	2
0	1
2	5
1	3
1	4
5	26
3	12
2	11
26	19
4	25
12	13
11	6
1	15
1	18
5	17
19	28
25	7
1	23
26	27
13	8
6	9
15	14
5	20
18	21
5	22
17	10
4	24
19	29
# tree 364
0	16
16	2
0	1
2	5
1	3
1	4
3	12
2	11
4	25
5	26
12	13
11	6
1	15
1	18
25	7
5	17
26	19
26	28
1	23
26	27
13	8
6	9
15	14
5	20
18	21
5	22
7	24
17	10
19	29
# tree 365
0	16
16	2
0	1
2	5
1	3
1	4
3	12
2	11
1	23
5	26
4	25
12	13
11	6
1	15
23	18
5	17
26	19
26	28
25	7
26	27
13	8
6	9
15	14
5	20
18	21
5	22
17	10
4	24
19	29
# tree 366
0	16
16	2
0	1
2	5
1	3
1	4
3	12
2	11
5	26
4	25
12	13
11	6
1	15
1	18
26	19
26	28
25	7
1	23
13	8
6	9
5	10
15	14
5	17
5	20
18	21
5	22
26	27
4	24
19	29
# tree 367
0	16
16	2
0	1
2	5
1	3
1	4
3	12
2	11
1	23
5	26
4	25
12	13
11	6
1	15
23	18
26	19
26	28
25	7
13	8
6	9
5	10
15	14
5	17
18	21
5	22
26	27
2	20
4	24
19	29
# tree 368
0	16
16	2
2	5
0	1
5	26
1	3
2	11
1	4
26	19
3	12
11	6
1	15
1	18
4	7
19	28
1	23
12	13
4	25
6	9
26	10
15	14
26	17
5	20
18	21
5	22
7	24
26	27
28	29
12	8
# tree 369
0	16
16	2
2	5
0	1
5	26
1	3
2	11
1	23
1	4
26	19
3	12
11	6
1	15
23	18
4	7
19	28
12	13
4	25
6	9
26	10
15	14
26	17
18	21
5	22
7	24
26	27
28	29
12	8
2	20
# tree 370
0	16
16	2
2	5
0	1
5	26
1	3
2	11
1	23
1	4
26	19
3	12
11	6
1	15
23	18
4	7
19	28
12	13
4	25
6	9
26	10
15	14
26	17
18	21
5	22
7	24
26	27
28	29
12	8
11	20
# tree 371
0	16
16	2
2	5
0	1
5	26
1	3
2	11
1	23
1	4
26	19
3	12
11	6
1	15
23	18
4	7
19	28
12	13
4	25
6	9
26	10
15	14
26	17
18	21
5	22
7	24
26	27
28	29
12	8
6	20
# tree 372
0	16
16	2
2	5
0	1
5	26
1	3
2	11
1	23
1	4
26	19
3	12
11	6
1	15
23	18
19	28
4	7
12	13
4	25
6	9
26	10
15	14
26	17
5	20
18	21
5	22
26	27
28	29
12	8
0	24
# tree 373
0	16
16	2
2	5
0	1
5	26
1	3
2	11
1	23
1	4
26	19
3	12
11	6
1	15
23	18
19	28
4	7
12	13
4	25
6	9
26	10
15	14
26	17
5	20
18	21
5	22
26	27
28	29
12	8
1	24
# tree 374
0	16
16	2
2	5
0	1
5	26
1	3
2	11
1	23
1	4
26	19
3	12
11	6
1	15
23	18
19	28
4	25
4	7
12	13
6	9
26	10
15	14
26	17
5	20
18	21
5	22
26	27
28	29
12	8
25	24
# tree 375
0	16
16	2
2	5
0	1
5	26
1	3
2	11
1	23
1	4
26	19
3	12
11	6
1	15
23	18
19	28
4	7
12	13
4	25
6	9
26	10
15	14
26	17
5	20
18	21
5	22
26	27
28	29
12	8
4	24
# tree 376
0	16
16	2
2	5
0	1
5	26
1	3
2	11
1	23
1	4
3	12
11	6
1	15
23	18
4	7
26	28
26	19
12	13
4	25
6	9
26	10
15	14
26	17
5	20
18	21
5	22
7	24
26	27
28	29
12	8
# tree 377
0	16
16	2
2	5
0	1
5	26
1	3
2	11
1	23
1	4
26	19
3	12
11	6
1	15
23	18
4	7
19	28
12	13
4	25
6	9
26	10
15	14
26	17
5	20
18	21
5	22
7	24
26	27
12	8
19	29
# tree 378
0	16
16	2
2	5
0	1
5	26
1	3
2	11
1	4
26	19
3	12
11	6
1	15
1	18
4	7
19	28
1	23
12	13
4	25
6	9
26	10
15	14
5	17
18	21
5	22
7	24
26	27
28	29
12	8
2	20
# tree 379
0	16
16	2
2	5
0	1
5	26
1	3
2	11
1	4
26	19
3	12
11	6
1	15
1	18
4	7
19	28
1	23
12	13
4	25
6	9
26	10
15	14
5	17
18	21
5	22
7	24
26	27
28	29
12	8
11	20
# tree 380
0	16
16	2
2	5
0	1
5	26
1	3
2	11
1	4
26	19
3	12
11	6
1	15
1	18
4	7
19	28
1	23
12	13
4	25
6	9
26	10
15	14
5	17
18	21
5	22
7	24
26	27
28	29
12	8
6	20
# tree 381
0	16
16	2
2	5
0	1
5	26
1	3
2	11
1	4
26	19
3	12
11	6
1	15
1	18
19	28
4	7
1	23
12	13
4	25
6	9
26	10
15	14
5	17
5	20
18	21
5	22
26	27
28	29
12	8
0	24
# tree 382
0	16
16	2
2	5
0	1
5	26
1	3
2	11
1	4
26	19
3	12
11	6
1	15
1	18
19	28
4	7
1	23
12	13
4	25
6	9
26	10
15	14
5	17
5	20
18	21
5	22
26	27
28	29
12	8
1	24
# tree 383
0	16
16	2
2	5
0	1
5	26
1	3
2	11
1	4
26	19
3	12
11	6
1	15
1	18
19	28
4	25
4	7
1	23
12	13
6	9
26	10
15	14
5	17
5	20
18	21
5	22
26	27
28	29
12	8
25	24
# tree 384
0	16
16	2
2	5
0	1
5	26
1	3
2	11
1	4
26	19
3	12
11	6
1	15
1	18
19	28
4	7
1	23
12	13
4	25
6	9
26	10
15	14
5	17
5	20
18	21
5	22
26	27
28	29
12	8
4	24
# tree 385
0	16
16	2
2	5
0	1
5	26
1	3
2	11
1	4
3	12
11	6
1	15
1	18
4	7
26	28
26	19
1	23
12	13
4	25
6	9
26	10
15	14
5	17
5	20
18	21
5	22
7	24
26	27
28	29
12	8
# tree 386
0	16
16	2
2	5
0	1
5	26
1	3
2	11
1	4
26	19
3	12
11	6
1	15
1	18
4	7
19	28
1	23
12	13
4	25
6	9
26	10
15	14
5	17
5	20
18	21
5	22
7	24
26	27
12	8
19	29
# tree 387
0	16
16	2
2	5
0	1
5	26
1	3
2	11
1	23
1	4
3	12
11	6
1	15
23	18
26	28
26	19
4	7
12	13
4	25
6	9
26	10
15	14
5	17
5	20
18	21
5	22
26	27
28	29
12	8
4	24
# tree 388
0	16
16	2
2	5
0	1
5	26
1	3
2	11
1	23
26	19
1	4
3	12
11	6
1	15
23	18
19	28
4	7
12	13
4	25
6	9
26	10
15	14
5	17
5	20
18	21
5	22
26	27
12	8
4	24
19	29
# tree 389
0	16
16	2
2	5
0	1
1	3
2	11
1	23
1	4
5	26
3	12
11	6
1	15
23	18
4	7
26	19
26	28
12	13
4	25
6	9
26	10
15	14
5	17
5	20
18	21
5	22
7	24
26	27
12	8
19	29
# tree 390
0	16
16	2
2	5
0	1
5	26
1	3
2	11
1	4
26	19
3	12
11	6
1	15
1	18
4	7
19	28
1	23
12	13
4	25
6	9
5	10
15	14
26	17
18	21
5	22
7	24
26	27
28	29
12	8
2	20
# tree 391
0	16
16	2
2	5
0	1
5	26
1	3
2	11
1	4
26	19
3	12
11	6
1	15
1	18
4	7
19	28
1	23
12	13
4	25
6	9
5	10
15	14
26	17
18	21
5	22
7	24
26	27
28	29
12	8
11	20
# tree 392
0	16
16	2
2	5
0	1
5	26
1	3
2	11
1	4
26	19
3	12
11	6
1	15
1	18
4	7
19	28
1	23
12	13
4	25
6	9
5	10
15	14
26	17
18	21
5	22
7	24
26	27
28	29
12	8
6	20
# tree 393
0	16
16	2
2	5
0	1
5	26
1	3
2	11
1	4
26	19
3	12
11	6
1	15
1	18
19	28
4	7
1	23
12	13
4	25
6	9
5	10
15	14
26	17
5	20
18	21
5	22
26	27
28	29
12	8
0	24
# tree 394
0	16
16	2
2	5
0	1
5	26
1	3
2	11
1	4
26	19
3	12
11	6
1	15
1	18
19	28
4	7
1	23
12	13
4	25
6	9
5	10
15	14
26	17
5	20
18	21
5	22
26	27
28	29
12	8
1	24
# tree 395
0	16
16	2
2	5
0	1
5	26
1	3
2	11
1	4
26	19
3	12
11	6
1	15
1	18
19	28
4	25
4	7
1	23
12	13
6	9
5	10
15	14
26	17
5	20
18	21
5	22
26	27
28	29
12	8
25	24
# tree 396
0	16
16	2
2	5
0	1
5	26
1	3
2	11
1	4
26	19
3	12
11	6
1	15
1	18
19	28
4	7
1	23
12	13
4	25
6	9
5	10
15	14
26	17
5	20
18	21
5	22
26	27
28	29
12	8
4	24
# tree 397
0	16
16	2
2	5
0	1
5	26
1	3
2	11
1	4
3	12
11	6
1	15
1	18
4	7
26	28
26	19
1	23
12	13
4	25
6	9
5	10
15	14
26	17
5	20
18	21
5	22
7	24
26	27
28	29
12	8
# tree 398
0	16
16	2
2	5
0	1
5	26
1	3
2	11
1	4
26	19
3	12
11	6
1	15
1	18
4	7
19	28
1	23
12	13
4	25
6	9
5	10
15	14
26	17
5	20
18	21
5	22
7	24
26	27
12	8
19	29
# tree 399
0	16
16	2
2	5
0	1
5	26
1	3
2	11
1	23
1	4
3	12
11	6
1	15
23	18
26	28
26	19
4	7
12	13
4	25
6	9
5	10
15	14
26	17
5	20
18	21
5	22
26	27
28	29
12	8
4	24
# tree 400
0	16
16	2
2	5
0	1
5	26
1	3
2	11
1	23
26	19
1	4
3	12
11	6
1	15
23	18
19	28
4	7
12	13
4	25
6	9
5	10
15	14
26	17
5	20
18	21
5	22
26	27
12	8
4	24
19	29
# tree 401
0	16
16	2
2	5
0	1
1	3
2	11
1	23
1	4
5	26
3	12
11	6
1	15
23	18
4	7
26	19
26	28
12	13
4	25
6	9
5	10
15	14
26	17
5	20
18	21
5	22
7	24
26	27
12	8
19	29
# tree 402
0	16
16	2
2	5
0	1
5	26
1	3
2	11
1	4
3	12
11	6
1	15
1	18
26	28
26	19
4	7
1	23
12	13
4	25
6	9
5	10
15	14
5	17
5	20
18	21
5	22
26	27
28	29
12	8
4	24
# tree 403
0	16
16	2
2	5
0	1
5	26
1	3
2	11
26	19
1	4
3	12
11	6
1	15
1	18
19	28
4	7
1	23
12	13
4	25
6	9
5	10
15	14
5	17
5	20
18	21
5	22
26	27
12	8
4	24
19	29
# tree 404
0	16
16	2
2	5
0	1
1	3
2	11
1	4
5	26
3	12
11	6
1	15
1	18
4	7
26	19
26	28
1	23
12	13
4	25
6	9
5	10
15	14
5	17
5	20
18	21
5	22
7	24
26	27
12	8
19	29
# tree 405
0	16
16	2
2	5
0	1
1	3
2	11
1	23
5	26
1	4
3	12
11	6
1	15
23	18
26	19
26	28
4	7
12	13
4	25
6	9
5	10
15	14
5	17
5	20
18	21
5	22
26	27
12	8
4	24
19	29
# tree 406
0	16
16	2
0	1
2	5
1	3
5	26
3	12
2	11
1	4
26	19
12	13
11	6
1	15
1	18
4	7
19	28
1	23
4	25
13	8
6	9
26	10
15	14
26	17
18	21
5	22
7	24
26	27
28	29
2	20
# tree 407
0	16
16	2
0	1
2	5
1	3
5	26
3	12
2	11
1	4
26	19
12	13
11	6
1	15
1	18
4	7
19	28
1	23
4	25
13	8
6	9
26	10
15	14
26	17
18	21
5	22
7	24
26	27
28	29
11	20
# tree 408
0	16
16	2
0	1
2	5
1	3
5	26
3	12
2	11
1	4
26	19
12	13
11	6
1	15
1	18
4	7
19	28
1	23
4	25
13	8
6	9
26	10
15	14
26	17
18	21
5	22
7	24
26	27
28	29
6	20
# tree 409
0	16
16	2
0	1
2	5
1	3
5	26
3	12
2	11
1	4
26	19
12	13
11	6
1	15
1	18
19	28
4	7
1	23
4	25
13	8
6	9
26	10
15	14
26	17
5	20
18	21
5	22
26	27
28	29
0	24
# tree 410
0	16
16	2
0	1
2	5
1	3
5	26
3	12
2	11
1	4
26	19
12	13
11	6
1	15
1	18
19	28
4	7
1	23
4	25
13	8
6	9
26	10
15	14
26	17
5	20
18	21
5	22
26	27
28	29
1	24
# tree 411
0	16
16	2
0	1
2	5
1	3
5	26
3	12
2	11
1	4
26	19
12	13
11	6
1	15
1	18
19	28
4	25
4	7
1	23
13	8
6	9
26	10
15	14
26	17
5	20
18	21
5	22
26	27
28	29
25	24
# tree 412
0	16
16	2
0	1
2	5
1	3
5	26
3	12
2	11
1	4
26	19
12	13
11	6
1	15
1	18
19	28
4	7
1	23
4	25
13	8
6	9
26	10
15	14
26	17
5	20
18	21
5	22
26	27
28	29
4	24
# tree 413
0	16
16	2
0	1
2	5
1	3
5	26
3	12
2	11
1	4
12	13
11	6
1	15
1	18
4	7
26	28
26	19
1	23
4	25
13	8
6	9
26	10
15	14
26	17
5	20
18	21
5	22
7	24
26	27
28	29
# tree 414
0	16
16	2
0	1
2	5
1	3
5	26
3	12
2	11
1	4
26	19
12	13
11	6
1	15
1	18
4	7
19	28
1	23
4	25
13	8
6	9
26	10
15	14
26	17
5	20
18	21
5	22
7	24
26	27
19	29
# tree 415
0	16
16	2
0	1
2	5
1	3
5	26
3	12
2	11
1	23
1	4
12	13
11	6
1	15
23	18
26	28
26	19
4	7
4	25
13	8
6	9
26	10
15	14
26	17
5	20
18	21
5	22
26	27
28	29
4	24
# tree 416
0	16
16	2
0	1
2	5
1	3
5	26
3	12
2	11
1	23
26	19
1	4
12	13
11	6
1	15
23	18
19	28
4	7
4	25
13	8
6	9
26	10
15	14
26	17
5	20
18	21
5	22
26	27
4	24
19	29
# tree 417
0	16
16	2
0	1
2	5
1	3
3	12
2	11
1	23
1	4
5	26
12	13
11	6
1	15
23	18
4	7
26	19
26	28
4	25
13	8
6	9
26	10
15	14
26	17
5	20
18	21
5	22
7	24
26	27
19	29
# tree 418
0	16
16	2
0	1
2	5
1	3
5	26
3	12
2	11
1	4
12	13
11	6
1	15
1	18
26	28
26	19
4	7
1	23
4	25
13	8
6	9
26	10
15	14
5	17
5	20
18	21
5	22
26	27
28	29
4	24
# tree 419
0	16
16	2
0	1
2	5
1	3
5	26
3	12
2	11
26	19
1	4
12	13
11	6
1	15
1	18
19	28
4	7
1	23
4	25
13	8
6	9
26	10
15	14
5	17
5	20
18	21
5	22
26	27
4	24
19	29
# tree 420
0	16
16	2
0	1
2	5
1	3
3	12
2	11
1	4
5	26
12	13
11	6
1	15
1	18
4	7
26	19
26	28
1	23
4	25
13	8
6	9
26	10
15	14
5	17
5	20
18	21
5	22
7	24
26	27
19	29
# tree 421
0	16
16	2
0	1
2	5
1	3
3	12
2	11
1	23
5	26
1	4
12	13
11	6
1	15
23	18
26	19
26	28
4	7
4	25
13	8
6	9
26	10
15	14
5	17
5	20
18	21
5	22
26	27
4	24
19	29
# tree 422
0	16
16	2
0	1
2	5
1	3
5	26
3	12
2	11
1	4
12	13
11	6
1	15
1	18
26	28
26	19
4	7
1	23
4	25
13	8
6	9
5	10
15	14
26	17
5	20
18	21
5	22
26	27
28	29
4	24
# tree 423
0	16
16	2
0	1
2	5
1	3
5	26
3	12
2	11
26	19
1	4
12	13
11	6
1	15
1	18
19	28
4	7
1	23
4	25
13	8
6	9
5	10
15	14
26	17
5	20
18	21
5	22
26	27
4	24
19	29
# tree 424
0	16
16	2
0	1
2	5
1	3
3	12
2	11
1	4
5	26
12	13
11	6
1	15
1	18
4	7
26	19
26	28
1	23
4	25
13	8
6	9
5	10
15	14
26	17
5	20
18	21
5	22
7	24
26	27
19	29
# tree 425
0	16
16	2
0	1
2	5
1	3
3	12
2	11
1	23
5	26
1	4
12	13
11	6
1	15
23	18
26	19
26	28
4	7
4	25
13	8
6	9
5	10
15	14
26	17
5	20
18	21
5	22
26	27
4	24
19	29
# tree 426
0	16
16	2
0	1
2	5
1	3
3	12
2	11
5	26
1	4
12	13
11	6
1	15
1	18
26	19
26	28
4	7
1	23
4	25
13	8
6	9
5	10
15	14
5	17
5	20
18	21
5	22
26	27
4	24
19	29
# tree 427
0	16
16	2
0	1
2	5
1	4
5	26
1	3
2	11
4	25
26	19
3	12
11	6
1	15
1	18
25	7
19	28
1	23
12	13
6	9
26	10
15	14
26	17
18	21
5	22
7	24
26	27
28	29
12	8
2	20
# tree 428
0	16
16	2
0	1
2	5
1	4
5	26
1	3
2	11
4	25
26	19
3	12
11	6
1	15
1	18
25	7
19	28
1	23
12	13
6	9
26	10
15	14
26	17
18	21
5	22
7	24
26	27
28	29
12	8
11	20
# tree 429
0	16
16	2
0	1
2	5
1	4
5	26
1	3
2	11
4	25
26	19
3	12
11	6
1	15
1	18
25	7
19	28
1	23
12	13
6	9
26	10
15	14
26	17
18	21
5	22
7	24
26	27
28	29
12	8
6	20
# tree 430
0	16
16	2
0	1
2	5
1	4
5	26
1	3
2	11
4	25
26	19
3	12
11	6
1	15
1	18
19	28
25	7
1	23
12	13
6	9
26	10
15	14
26	17
5	20
18	21
5	22
26	27
28	29
12	8
0	24
# tree 431
0	16
16	2
0	1
2	5
1	4
5	26
1	3
2	11
4	25
26	19
3	12
11	6
1	15
1	18
19	28
25	7
1	23
12	13
6	9
26	10
15	14
26	17
5	20
18	21
5	22
26	27
28	29
12	8
1	24
# tree 432
0	16
16	2
0	1
2	5
1	4
5	26
1	3
2	11
4	25
26	19
3	12
11	6
1	15
1	18
19	28
25	7
1	23
12	13
6	9
26	10
15	14
26	17
5	20
18	21
5	22
26	27
28	29
12	8
25	24
# tree 433
0	16
16	2
0	1
2	5
1	4
5	26
1	3
2	11
4	25
26	19
3	12
11	6
1	15
1	18
19	28
25	7
1	23
12	13
6	9
26	10
15	14
26	17
5	20
18	21
5	22
26	27
28	29
12	8
4	24
# tree 434
0	16
16	2
0	1
2	5
1	4
5	26
1	3
2	11
4	25
3	12
11	6
1	15
1	18
25	7
26	28
26	19
1	23
12	13
6	9
26	10
15	14
26	17
5	20
18	21
5	22
7	24
26	27
28	29
12	8
# tree 435
0	16
16	2
0	1
2	5
1	4
5	26
1	3
2	11
4	25
26	19
3	12
11	6
1	15
1	18
25	7
19	28
1	23
12	13
6	9
26	10
15	14
26	17
5	20
18	21
5	22
7	24
26	27
12	8
19	29
# tree 436
0	16
16	2
0	1
2	5
1	4
5	26
1	3
2	11
1	23
4	25
3	12
11	6
1	15
23	18
26	28
26	19
25	7
12	13
6	9
26	10
15	14
26	17
5	20
18	21
5	22
26	27
28	29
12	8
4	24
# tree 437
0	16
16	2
0	1
2	5
1	4
5	26
1	3
2	11
1	23
26	19
4	25
3	12
11	6
1	15
23	18
19	28
25	7
12	13
6	9
26	10
15	14
26	17
5	20
18	21
5	22
26	27
12	8
4	24
19	29
# tree 438
0	16
16	2
0	1
2	5
1	4
1	3
2	11
1	23
4	25
5	26
3	12
11	6
1	15
23	18
25	7
26	19
26	28
12	13
6	9
26	10
15	14
26	17
5	20
18	21
5	22
7	24
26	27
12	8
19	29
# tree 439
0	16
16	2
0	1
2	5
1	4
5	26
1	3
2	11
4	25
3	12
11	6
1	15
1	18
26	28
26	19
25	7
1	23
12	13
6	9
26	10
15	14
5	17
5	20
18	21
5	22
26	27
28	29
12	8
4	24
# tree 440
0	16
16	2
0	1
2	5
1	4
5	26
1	3
2	11
26	19
4	25
3	12
11	6
1	15
1	18
19	28
25	7
1	23
12	13
6	9
26	10
15	14
5	17
5	20
18	21
5	22
26	27
12	8
4	24
19	29
# tree 441
0	16
16	2
0	1
2	5
1	4
1	3
2	11
4	25
5	26
3	12
11	6
1	15
1	18
25	7
26	19
26	28
1	23
12	13
6	9
26	10
15	14
5	17
5	20
18	21
5	22
7	24
26	27
12	8
19	29
# tree 442
0	16
16	2
0	1
2	5
1	4
1	3
2	11
1	23
5	26
4	25
3	12
11	6
1	15
23	18
26	19
26	28
25	7
12	13
6	9
26	10
15	14
5	17
5	20
18	21
5	22
26	27
12	8
4	24
19	29
# tree 443
0	16
16	2
0	1
2	5
1	4
5	26
1	3
2	11
4	25
3	12
11	6
1	15
1	18
26	28
26	19
25	7
1	23
12	13
6	9
5	10
15	14
26	17
5	20
18	21
5	22
26	27
28	29
12	8
4	24
# tree 444
0	16
16	2
0	1
2	5
1	4
5	26
1	3
2	11
26	19
4	25
3	12
11	6
1	15
1	18
19	28
25	7
1	23
12	13
6	9
5	10
15	14
26	17
5	20
18	21
5	22
26	27
12	8
4	24
19	29
# tree 445
0	16
16	2
0	1
2	5
1	4
1	3
2	11
4	25
5	26
3	12
11	6
1	15
1	18
25	7
26	19
26	28
1	23
12	13
6	9
5	10
15	14
26	17
5	20
18	21
5	22
7	24
26	27
12	8
19	29
# tree 446
0	16
16	2
0	1
2	5
1	4
1	3
2	11
1	23
5	26
4	25
3	12
11	6
1	15
23	18
26	19
26	28
25	7
12	13
6	9
5	10
15	14
26	17
5	20
18	21
5	22
26	27
12	8
4	24
19	29
# tree 447
0	16
16	2
0	1
2	5
1	4
1	3
2	11
5	26
4	25
3	12
11	6
1	15
1	18
26	19
26	28
25	7
1	23
12	13
6	9
5	10
15	14
5	17
5	20
18	21
5	22
26	27
12	8
4	24
19	29
# tree 448
0	16
16	2
0	1
2	5
1	3
1	4
5	26
3	12
2	11
4	25
26	19
12	13
11	6
1	15
1	18
25	7
19	28
1	23
13	8
6	9
26	10
15	14
26	17
18	21
5	22
7	24
26	27
28	29
2	20
# tree 449
0	16
16	2
0	1
2	5
1	3
1	4
5	26
3	12
2	11
4	25
26	19
12	13
11	6
1	15
1	18
25	7
19	28
1	23
13	8
6	9
26	10
15	14
26	17
18	21
5	22
7	24
26	27
28	29
11	20
# tree 450
0	16
16	2
0	1
2	5
1	3
1	4
5	26
3	12
2	11
4	25
26	19
12	13
11	6
1	15
1	18
25	7
19	28
1	23
13	8
6	9
26	10
15	14
26	17
18	21
5	22
7	24
26	27
28	29
6	20
# tree 451
0	16
16	2
0	1
2	5
1	3
1	4
5	26
3	12
2	11
4	25
26	19
12	13
11	6
1	15
1	18
19	28
25	7
1	23
13	8
6	9
26	10
15	14
26	17
5	20
18	21
5	22
26	27
28	29
0	24
# tree 452
0	16
16	2
0	1
2	5
1	3
1	4
5	26
3	12
2	11
4	25
26	19
12	13
11	6
1	15
1	18
19	28
25	7
1	23
13	8
6	9
26	10
15	14
26	17
5	20
18	21
5	22
26	27
28	29
1	24
# tree 453
0	16
16	2
0	1
2	5
1	3
1	4
5	26
3	12
2	11
4	25
26	19
12	13
11	6
1	15
1	18
19	28
25	7
1	23
13	8
6	9
26	10
15	14
26	17
5	20
18	21
5	22
26	27
28	29
25	24
# tree 454
0	16
16	2
0	1
2	5
1	3
1	4
5	26
3	12
2	11
4	25
26	19
12	13
11	6
1	15
1	18
19	28
25	7
1	23
13	8
6	9
26	10
15	14
26	17
5	20
18	21
5	22
26	27
28	29
4	24
# tree 455
0	16
16	2
0	1
2	5
1	3
1	4
5	26
3	12
2	11
4	25
12	13
11	6
1	15
1	18
25	7
26	28
26	19
1	23
13	8
6	9
26	10
15	14
26	17
5	20
18	21
5	22
7	24
26	27
28	29
# tree 456
0	16
16	2
0	1
2	5
1	3
1	4
5	26
3	12
2	11
4	25
26	19
12	13
11	6
1	15
1	18
25	7
19	28
1	23
13	8
6	9
26	10
15	14
26	17
5	20
18	21
5	22
7	24
26	27
19	29
# tree 457
0	16
16	2
0	1
2	5
1	3
1	4
5	26
3	12
2	11
1	23
4	25
12	13
11	6
1	15
23	18
26	28
26	19
25	7
13	8
6	9
26	10
15	14
26	17
5	20
18	21
5	22
26	27
28	29
4	24
# tree 458
0	16
16	2
0	1
2	5
1	3
1	4
5	26
3	12
2	11
1	23
26	19
4	25
12	13
11	6
1	15
23	18
19	28
25	7
13	8
6	9
26	10
15	14
26	17
5	20
18	21
5	22
26	27
4	24
19	29
# tree 459
0	16
16	2
0	1
2	5
1	3
1	4
3	12
2	11
1	23
4	25
5	26
12	13
11	6
1	15
23	18
25	7
26	19
26	28
13	8
6	9
26	10
15	14
26	17
5	20
18	21
5	22
7	24
26	27
19	29
# tree 460
0	16
16	2
0	1
2	5
1	3
1	4
5	26
3	12
2	11
4	25
12	13
11	6
1	15
1	18
26	28
26	19
25	7
1	23
13	8
6	9
26	10
15	14
5	17
5	20
18	21
5	22
26	27
28	29
4	24
# tree 461
0	16
16	2
0	1
2	5
1	3
1	4
5	26
3	12
2	11
26	19
4	25
12	13
11	6
1	15
1	18
19	28
25	7
1	23
13	8
6	9
26	10
15	14
5	17
5	20
18	21
5	22
26	27
4	24
19	29
# tree 462
0	16
16	2
0	1
2	5
1	3
1	4
3	12
2	11
4	25
5	26
12	13
11	6
1	15
1	18
25	7
26	19
26	28
1	23
13	8
6	9
26	10
15	14
5	17
5	20
18	21
5	22
7	24
26	27
19	29
# tree 463
0	16
16	2
0	1
2	5
1	3
1	4
3	12
2	11
1	23
5	26
4	25
12	13
11	6
1	15
23	18
26	19
26	28
25	7
13	8
6	9
26	10
15	14
5	17
5	20
18	21
5	22
26	27
4	24
19	29
# tree 464
0	16
16	2
0	1
2	5
1	3
1	4
5	26
3	12
2	11
4	25
12	13
11	6
1	15
1	18
26	28
26	19
25	7
1	23
13	8
6	9
5	10
15	14
26	17
5	20
18	21
5	22
26	27
28	29
4	24
# tree 465
0	16
16	2
0	1
2	5
1	3
1	4
5	26
3	12
2	11
26	19
4	25
12	13
11	6
1	15
1	18
19	28
25	7
1	23
13	8
6	9
5	10
15	14
26	17
5	20
18	21
5	22
26	27
4	24
19	29
# tree 466
0	16
16	2
0	1
2	5
1	3
1	4
3	12
2	11
4	25
5	26
12	13
11	6
1	15
1	18
25	7
26	19
26	28
1	23
13	8
6	9
5	10
15	14
26	17
5	20
18	21
5	22
7	24
26	27
19	29
# tree 467
0	16
16	2
0	1
2	5
1	3
1	4
3	12
2	11
1	23
5	26
4	25
12	13
11	6
1	15
23	18
26	19
26	28
25	7
13	8
6	9
5	10
15	14
26	17
5	20
18	21
5	22
26	27
4	24
19	29
# tree 468
0	16
16	2
0	1
2	5
1	3
1	4
5	26
3	12
2	11
4	25
12	13
11	6
1	15
1	18
26	28
26	17
26	19
25	7
1	23
26	27
13	8
6	9
15	14
5	20
18	21
5	22
28	29
17	10
4	24
# tree 469
0	16
16	2
0	1
2	5
1	3
1	4
5	26
3	12
2	11
26	19
4	25
12	13
11	6
1	15
1	18
26	17
19	28
25	7
1	23
26	27
13	8
6	9
15	14
5	20
18	21
5	22
17	10
4	24
19	29
# tree 470
0	16
16	2
0	1
2	5
1	3
1	4
3	12
2	11
4	25
5	26
12	13
11	6
1	15
1	18
25	7
26	17
26	19
26	28
1	23
26	27
13	8
6	9
15	14
5	20
18	21
5	22
7	24
17	10
19	29
# tree 471
0	16
16	2
0	1
2	5
1	3
1	4
3	12
2	11
1	23
5	26
4	25
12	13
11	6
1	15
23	18
26	17
26	19
26	28
25	7
26	27
13	8
6	9
15	14
5	20
18	21
5	22
17	10
4	24
19	29
# tree 472
0	16
16	2
0	1
2	5
1	3
1	4
3	12
2	11
5	26
4	25
12	13
11	6
1	15
1	18
5	17
26	19
26	28
25	7
1	23
26	27
13	8
6	9
15	14
5	20
18	21
5	22
17	10
4	24
19	29
