### 483 trees
# tree 1
21	1
31	2
26	3
16	4
27	6
24	8
29	10
28	11
23	13
0	15
20	16
24	17
26	19
13	20
10	21
29	23
32	24
8	25
30	26
2	27
0	28
19	29
11	30
15	31
11	32
25	5
3	7
17	9
1	12
6	14
4	18
13	22
# tree 2
15	31
30	26
20	16
2	27
32	24
19	29
0	28
29	23
13	20
23	13
29	10
11	32
24	8
11	30
31	2
26	19
28	11
0	15
8	25
26	3
24	17
10	1
27	6
16	4
10	21
25	5
3	7
17	9
1	12
6	14
4	18
13	22
# tree 3
10	21
15	31
30	26
2	27
32	24
19	29
0	28
29	23
13	20
23	13
29	10
11	32
24	8
11	30
31	2
26	19
28	11
0	15
8	25
26	3
24	17
21	1
27	6
23	4
20	16
25	5
3	7
17	9
1	12
6	14
4	18
13	22
# tree 4
10	21
15	31
30	26
2	27
32	24
19	29
0	28
29	23
13	20
23	13
29	10
11	32
24	8
11	30
31	2
26	19
28	11
0	15
8	25
26	3
24	17
21	1
27	6
20	4
20	16
25	5
3	7
17	9
1	12
6	14
4	18
13	22
# tree 5
10	21
15	31
30	26
2	27
32	24
19	29
0	28
29	23
13	20
23	13
29	10
11	32
24	8
11	30
31	2
26	19
28	11
0	15
8	25
26	3
24	17
21	1
27	6
13	4
20	16
25	5
3	7
17	9
1	12
6	14
4	18
13	22
# tree 6
10	21
15	31
30	26
2	27
32	24
19	29
0	28
29	23
13	20
23	13
29	10
11	32
24	8
11	30
31	2
26	19
28	11
0	15
8	25
26	3
24	17
21	1
27	6
29	4
20	16
25	5
3	7
17	9
1	12
6	14
4	18
13	22
# tree 7
10	21
15	31
30	26
2	27
32	24
19	29
0	28
29	23
13	20
23	13
29	10
11	32
24	8
11	30
31	2
26	19
28	11
0	15
8	25
26	3
24	17
21	1
27	6
19	4
20	16
25	5
3	7
17	9
1	12
6	14
4	18
13	22
# tree 8
10	21
15	31
30	26
20	16
2	27
32	24
19	29
0	28
29	23
13	20
23	13
29	10
11	32
24	8
11	30
31	2
26	19
28	11
0	15
26	3
24	17
21	1
27	6
16	4
8	25
3	7
17	9
1	12
6	14
4	18
13	22
8	5
# tree 9
10	21
15	31
30	26
20	16
2	27
32	24
19	29
0	28
29	23
13	20
23	13
29	10
11	32
24	8
11	30
31	2
26	19
28	11
0	15
8	25
26	3
24	17
27	6
16	4
21	1
25	5
3	7
17	9
6	14
4	18
13	22
21	12
# tree 10
10	21
15	31
30	26
20	16
2	27
32	24
19	29
0	28
29	23
13	20
23	13
29	10
11	32
24	8
11	30
31	2
26	19
28	11
0	15
8	25
26	3
24	17
27	6
16	4
21	1
25	5
3	7
17	9
6	14
4	18
13	22
29	12
# tree 11
10	21
15	31
30	26
20	16
2	27
32	24
19	29
0	28
29	23
13	20
23	13
29	10
11	32
24	8
11	30
31	2
26	19
28	11
0	15
8	25
26	3
24	17
27	6
16	4
21	1
25	5
3	7
17	9
6	14
4	18
13	22
10	12
# tree 12
10	21
15	31
30	26
20	16
2	27
32	24
19	29
0	28
29	23
13	20
23	13
29	10
11	32
24	8
11	30
31	2
26	19
28	11
0	15
8	25
26	3
24	17
27	6
16	4
21	1
25	5
3	7
17	9
6	14
4	18
13	22
19	12
# tree 13
10	21
15	31
30	26
20	16
2	27
32	24
19	29
0	28
29	23
13	20
23	13
29	10
11	32
24	8
11	30
31	2
26	19
28	11
0	15
8	25
26	3
24	17
21	1
16	4
27	6
25	5
3	7
17	9
1	12
4	18
13	22
27	14
# tree 14
10	21
15	31
30	26
20	16
2	27
32	24
19	29
0	28
29	23
13	20
23	13
29	10
11	32
24	8
11	30
31	2
26	19
28	11
0	15
8	25
26	3
24	17
21	1
16	4
27	6
25	5
3	7
17	9
1	12
4	18
13	22
2	14
# tree 15
10	21
15	31
30	26
23	16
2	27
32	24
19	29
0	28
29	23
23	13
29	10
11	32
24	8
11	30
31	2
26	19
28	11
0	15
8	25
26	3
24	17
21	1
27	6
16	4
13	20
25	5
3	7
17	9
1	12
6	14
4	18
13	22
# tree 16
10	21
15	31
30	26
13	16
2	27
32	24
19	29
0	28
29	23
23	13
29	10
11	32
24	8
11	30
31	2
26	19
28	11
0	15
8	25
26	3
24	17
21	1
27	6
16	4
13	20
25	5
3	7
17	9
1	12
6	14
4	18
13	22
# tree 17
10	21
15	31
30	26
29	16
2	27
32	24
19	29
0	28
29	23
23	13
29	10
11	32
24	8
11	30
31	2
26	19
28	11
0	15
8	25
26	3
24	17
21	1
27	6
16	4
13	20
25	5
3	7
17	9
1	12
6	14
4	18
13	22
# tree 18
10	21
15	31
30	26
20	16
2	27
32	24
19	29
0	28
29	23
13	20
23	13
29	10
11	32
24	8
11	30
31	2
26	19
28	11
0	15
8	25
26	3
24	17
21	1
27	6
16	4
25	5
3	7
17	9
1	12
6	14
13	22
16	18
# tree 19
10	21
15	31
30	26
20	16
2	27
32	24
19	29
0	28
29	23
23	20
29	10
11	32
24	8
11	30
31	2
26	19
28	11
0	15
8	25
26	3
24	17
21	1
27	6
16	4
23	13
25	5
3	7
17	9
1	12
6	14
4	18
13	22
# tree 20
10	21
15	31
30	26
20	16
2	27
32	24
19	29
0	28
29	23
29	20
29	10
11	32
24	8
11	30
31	2
26	19
28	11
0	15
8	25
26	3
24	17
21	1
27	6
16	4
23	13
25	5
3	7
17	9
1	12
6	14
4	18
13	22
# tree 21
10	21
15	31
30	26
20	16
2	27
32	24
19	29
0	28
29	23
13	20
23	13
29	10
11	32
24	8
11	30
31	2
26	19
28	11
0	15
8	25
26	3
24	17
21	1
27	6
16	4
25	5
3	7
17	9
1	12
6	14
4	18
23	22
# tree 22
29	10
0	15
11	30
13	20
31	2
11	32
26	19
19	29
23	13
29	23
28	11
32	24
15	31
30	26
0	28
24	8
2	27
20	16
10	21
8	25
26	3
24	17
16	4
27	6
21	1
25	5
3	7
17	9
4	18
13	22
19	12
27	14
# tree 23
29	10
0	15
11	30
13	20
31	2
11	32
26	19
19	29
23	13
29	23
28	11
32	24
15	31
30	26
0	28
24	8
2	27
20	16
10	21
8	25
26	3
24	17
16	4
27	6
21	1
25	5
3	7
17	9
4	18
13	22
19	12
2	14
# tree 24
29	10
0	15
11	30
31	2
11	32
26	19
19	29
23	13
29	23
28	11
32	24
15	31
30	26
0	28
24	8
2	27
23	16
10	21
8	25
26	3
24	17
27	6
16	4
13	20
21	1
25	5
3	7
17	9
6	14
4	18
13	22
19	12
# tree 25
29	10
0	15
11	30
31	2
11	32
26	19
19	29
23	13
29	23
28	11
32	24
15	31
30	26
0	28
24	8
2	27
13	16
10	21
8	25
26	3
24	17
27	6
16	4
13	20
21	1
25	5
3	7
17	9
6	14
4	18
13	22
19	12
# tree 26
29	10
0	15
11	30
31	2
11	32
26	19
19	29
23	13
29	23
28	11
32	24
15	31
30	26
0	28
24	8
2	27
29	16
10	21
8	25
26	3
24	17
27	6
16	4
13	20
21	1
25	5
3	7
17	9
6	14
4	18
13	22
19	12
# tree 27
29	10
0	15
11	30
13	20
31	2
11	32
26	19
19	29
23	13
29	23
28	11
32	24
15	31
30	26
0	28
24	8
2	27
20	16
8	25
26	3
24	17
27	6
16	4
10	21
25	5
3	7
17	9
6	14
4	18
13	22
19	12
10	1
# tree 28
29	10
0	15
11	30
13	20
31	2
11	32
26	19
19	29
23	13
29	23
28	11
32	24
15	31
30	26
0	28
24	8
2	27
20	16
10	21
8	25
26	3
24	17
27	6
16	4
21	1
25	5
3	7
17	9
6	14
13	22
19	12
16	18
# tree 29
29	10
0	15
11	30
23	20
31	2
11	32
26	19
19	29
29	23
28	11
32	24
15	31
30	26
0	28
24	8
2	27
20	16
10	21
8	25
26	3
24	17
27	6
16	4
23	13
21	1
25	5
3	7
17	9
6	14
4	18
13	22
19	12
# tree 30
29	10
0	15
11	30
29	20
31	2
11	32
26	19
19	29
29	23
28	11
32	24
15	31
30	26
0	28
24	8
2	27
20	16
10	21
8	25
26	3
24	17
27	6
16	4
23	13
21	1
25	5
3	7
17	9
6	14
4	18
13	22
19	12
# tree 31
29	10
0	15
11	30
13	20
31	2
11	32
26	19
19	29
23	13
29	23
28	11
32	24
15	31
30	26
0	28
24	8
2	27
20	16
10	21
8	25
26	3
24	17
27	6
16	4
21	1
25	5
3	7
17	9
6	14
4	18
19	12
23	22
# tree 32
29	10
0	15
11	30
13	20
31	2
11	32
26	19
19	29
23	13
29	23
28	11
32	24
15	31
30	26
0	28
24	8
2	27
10	21
8	25
26	3
24	17
27	6
23	4
20	16
21	1
25	5
3	7
17	9
6	14
4	18
13	22
19	12
# tree 33
29	10
0	15
11	30
13	20
31	2
11	32
26	19
19	29
23	13
29	23
28	11
32	24
15	31
30	26
0	28
24	8
2	27
10	21
8	25
26	3
24	17
27	6
20	4
20	16
21	1
25	5
3	7
17	9
6	14
4	18
13	22
19	12
# tree 34
29	10
0	15
11	30
13	20
31	2
11	32
26	19
19	29
23	13
29	23
28	11
32	24
15	31
30	26
0	28
24	8
2	27
10	21
8	25
26	3
24	17
27	6
13	4
20	16
21	1
25	5
3	7
17	9
6	14
4	18
13	22
19	12
# tree 35
29	10
0	15
11	30
13	20
31	2
11	32
26	19
19	29
23	13
29	23
28	11
32	24
15	31
30	26
0	28
24	8
2	27
10	21
8	25
26	3
24	17
27	6
29	4
20	16
21	1
25	5
3	7
17	9
6	14
4	18
13	22
19	12
# tree 36
29	10
0	15
11	30
13	20
31	2
11	32
26	19
19	29
23	13
29	23
28	11
32	24
15	31
30	26
0	28
24	8
2	27
10	21
8	25
26	3
24	17
27	6
19	4
20	16
21	1
25	5
3	7
17	9
6	14
4	18
13	22
19	12
# tree 37
29	10
0	15
11	30
13	20
31	2
11	32
26	19
19	29
23	13
29	23
28	11
32	24
15	31
30	26
0	28
24	8
2	27
20	16
10	21
26	3
24	17
27	6
16	4
8	25
21	1
3	7
17	9
6	14
4	18
13	22
19	12
8	5
# tree 38
29	10
0	15
11	30
31	2
11	32
26	19
19	29
23	13
29	23
28	11
32	24
15	31
30	26
0	28
24	8
10	21
23	16
2	27
8	25
26	3
24	17
21	1
16	4
13	20
27	6
25	5
3	7
17	9
1	12
4	18
13	22
2	14
# tree 39
29	10
0	15
11	30
31	2
11	32
26	19
19	29
23	13
29	23
28	11
32	24
15	31
30	26
0	28
24	8
10	21
13	16
2	27
8	25
26	3
24	17
21	1
16	4
13	20
27	6
25	5
3	7
17	9
1	12
4	18
13	22
2	14
# tree 40
29	10
0	15
11	30
31	2
11	32
26	19
19	29
23	13
29	23
28	11
32	24
15	31
30	26
0	28
24	8
10	21
29	16
2	27
8	25
26	3
24	17
21	1
16	4
13	20
27	6
25	5
3	7
17	9
1	12
4	18
13	22
2	14
# tree 41
29	10
0	15
11	30
13	20
31	2
11	32
26	19
19	29
23	13
29	23
28	11
32	24
15	31
30	26
0	28
24	8
20	16
2	27
8	25
26	3
24	17
10	1
16	4
10	21
27	6
25	5
3	7
17	9
1	12
4	18
13	22
2	14
# tree 42
29	10
0	15
11	30
13	20
31	2
11	32
26	19
19	29
23	13
29	23
28	11
32	24
15	31
30	26
0	28
24	8
10	21
20	16
2	27
8	25
26	3
24	17
21	1
16	4
27	6
25	5
3	7
17	9
1	12
13	22
2	14
16	18
# tree 43
29	10
0	15
11	30
23	20
31	2
11	32
26	19
19	29
29	23
28	11
32	24
15	31
30	26
0	28
24	8
10	21
20	16
2	27
8	25
26	3
24	17
21	1
16	4
23	13
27	6
25	5
3	7
17	9
1	12
4	18
13	22
2	14
# tree 44
29	10
0	15
11	30
29	20
31	2
11	32
26	19
19	29
29	23
28	11
32	24
15	31
30	26
0	28
24	8
10	21
20	16
2	27
8	25
26	3
24	17
21	1
16	4
23	13
27	6
25	5
3	7
17	9
1	12
4	18
13	22
2	14
# tree 45
29	10
0	15
11	30
13	20
31	2
11	32
26	19
19	29
23	13
29	23
28	11
32	24
15	31
30	26
0	28
24	8
10	21
20	16
2	27
8	25
26	3
24	17
21	1
16	4
27	6
25	5
3	7
17	9
1	12
4	18
2	14
23	22
# tree 46
29	10
0	15
11	30
13	20
31	2
11	32
26	19
19	29
23	13
29	23
28	11
32	24
15	31
30	26
0	28
24	8
10	21
2	27
8	25
26	3
24	17
21	1
23	4
20	16
27	6
25	5
3	7
17	9
1	12
4	18
13	22
2	14
# tree 47
29	10
0	15
11	30
13	20
31	2
11	32
26	19
19	29
23	13
29	23
28	11
32	24
15	31
30	26
0	28
24	8
10	21
2	27
8	25
26	3
24	17
21	1
20	4
20	16
27	6
25	5
3	7
17	9
1	12
4	18
13	22
2	14
# tree 48
29	10
0	15
11	30
13	20
31	2
11	32
26	19
19	29
23	13
29	23
28	11
32	24
15	31
30	26
0	28
24	8
10	21
2	27
8	25
26	3
24	17
21	1
13	4
20	16
27	6
25	5
3	7
17	9
1	12
4	18
13	22
2	14
# tree 49
29	10
0	15
11	30
13	20
31	2
11	32
26	19
19	29
23	13
29	23
28	11
32	24
15	31
30	26
0	28
24	8
10	21
2	27
8	25
26	3
24	17
21	1
29	4
20	16
27	6
25	5
3	7
17	9
1	12
4	18
13	22
2	14
# tree 50
29	10
0	15
11	30
13	20
31	2
11	32
26	19
19	29
23	13
29	23
28	11
32	24
15	31
30	26
0	28
24	8
10	21
2	27
8	25
26	3
24	17
21	1
19	4
20	16
27	6
25	5
3	7
17	9
1	12
4	18
13	22
2	14
# tree 51
29	10
0	15
11	30
13	20
31	2
11	32
26	19
19	29
23	13
29	23
28	11
32	24
15	31
30	26
0	28
24	8
10	21
20	16
2	27
26	3
24	17
21	1
16	4
8	25
27	6
3	7
17	9
1	12
4	18
13	22
2	14
8	5
# tree 52
29	10
0	15
11	30
19	29
31	2
11	32
26	19
29	23
28	11
32	24
15	31
30	26
0	28
24	8
2	27
29	16
23	13
8	25
26	3
24	17
10	1
27	6
16	4
10	21
13	20
25	5
3	7
17	9
1	12
6	14
4	18
13	22
# tree 53
29	10
0	15
11	30
19	29
31	2
11	32
26	19
29	23
28	11
32	24
15	31
30	26
0	28
24	8
10	21
2	27
29	16
23	13
8	25
26	3
24	17
21	1
27	6
16	4
13	20
25	5
3	7
17	9
1	12
6	14
4	18
23	22
# tree 54
29	10
0	15
11	30
19	29
31	2
11	32
26	19
29	23
28	11
32	24
15	31
30	26
0	28
24	8
10	21
2	27
23	13
8	25
26	3
24	17
21	1
27	6
23	4
29	16
13	20
25	5
3	7
17	9
1	12
6	14
4	18
13	22
# tree 55
29	10
0	15
11	30
19	29
31	2
11	32
26	19
29	23
28	11
32	24
15	31
30	26
0	28
24	8
10	21
2	27
23	13
8	25
26	3
24	17
21	1
27	6
20	4
13	20
29	16
25	5
3	7
17	9
1	12
6	14
4	18
13	22
# tree 56
29	10
0	15
11	30
19	29
31	2
11	32
26	19
29	23
28	11
32	24
15	31
30	26
0	28
24	8
10	21
2	27
23	13
8	25
26	3
24	17
21	1
27	6
13	4
29	16
13	20
25	5
3	7
17	9
1	12
6	14
4	18
13	22
# tree 57
29	10
0	15
11	30
19	29
31	2
11	32
26	19
29	23
28	11
32	24
15	31
30	26
0	28
24	8
10	21
2	27
23	13
8	25
26	3
24	17
21	1
27	6
19	4
29	16
13	20
25	5
3	7
17	9
1	12
6	14
4	18
13	22
# tree 58
29	10
0	15
11	30
19	29
31	2
11	32
26	19
29	23
28	11
32	24
15	31
30	26
0	28
24	8
10	21
2	27
29	16
23	13
26	3
24	17
21	1
27	6
16	4
8	25
13	20
3	7
17	9
1	12
6	14
4	18
13	22
8	5
# tree 59
0	15
11	30
13	20
31	2
11	32
26	19
19	29
23	13
29	23
28	11
32	24
15	31
30	26
0	28
24	8
29	10
2	27
20	16
8	25
26	3
24	17
10	1
27	6
16	4
10	21
25	5
3	7
17	9
1	12
6	14
13	22
16	18
# tree 60
0	15
11	30
23	20
31	2
11	32
26	19
19	29
29	23
28	11
32	24
15	31
30	26
0	28
24	8
29	10
2	27
20	16
8	25
26	3
24	17
10	1
27	6
16	4
23	13
10	21
25	5
3	7
17	9
1	12
6	14
4	18
13	22
# tree 61
0	15
11	30
29	20
31	2
11	32
26	19
19	29
29	23
28	11
32	24
15	31
30	26
0	28
24	8
29	10
2	27
20	16
8	25
26	3
24	17
10	1
27	6
16	4
23	13
10	21
25	5
3	7
17	9
1	12
6	14
4	18
13	22
# tree 62
0	15
11	30
13	20
31	2
11	32
26	19
19	29
23	13
29	23
28	11
32	24
15	31
30	26
0	28
24	8
29	10
2	27
20	16
8	25
26	3
24	17
10	1
27	6
16	4
10	21
25	5
3	7
17	9
1	12
6	14
4	18
23	22
# tree 63
0	15
11	30
13	20
31	2
11	32
26	19
19	29
23	13
29	23
28	11
32	24
15	31
30	26
0	28
24	8
29	10
2	27
8	25
26	3
24	17
10	1
27	6
23	4
20	16
10	21
25	5
3	7
17	9
1	12
6	14
4	18
13	22
# tree 64
0	15
11	30
13	20
31	2
11	32
26	19
19	29
23	13
29	23
28	11
32	24
15	31
30	26
0	28
24	8
29	10
2	27
8	25
26	3
24	17
10	1
27	6
20	4
20	16
10	21
25	5
3	7
17	9
1	12
6	14
4	18
13	22
# tree 65
0	15
11	30
13	20
31	2
11	32
26	19
19	29
23	13
29	23
28	11
32	24
15	31
30	26
0	28
24	8
29	10
2	27
8	25
26	3
24	17
10	1
27	6
13	4
20	16
10	21
25	5
3	7
17	9
1	12
6	14
4	18
13	22
# tree 66
0	15
11	30
13	20
31	2
11	32
26	19
19	29
23	13
29	23
28	11
32	24
15	31
30	26
0	28
24	8
29	10
2	27
8	25
26	3
24	17
10	1
27	6
29	4
20	16
10	21
25	5
3	7
17	9
1	12
6	14
4	18
13	22
# tree 67
0	15
11	30
13	20
31	2
11	32
26	19
19	29
23	13
29	23
28	11
32	24
15	31
30	26
0	28
24	8
29	10
2	27
8	25
26	3
24	17
10	1
27	6
19	4
20	16
10	21
25	5
3	7
17	9
1	12
6	14
4	18
13	22
# tree 68
0	15
11	30
13	20
31	2
11	32
26	19
19	29
23	13
29	23
28	11
32	24
15	31
30	26
0	28
24	8
29	10
2	27
20	16
26	3
24	17
10	1
27	6
16	4
8	25
10	21
3	7
17	9
1	12
6	14
4	18
13	22
8	5
# tree 69
29	10
0	15
11	30
23	20
31	2
11	32
26	19
19	29
29	23
28	11
32	24
15	31
30	26
0	28
24	8
10	21
2	27
20	16
8	25
26	3
24	17
21	1
27	6
23	13
16	4
25	5
3	7
17	9
1	12
6	14
13	22
16	18
# tree 70
29	10
0	15
11	30
29	20
31	2
11	32
26	19
19	29
29	23
28	11
32	24
15	31
30	26
0	28
24	8
10	21
2	27
20	16
8	25
26	3
24	17
21	1
27	6
23	13
16	4
25	5
3	7
17	9
1	12
6	14
13	22
16	18
# tree 71
29	10
0	15
11	30
13	20
31	2
11	32
26	19
19	29
23	13
29	23
28	11
32	24
15	31
30	26
0	28
24	8
10	21
2	27
20	16
8	25
26	3
24	17
21	1
27	6
16	4
25	5
3	7
17	9
1	12
6	14
16	18
23	22
# tree 72
29	10
0	15
11	30
13	20
31	2
11	32
26	19
19	29
23	13
29	23
28	11
32	24
15	31
30	26
0	28
24	8
10	21
2	27
8	25
26	3
24	17
21	1
27	6
20	16
25	5
3	7
17	9
1	12
6	14
13	22
16	18
23	4
# tree 73
29	10
0	15
11	30
13	20
31	2
11	32
26	19
19	29
23	13
29	23
28	11
32	24
15	31
30	26
0	28
24	8
10	21
2	27
8	25
26	3
24	17
21	1
27	6
20	16
25	5
3	7
17	9
1	12
6	14
13	22
16	18
20	4
# tree 74
29	10
0	15
11	30
13	20
31	2
11	32
26	19
19	29
23	13
29	23
28	11
32	24
15	31
30	26
0	28
24	8
10	21
2	27
8	25
26	3
24	17
21	1
27	6
20	16
25	5
3	7
17	9
1	12
6	14
13	22
16	18
13	4
# tree 75
29	10
0	15
11	30
13	20
31	2
11	32
26	19
19	29
23	13
29	23
28	11
32	24
15	31
30	26
0	28
24	8
10	21
2	27
8	25
26	3
24	17
21	1
27	6
20	16
25	5
3	7
17	9
1	12
6	14
13	22
16	18
29	4
# tree 76
29	10
0	15
11	30
13	20
31	2
11	32
26	19
19	29
23	13
29	23
28	11
32	24
15	31
30	26
0	28
24	8
10	21
2	27
8	25
26	3
24	17
21	1
27	6
20	16
25	5
3	7
17	9
1	12
6	14
13	22
16	18
19	4
# tree 77
29	10
0	15
11	30
13	20
31	2
11	32
26	19
19	29
23	13
29	23
28	11
32	24
15	31
30	26
0	28
24	8
10	21
2	27
20	16
26	3
24	17
21	1
27	6
8	25
16	4
3	7
17	9
1	12
6	14
13	22
16	18
8	5
# tree 78
29	10
0	15
11	30
13	20
31	2
11	32
26	19
19	29
23	13
29	23
28	11
32	24
15	31
30	26
0	28
24	8
10	21
2	27
8	25
26	3
24	17
21	1
27	6
23	4
20	16
25	5
3	7
17	9
1	12
6	14
4	18
23	22
# tree 79
29	10
0	15
11	30
13	20
31	2
11	32
26	19
19	29
23	13
29	23
28	11
32	24
15	31
30	26
0	28
24	8
10	21
2	27
8	25
26	3
24	17
21	1
27	6
20	4
20	16
25	5
3	7
17	9
1	12
6	14
4	18
23	22
# tree 80
29	10
0	15
11	30
13	20
31	2
11	32
26	19
19	29
23	13
29	23
28	11
32	24
15	31
30	26
0	28
24	8
10	21
2	27
8	25
26	3
24	17
21	1
27	6
13	4
20	16
25	5
3	7
17	9
1	12
6	14
4	18
23	22
# tree 81
29	10
0	15
11	30
13	20
31	2
11	32
26	19
19	29
23	13
29	23
28	11
32	24
15	31
30	26
0	28
24	8
10	21
2	27
8	25
26	3
24	17
21	1
27	6
29	4
20	16
25	5
3	7
17	9
1	12
6	14
4	18
23	22
# tree 82
29	10
0	15
11	30
13	20
31	2
11	32
26	19
19	29
23	13
29	23
28	11
32	24
15	31
30	26
0	28
24	8
10	21
2	27
8	25
26	3
24	17
21	1
27	6
19	4
20	16
25	5
3	7
17	9
1	12
6	14
4	18
23	22
# tree 83
29	10
0	15
11	30
13	20
31	2
11	32
26	19
19	29
23	13
29	23
28	11
32	24
15	31
30	26
0	28
24	8
10	21
2	27
20	16
26	3
24	17
21	1
27	6
16	4
8	25
3	7
17	9
1	12
6	14
4	18
23	22
8	5
# tree 84
29	10
0	15
11	30
31	2
11	32
26	19
19	29
23	13
29	23
28	11
32	24
15	31
30	26
0	28
24	8
10	21
2	27
13	20
26	3
24	17
21	1
27	6
19	4
8	25
20	16
3	7
17	9
1	12
6	14
4	18
13	22
8	5
# tree 85
19	29
28	11
23	13
15	31
30	26
26	19
29	23
0	28
11	32
0	15
11	30
32	24
31	2
29	10
24	8
23	16
2	27
10	21
8	25
26	3
24	17
16	4
13	20
27	6
21	1
25	5
3	7
17	9
4	18
13	22
19	12
2	14
# tree 86
19	29
28	11
23	13
15	31
30	26
26	19
29	23
0	28
11	32
0	15
11	30
32	24
31	2
29	10
24	8
13	16
2	27
10	21
8	25
26	3
24	17
16	4
13	20
27	6
21	1
25	5
3	7
17	9
4	18
13	22
19	12
2	14
# tree 87
19	29
28	11
23	13
15	31
30	26
26	19
29	23
0	28
11	32
0	15
11	30
32	24
31	2
29	10
24	8
29	16
2	27
10	21
8	25
26	3
24	17
16	4
13	20
27	6
21	1
25	5
3	7
17	9
4	18
13	22
19	12
2	14
# tree 88
19	29
28	11
23	13
15	31
30	26
26	19
29	23
0	28
11	32
0	15
11	30
32	24
31	2
13	20
29	10
24	8
20	16
2	27
8	25
26	3
24	17
16	4
10	21
27	6
25	5
3	7
17	9
4	18
13	22
19	12
2	14
10	1
# tree 89
19	29
28	11
23	13
15	31
30	26
26	19
29	23
0	28
11	32
0	15
11	30
32	24
31	2
13	20
29	10
24	8
20	16
2	27
10	21
8	25
26	3
24	17
16	4
27	6
21	1
25	5
3	7
17	9
13	22
19	12
2	14
16	18
# tree 90
19	29
28	11
15	31
30	26
26	19
29	23
0	28
11	32
0	15
11	30
32	24
31	2
23	20
29	10
24	8
20	16
2	27
10	21
8	25
26	3
24	17
16	4
23	13
27	6
21	1
25	5
3	7
17	9
4	18
13	22
19	12
2	14
# tree 91
19	29
28	11
15	31
30	26
26	19
29	23
0	28
11	32
0	15
11	30
32	24
31	2
29	20
29	10
24	8
20	16
2	27
10	21
8	25
26	3
24	17
16	4
23	13
27	6
21	1
25	5
3	7
17	9
4	18
13	22
19	12
2	14
# tree 92
19	29
28	11
23	13
15	31
30	26
26	19
29	23
0	28
11	32
0	15
11	30
32	24
31	2
13	20
29	10
24	8
20	16
2	27
10	21
8	25
26	3
24	17
16	4
27	6
21	1
25	5
3	7
17	9
4	18
19	12
2	14
23	22
# tree 93
19	29
28	11
23	13
15	31
30	26
26	19
29	23
0	28
11	32
0	15
11	30
32	24
31	2
13	20
29	10
24	8
2	27
10	21
8	25
26	3
24	17
23	4
20	16
27	6
21	1
25	5
3	7
17	9
4	18
13	22
19	12
2	14
# tree 94
19	29
28	11
23	13
15	31
30	26
26	19
29	23
0	28
11	32
0	15
11	30
32	24
31	2
13	20
29	10
24	8
2	27
10	21
8	25
26	3
24	17
20	4
20	16
27	6
21	1
25	5
3	7
17	9
4	18
13	22
19	12
2	14
# tree 95
19	29
28	11
23	13
15	31
30	26
26	19
29	23
0	28
11	32
0	15
11	30
32	24
31	2
13	20
29	10
24	8
2	27
10	21
8	25
26	3
24	17
13	4
20	16
27	6
21	1
25	5
3	7
17	9
4	18
13	22
19	12
2	14
# tree 96
19	29
28	11
23	13
15	31
30	26
26	19
29	23
0	28
11	32
0	15
11	30
32	24
31	2
13	20
29	10
24	8
2	27
10	21
8	25
26	3
24	17
29	4
20	16
27	6
21	1
25	5
3	7
17	9
4	18
13	22
19	12
2	14
# tree 97
19	29
28	11
23	13
15	31
30	26
26	19
29	23
0	28
11	32
0	15
11	30
32	24
31	2
13	20
29	10
24	8
2	27
10	21
8	25
26	3
24	17
19	4
20	16
27	6
21	1
25	5
3	7
17	9
4	18
13	22
19	12
2	14
# tree 98
19	29
28	11
23	13
15	31
30	26
26	19
29	23
0	28
11	32
0	15
11	30
32	24
31	2
13	20
29	10
24	8
20	16
2	27
10	21
26	3
24	17
16	4
8	25
27	6
21	1
3	7
17	9
4	18
13	22
19	12
2	14
8	5
# tree 99
19	29
28	11
15	31
30	26
26	19
29	23
0	28
11	32
0	15
11	30
32	24
31	2
29	10
24	8
2	27
29	16
23	13
8	25
26	3
24	17
27	6
16	4
10	21
13	20
25	5
3	7
17	9
6	14
4	18
13	22
19	12
10	1
# tree 100
19	29
28	11
15	31
30	26
26	19
29	23
0	28
11	32
0	15
11	30
32	24
31	2
23	13
29	10
24	8
2	27
13	16
10	21
8	25
26	3
24	17
27	6
16	4
21	1
25	5
3	7
17	9
6	14
4	18
13	22
19	12
23	20
# tree 101
19	29
28	11
15	31
30	26
26	19
29	23
0	28
11	32
0	15
11	30
32	24
31	2
23	13
29	10
24	8
2	27
13	16
10	21
8	25
26	3
24	17
27	6
16	4
21	1
25	5
3	7
17	9
6	14
4	18
13	22
19	12
29	20
# tree 102
19	29
28	11
15	31
30	26
26	19
29	23
0	28
11	32
0	15
11	30
32	24
31	2
29	10
24	8
2	27
29	16
23	13
10	21
8	25
26	3
24	17
27	6
16	4
13	20
21	1
25	5
3	7
17	9
6	14
4	18
19	12
23	22
# tree 103
19	29
28	11
15	31
30	26
26	19
29	23
0	28
11	32
0	15
11	30
32	24
31	2
29	10
24	8
2	27
23	13
10	21
8	25
26	3
24	17
27	6
23	4
29	16
13	20
21	1
25	5
3	7
17	9
6	14
4	18
13	22
19	12
# tree 104
19	29
28	11
15	31
30	26
26	19
29	23
0	28
11	32
0	15
11	30
32	24
31	2
29	10
24	8
2	27
23	13
10	21
8	25
26	3
24	17
27	6
20	4
13	20
29	16
21	1
25	5
3	7
17	9
6	14
4	18
13	22
19	12
# tree 105
19	29
28	11
15	31
30	26
26	19
29	23
0	28
11	32
0	15
11	30
32	24
31	2
29	10
24	8
2	27
23	13
10	21
8	25
26	3
24	17
27	6
13	4
29	16
13	20
21	1
25	5
3	7
17	9
6	14
4	18
13	22
19	12
# tree 106
19	29
28	11
15	31
30	26
26	19
29	23
0	28
11	32
0	15
11	30
32	24
31	2
29	10
24	8
2	27
23	13
10	21
8	25
26	3
24	17
27	6
19	4
29	16
13	20
21	1
25	5
3	7
17	9
6	14
4	18
13	22
19	12
# tree 107
19	29
28	11
15	31
30	26
26	19
29	23
0	28
11	32
0	15
11	30
32	24
31	2
29	10
24	8
2	27
29	16
23	13
10	21
26	3
24	17
27	6
16	4
8	25
13	20
21	1
3	7
17	9
6	14
4	18
13	22
19	12
8	5
# tree 108
19	29
28	11
23	13
15	31
30	26
26	19
29	23
0	28
11	32
0	15
11	30
32	24
31	2
13	20
24	8
2	27
20	16
29	10
8	25
26	3
24	17
27	6
16	4
10	21
25	5
3	7
17	9
6	14
13	22
19	12
10	1
16	18
# tree 109
19	29
28	11
15	31
30	26
26	19
29	23
0	28
11	32
0	15
11	30
32	24
31	2
23	20
24	8
2	27
20	16
29	10
8	25
26	3
24	17
27	6
16	4
23	13
10	21
25	5
3	7
17	9
6	14
4	18
13	22
19	12
10	1
# tree 110
19	29
28	11
15	31
30	26
26	19
29	23
0	28
11	32
0	15
11	30
32	24
31	2
29	20
24	8
2	27
20	16
29	10
8	25
26	3
24	17
27	6
16	4
23	13
10	21
25	5
3	7
17	9
6	14
4	18
13	22
19	12
10	1
# tree 111
19	29
28	11
23	13
15	31
30	26
26	19
29	23
0	28
11	32
0	15
11	30
32	24
31	2
13	20
24	8
2	27
20	16
29	10
8	25
26	3
24	17
27	6
16	4
10	21
25	5
3	7
17	9
6	14
4	18
19	12
10	1
23	22
# tree 112
19	29
28	11
23	13
15	31
30	26
26	19
29	23
0	28
11	32
0	15
11	30
32	24
31	2
13	20
24	8
2	27
29	10
8	25
26	3
24	17
27	6
23	4
20	16
10	21
25	5
3	7
17	9
6	14
4	18
13	22
19	12
10	1
# tree 113
19	29
28	11
23	13
15	31
30	26
26	19
29	23
0	28
11	32
0	15
11	30
32	24
31	2
13	20
24	8
2	27
29	10
8	25
26	3
24	17
27	6
20	4
20	16
10	21
25	5
3	7
17	9
6	14
4	18
13	22
19	12
10	1
# tree 114
19	29
28	11
23	13
15	31
30	26
26	19
29	23
0	28
11	32
0	15
11	30
32	24
31	2
13	20
24	8
2	27
29	10
8	25
26	3
24	17
27	6
13	4
20	16
10	21
25	5
3	7
17	9
6	14
4	18
13	22
19	12
10	1
# tree 115
19	29
28	11
23	13
15	31
30	26
26	19
29	23
0	28
11	32
0	15
11	30
32	24
31	2
13	20
24	8
2	27
29	10
8	25
26	3
24	17
27	6
29	4
20	16
10	21
25	5
3	7
17	9
6	14
4	18
13	22
19	12
10	1
# tree 116
19	29
28	11
23	13
15	31
30	26
26	19
29	23
0	28
11	32
0	15
11	30
32	24
31	2
13	20
24	8
2	27
29	10
8	25
26	3
24	17
27	6
19	4
20	16
10	21
25	5
3	7
17	9
6	14
4	18
13	22
19	12
10	1
# tree 117
19	29
28	11
23	13
15	31
30	26
26	19
29	23
0	28
11	32
0	15
11	30
32	24
31	2
13	20
24	8
2	27
20	16
29	10
26	3
24	17
27	6
16	4
8	25
10	21
3	7
17	9
6	14
4	18
13	22
19	12
10	1
8	5
# tree 118
19	29
28	11
15	31
30	26
26	19
29	23
0	28
11	32
0	15
11	30
32	24
31	2
23	20
29	10
24	8
2	27
20	16
10	21
8	25
26	3
24	17
27	6
23	13
16	4
21	1
25	5
3	7
17	9
6	14
13	22
19	12
16	18
# tree 119
19	29
28	11
15	31
30	26
26	19
29	23
0	28
11	32
0	15
11	30
32	24
31	2
29	20
29	10
24	8
2	27
20	16
10	21
8	25
26	3
24	17
27	6
23	13
16	4
21	1
25	5
3	7
17	9
6	14
13	22
19	12
16	18
# tree 120
19	29
28	11
23	13
15	31
30	26
26	19
29	23
0	28
11	32
0	15
11	30
32	24
31	2
13	20
29	10
24	8
2	27
20	16
10	21
8	25
26	3
24	17
27	6
16	4
21	1
25	5
3	7
17	9
6	14
19	12
16	18
23	22
# tree 121
19	29
28	11
23	13
15	31
30	26
26	19
29	23
0	28
11	32
0	15
11	30
32	24
31	2
13	20
29	10
24	8
2	27
10	21
8	25
26	3
24	17
27	6
20	16
21	1
25	5
3	7
17	9
6	14
13	22
19	12
16	18
23	4
# tree 122
19	29
28	11
23	13
15	31
30	26
26	19
29	23
0	28
11	32
0	15
11	30
32	24
31	2
13	20
29	10
24	8
2	27
10	21
8	25
26	3
24	17
27	6
20	16
21	1
25	5
3	7
17	9
6	14
13	22
19	12
16	18
20	4
# tree 123
19	29
28	11
23	13
15	31
30	26
26	19
29	23
0	28
11	32
0	15
11	30
32	24
31	2
13	20
29	10
24	8
2	27
10	21
8	25
26	3
24	17
27	6
20	16
21	1
25	5
3	7
17	9
6	14
13	22
19	12
16	18
13	4
# tree 124
19	29
28	11
23	13
15	31
30	26
26	19
29	23
0	28
11	32
0	15
11	30
32	24
31	2
13	20
29	10
24	8
2	27
10	21
8	25
26	3
24	17
27	6
20	16
21	1
25	5
3	7
17	9
6	14
13	22
19	12
16	18
29	4
# tree 125
19	29
28	11
23	13
15	31
30	26
26	19
29	23
0	28
11	32
0	15
11	30
32	24
31	2
13	20
29	10
24	8
2	27
10	21
8	25
26	3
24	17
27	6
20	16
21	1
25	5
3	7
17	9
6	14
13	22
19	12
16	18
19	4
# tree 126
19	29
28	11
23	13
15	31
30	26
26	19
29	23
0	28
11	32
0	15
11	30
32	24
31	2
13	20
29	10
24	8
2	27
20	16
10	21
26	3
24	17
27	6
8	25
16	4
21	1
3	7
17	9
6	14
13	22
19	12
16	18
8	5
# tree 127
19	29
28	11
15	31
30	26
26	19
0	28
11	32
0	15
11	30
32	24
31	2
29	20
29	10
24	8
2	27
29	23
10	21
8	25
26	3
24	17
27	6
13	4
23	13
20	16
21	1
25	5
3	7
17	9
6	14
4	18
13	22
19	12
# tree 128
19	29
28	11
29	23
15	31
30	26
26	19
0	28
11	32
0	15
11	30
32	24
31	2
23	20
29	10
24	8
2	27
10	21
8	25
26	3
24	17
27	6
19	4
23	13
20	16
21	1
25	5
3	7
17	9
6	14
4	18
13	22
19	12
# tree 129
19	29
28	11
15	31
30	26
26	19
0	28
11	32
0	15
11	30
32	24
31	2
29	20
29	10
24	8
2	27
20	16
29	23
10	21
26	3
24	17
27	6
16	4
23	13
8	25
21	1
3	7
17	9
6	14
4	18
13	22
19	12
8	5
# tree 130
19	29
28	11
23	13
15	31
30	26
26	19
29	23
0	28
11	32
0	15
11	30
32	24
31	2
13	20
29	10
24	8
2	27
10	21
8	25
26	3
24	17
27	6
23	4
20	16
21	1
25	5
3	7
17	9
6	14
4	18
19	12
23	22
# tree 131
19	29
28	11
23	13
15	31
30	26
26	19
29	23
0	28
11	32
0	15
11	30
32	24
31	2
13	20
29	10
24	8
2	27
10	21
8	25
26	3
24	17
27	6
20	4
20	16
21	1
25	5
3	7
17	9
6	14
4	18
19	12
23	22
# tree 132
19	29
28	11
23	13
15	31
30	26
26	19
29	23
0	28
11	32
0	15
11	30
32	24
31	2
13	20
29	10
24	8
2	27
10	21
8	25
26	3
24	17
27	6
13	4
20	16
21	1
25	5
3	7
17	9
6	14
4	18
19	12
23	22
# tree 133
19	29
28	11
23	13
15	31
30	26
26	19
29	23
0	28
11	32
0	15
11	30
32	24
31	2
13	20
29	10
24	8
2	27
10	21
8	25
26	3
24	17
27	6
29	4
20	16
21	1
25	5
3	7
17	9
6	14
4	18
19	12
23	22
# tree 134
19	29
28	11
23	13
15	31
30	26
26	19
29	23
0	28
11	32
0	15
11	30
32	24
31	2
13	20
29	10
24	8
2	27
10	21
8	25
26	3
24	17
27	6
19	4
20	16
21	1
25	5
3	7
17	9
6	14
4	18
19	12
23	22
# tree 135
19	29
28	11
23	13
15	31
30	26
26	19
29	23
0	28
11	32
0	15
11	30
32	24
31	2
13	20
29	10
24	8
2	27
20	16
10	21
26	3
24	17
27	6
16	4
8	25
21	1
3	7
17	9
6	14
4	18
19	12
23	22
8	5
# tree 136
19	29
28	11
23	13
15	31
30	26
26	19
29	23
0	28
11	32
0	15
11	30
32	24
31	2
29	10
24	8
2	27
13	20
10	21
26	3
24	17
27	6
19	4
8	25
20	16
21	1
3	7
17	9
6	14
4	18
13	22
19	12
8	5
# tree 137
19	29
28	11
15	31
30	26
26	19
29	23
0	28
11	32
0	15
11	30
32	24
29	10
31	2
24	8
29	16
23	13
2	27
8	25
26	3
24	17
10	1
16	4
10	21
13	20
27	6
25	5
3	7
17	9
1	12
4	18
13	22
2	14
# tree 138
19	29
28	11
15	31
30	26
26	19
29	23
0	28
11	32
0	15
11	30
32	24
29	10
23	13
31	2
24	8
10	21
13	16
2	27
8	25
26	3
24	17
21	1
16	4
27	6
25	5
3	7
17	9
1	12
4	18
13	22
2	14
23	20
# tree 139
19	29
28	11
15	31
30	26
26	19
29	23
0	28
11	32
0	15
11	30
32	24
29	10
23	13
31	2
24	8
10	21
13	16
2	27
8	25
26	3
24	17
21	1
16	4
27	6
25	5
3	7
17	9
1	12
4	18
13	22
2	14
29	20
# tree 140
19	29
28	11
15	31
30	26
26	19
29	23
0	28
11	32
0	15
11	30
32	24
29	10
31	2
24	8
10	21
29	16
23	13
2	27
8	25
26	3
24	17
21	1
16	4
13	20
27	6
25	5
3	7
17	9
1	12
4	18
2	14
23	22
# tree 141
19	29
28	11
15	31
30	26
26	19
29	23
0	28
11	32
0	15
11	30
32	24
29	10
31	2
24	8
10	21
23	13
2	27
8	25
26	3
24	17
21	1
23	4
29	16
13	20
27	6
25	5
3	7
17	9
1	12
4	18
13	22
2	14
# tree 142
19	29
28	11
15	31
30	26
26	19
29	23
0	28
11	32
0	15
11	30
32	24
29	10
31	2
24	8
10	21
23	13
2	27
8	25
26	3
24	17
21	1
20	4
13	20
29	16
27	6
25	5
3	7
17	9
1	12
4	18
13	22
2	14
# tree 143
19	29
28	11
15	31
30	26
26	19
29	23
0	28
11	32
0	15
11	30
32	24
29	10
31	2
24	8
10	21
23	13
2	27
8	25
26	3
24	17
21	1
13	4
29	16
13	20
27	6
25	5
3	7
17	9
1	12
4	18
13	22
2	14
# tree 144
19	29
28	11
15	31
30	26
26	19
29	23
0	28
11	32
0	15
11	30
32	24
29	10
31	2
24	8
10	21
23	13
2	27
8	25
26	3
24	17
21	1
19	4
29	16
13	20
27	6
25	5
3	7
17	9
1	12
4	18
13	22
2	14
# tree 145
19	29
28	11
15	31
30	26
26	19
29	23
0	28
11	32
0	15
11	30
32	24
29	10
31	2
24	8
10	21
29	16
23	13
2	27
26	3
24	17
21	1
16	4
8	25
13	20
27	6
3	7
17	9
1	12
4	18
13	22
2	14
8	5
# tree 146
19	29
28	11
23	13
15	31
30	26
26	19
29	23
0	28
11	32
0	15
11	30
32	24
13	20
31	2
24	8
29	10
20	16
2	27
8	25
26	3
24	17
10	1
16	4
10	21
27	6
25	5
3	7
17	9
1	12
13	22
2	14
16	18
# tree 147
19	29
28	11
15	31
30	26
26	19
29	23
0	28
11	32
0	15
11	30
32	24
23	20
31	2
24	8
29	10
20	16
2	27
8	25
26	3
24	17
10	1
16	4
23	13
10	21
27	6
25	5
3	7
17	9
1	12
4	18
13	22
2	14
# tree 148
19	29
28	11
15	31
30	26
26	19
29	23
0	28
11	32
0	15
11	30
32	24
29	20
31	2
24	8
29	10
20	16
2	27
8	25
26	3
24	17
10	1
16	4
23	13
10	21
27	6
25	5
3	7
17	9
1	12
4	18
13	22
2	14
# tree 149
19	29
28	11
23	13
15	31
30	26
26	19
29	23
0	28
11	32
0	15
11	30
32	24
13	20
31	2
24	8
29	10
20	16
2	27
8	25
26	3
24	17
10	1
16	4
10	21
27	6
25	5
3	7
17	9
1	12
4	18
2	14
23	22
# tree 150
19	29
28	11
23	13
15	31
30	26
26	19
29	23
0	28
11	32
0	15
11	30
32	24
13	20
31	2
24	8
29	10
2	27
8	25
26	3
24	17
10	1
23	4
20	16
10	21
27	6
25	5
3	7
17	9
1	12
4	18
13	22
2	14
# tree 151
19	29
28	11
23	13
15	31
30	26
26	19
29	23
0	28
11	32
0	15
11	30
32	24
13	20
31	2
24	8
29	10
2	27
8	25
26	3
24	17
10	1
20	4
20	16
10	21
27	6
25	5
3	7
17	9
1	12
4	18
13	22
2	14
# tree 152
19	29
28	11
23	13
15	31
30	26
26	19
29	23
0	28
11	32
0	15
11	30
32	24
13	20
31	2
24	8
29	10
2	27
8	25
26	3
24	17
10	1
13	4
20	16
10	21
27	6
25	5
3	7
17	9
1	12
4	18
13	22
2	14
# tree 153
19	29
28	11
23	13
15	31
30	26
26	19
29	23
0	28
11	32
0	15
11	30
32	24
13	20
31	2
24	8
29	10
2	27
8	25
26	3
24	17
10	1
29	4
20	16
10	21
27	6
25	5
3	7
17	9
1	12
4	18
13	22
2	14
# tree 154
19	29
28	11
23	13
15	31
30	26
26	19
29	23
0	28
11	32
0	15
11	30
32	24
13	20
31	2
24	8
29	10
2	27
8	25
26	3
24	17
10	1
19	4
20	16
10	21
27	6
25	5
3	7
17	9
1	12
4	18
13	22
2	14
# tree 155
19	29
28	11
23	13
15	31
30	26
26	19
29	23
0	28
11	32
0	15
11	30
32	24
13	20
31	2
24	8
29	10
20	16
2	27
26	3
24	17
10	1
16	4
8	25
10	21
27	6
3	7
17	9
1	12
4	18
13	22
2	14
8	5
# tree 156
19	29
28	11
15	31
30	26
26	19
29	23
0	28
11	32
0	15
11	30
32	24
29	10
23	20
31	2
24	8
10	21
20	16
2	27
8	25
26	3
24	17
21	1
23	13
16	4
27	6
25	5
3	7
17	9
1	12
13	22
2	14
16	18
# tree 157
19	29
28	11
15	31
30	26
26	19
29	23
0	28
11	32
0	15
11	30
32	24
29	10
29	20
31	2
24	8
10	21
20	16
2	27
8	25
26	3
24	17
21	1
23	13
16	4
27	6
25	5
3	7
17	9
1	12
13	22
2	14
16	18
# tree 158
19	29
28	11
23	13
15	31
30	26
26	19
29	23
0	28
11	32
0	15
11	30
32	24
29	10
13	20
31	2
24	8
10	21
20	16
2	27
8	25
26	3
24	17
21	1
16	4
27	6
25	5
3	7
17	9
1	12
2	14
16	18
23	22
# tree 159
19	29
28	11
23	13
15	31
30	26
26	19
29	23
0	28
11	32
0	15
11	30
32	24
29	10
13	20
31	2
24	8
10	21
2	27
8	25
26	3
24	17
21	1
20	16
27	6
25	5
3	7
17	9
1	12
13	22
2	14
16	18
23	4
# tree 160
19	29
28	11
23	13
15	31
30	26
26	19
29	23
0	28
11	32
0	15
11	30
32	24
29	10
13	20
31	2
24	8
10	21
2	27
8	25
26	3
24	17
21	1
20	16
27	6
25	5
3	7
17	9
1	12
13	22
2	14
16	18
20	4
# tree 161
19	29
28	11
23	13
15	31
30	26
26	19
29	23
0	28
11	32
0	15
11	30
32	24
29	10
13	20
31	2
24	8
10	21
2	27
8	25
26	3
24	17
21	1
20	16
27	6
25	5
3	7
17	9
1	12
13	22
2	14
16	18
13	4
# tree 162
19	29
28	11
23	13
15	31
30	26
26	19
29	23
0	28
11	32
0	15
11	30
32	24
29	10
13	20
31	2
24	8
10	21
2	27
8	25
26	3
24	17
21	1
20	16
27	6
25	5
3	7
17	9
1	12
13	22
2	14
16	18
29	4
# tree 163
19	29
28	11
23	13
15	31
30	26
26	19
29	23
0	28
11	32
0	15
11	30
32	24
29	10
13	20
31	2
24	8
10	21
2	27
8	25
26	3
24	17
21	1
20	16
27	6
25	5
3	7
17	9
1	12
13	22
2	14
16	18
19	4
# tree 164
19	29
28	11
23	13
15	31
30	26
26	19
29	23
0	28
11	32
0	15
11	30
32	24
29	10
13	20
31	2
24	8
10	21
20	16
2	27
26	3
24	17
21	1
8	25
16	4
27	6
3	7
17	9
1	12
13	22
2	14
16	18
8	5
# tree 165
19	29
28	11
15	31
30	26
26	19
0	28
11	32
0	15
11	30
32	24
29	10
29	20
31	2
24	8
10	21
29	23
2	27
8	25
26	3
24	17
21	1
13	4
23	13
20	16
27	6
25	5
3	7
17	9
1	12
4	18
13	22
2	14
# tree 166
19	29
28	11
29	23
15	31
30	26
26	19
0	28
11	32
0	15
11	30
32	24
29	10
23	20
31	2
24	8
10	21
2	27
8	25
26	3
24	17
21	1
19	4
23	13
20	16
27	6
25	5
3	7
17	9
1	12
4	18
13	22
2	14
# tree 167
19	29
28	11
15	31
30	26
26	19
0	28
11	32
0	15
11	30
32	24
29	10
29	20
31	2
24	8
10	21
20	16
29	23
2	27
26	3
24	17
21	1
16	4
23	13
8	25
27	6
3	7
17	9
1	12
4	18
13	22
2	14
8	5
# tree 168
19	29
28	11
23	13
15	31
30	26
26	19
29	23
0	28
11	32
0	15
11	30
32	24
29	10
13	20
31	2
24	8
10	21
2	27
8	25
26	3
24	17
21	1
23	4
20	16
27	6
25	5
3	7
17	9
1	12
4	18
2	14
23	22
# tree 169
19	29
28	11
23	13
15	31
30	26
26	19
29	23
0	28
11	32
0	15
11	30
32	24
29	10
13	20
31	2
24	8
10	21
2	27
8	25
26	3
24	17
21	1
20	4
20	16
27	6
25	5
3	7
17	9
1	12
4	18
2	14
23	22
# tree 170
19	29
28	11
23	13
15	31
30	26
26	19
29	23
0	28
11	32
0	15
11	30
32	24
29	10
13	20
31	2
24	8
10	21
2	27
8	25
26	3
24	17
21	1
13	4
20	16
27	6
25	5
3	7
17	9
1	12
4	18
2	14
23	22
# tree 171
19	29
28	11
23	13
15	31
30	26
26	19
29	23
0	28
11	32
0	15
11	30
32	24
29	10
13	20
31	2
24	8
10	21
2	27
8	25
26	3
24	17
21	1
29	4
20	16
27	6
25	5
3	7
17	9
1	12
4	18
2	14
23	22
# tree 172
19	29
28	11
23	13
15	31
30	26
26	19
29	23
0	28
11	32
0	15
11	30
32	24
29	10
13	20
31	2
24	8
10	21
2	27
8	25
26	3
24	17
21	1
19	4
20	16
27	6
25	5
3	7
17	9
1	12
4	18
2	14
23	22
# tree 173
19	29
28	11
23	13
15	31
30	26
26	19
29	23
0	28
11	32
0	15
11	30
32	24
29	10
13	20
31	2
24	8
10	21
20	16
2	27
26	3
24	17
21	1
16	4
8	25
27	6
3	7
17	9
1	12
4	18
2	14
23	22
8	5
# tree 174
19	29
28	11
23	13
15	31
30	26
26	19
29	23
0	28
11	32
0	15
11	30
32	24
29	10
31	2
24	8
10	21
13	20
2	27
26	3
24	17
21	1
19	4
8	25
20	16
27	6
3	7
17	9
1	12
4	18
13	22
2	14
8	5
# tree 175
19	29
28	11
26	19
15	31
30	26
0	28
11	32
0	15
11	30
32	24
31	2
29	23
24	8
29	10
2	27
29	16
23	13
8	25
26	3
24	17
10	1
27	6
16	4
10	21
13	20
25	5
3	7
17	9
1	12
6	14
4	18
23	22
# tree 176
19	29
28	11
26	19
15	31
30	26
0	28
11	32
0	15
11	30
32	24
31	2
29	23
24	8
29	10
2	27
23	13
8	25
26	3
24	17
10	1
27	6
23	4
29	16
10	21
13	20
25	5
3	7
17	9
1	12
6	14
4	18
13	22
# tree 177
19	29
28	11
26	19
15	31
30	26
0	28
11	32
0	15
11	30
32	24
31	2
29	23
24	8
29	10
2	27
23	13
8	25
26	3
24	17
10	1
27	6
20	4
13	20
29	16
10	21
25	5
3	7
17	9
1	12
6	14
4	18
13	22
# tree 178
19	29
28	11
26	19
15	31
30	26
0	28
11	32
0	15
11	30
32	24
31	2
29	23
24	8
29	10
2	27
23	13
8	25
26	3
24	17
10	1
27	6
13	4
29	16
10	21
13	20
25	5
3	7
17	9
1	12
6	14
4	18
13	22
# tree 179
19	29
28	11
26	19
15	31
30	26
0	28
11	32
0	15
11	30
32	24
31	2
29	23
24	8
29	10
2	27
23	13
8	25
26	3
24	17
10	1
27	6
19	4
29	16
10	21
13	20
25	5
3	7
17	9
1	12
6	14
4	18
13	22
# tree 180
19	29
28	11
26	19
15	31
30	26
0	28
11	32
0	15
11	30
32	24
31	2
29	23
24	8
29	10
2	27
29	16
23	13
26	3
24	17
10	1
27	6
16	4
8	25
10	21
13	20
3	7
17	9
1	12
6	14
4	18
13	22
8	5
# tree 181
19	29
28	11
15	31
30	26
26	19
0	28
11	32
0	15
11	30
32	24
29	10
31	2
29	20
24	8
10	21
2	27
29	23
8	25
26	3
24	17
21	1
27	6
13	4
23	13
20	16
25	5
3	7
17	9
1	12
6	14
4	18
13	22
# tree 182
19	29
28	11
29	23
15	31
30	26
26	19
0	28
11	32
0	15
11	30
32	24
29	10
31	2
23	20
24	8
10	21
2	27
8	25
26	3
24	17
21	1
27	6
19	4
23	13
20	16
25	5
3	7
17	9
1	12
6	14
4	18
13	22
# tree 183
19	29
28	11
15	31
30	26
26	19
0	28
11	32
0	15
11	30
32	24
29	10
31	2
29	20
24	8
10	21
2	27
20	16
29	23
26	3
24	17
21	1
27	6
16	4
23	13
8	25
3	7
17	9
1	12
6	14
4	18
13	22
8	5
# tree 184
19	29
28	11
26	19
15	31
30	26
0	28
11	32
0	15
11	30
32	24
29	10
31	2
29	23
24	8
10	21
2	27
23	13
8	25
26	3
24	17
21	1
27	6
23	4
29	16
13	20
25	5
3	7
17	9
1	12
6	14
4	18
23	22
# tree 185
19	29
28	11
26	19
15	31
30	26
0	28
11	32
0	15
11	30
32	24
29	10
31	2
29	23
24	8
10	21
2	27
23	13
8	25
26	3
24	17
21	1
27	6
20	4
13	20
29	16
25	5
3	7
17	9
1	12
6	14
4	18
23	22
# tree 186
19	29
28	11
26	19
15	31
30	26
0	28
11	32
0	15
11	30
32	24
29	10
31	2
29	23
24	8
10	21
2	27
23	13
8	25
26	3
24	17
21	1
27	6
13	4
29	16
13	20
25	5
3	7
17	9
1	12
6	14
4	18
23	22
# tree 187
19	29
28	11
26	19
15	31
30	26
0	28
11	32
0	15
11	30
32	24
29	10
31	2
29	23
24	8
10	21
2	27
23	13
8	25
26	3
24	17
21	1
27	6
19	4
29	16
13	20
25	5
3	7
17	9
1	12
6	14
4	18
23	22
# tree 188
19	29
28	11
26	19
15	31
30	26
0	28
11	32
0	15
11	30
32	24
29	10
31	2
29	23
24	8
10	21
2	27
29	16
23	13
26	3
24	17
21	1
27	6
16	4
8	25
13	20
3	7
17	9
1	12
6	14
4	18
23	22
8	5
# tree 189
28	11
15	31
30	26
26	19
29	23
19	29
0	28
11	32
0	15
11	30
32	24
31	2
23	20
24	8
29	10
2	27
20	16
8	25
26	3
24	17
10	1
27	6
23	13
16	4
10	21
25	5
3	7
17	9
1	12
6	14
13	22
16	18
# tree 190
28	11
15	31
30	26
26	19
29	23
19	29
0	28
11	32
0	15
11	30
32	24
31	2
29	20
24	8
29	10
2	27
20	16
8	25
26	3
24	17
10	1
27	6
23	13
16	4
10	21
25	5
3	7
17	9
1	12
6	14
13	22
16	18
# tree 191
28	11
23	13
15	31
30	26
26	19
29	23
19	29
0	28
11	32
0	15
11	30
32	24
31	2
13	20
24	8
29	10
2	27
20	16
8	25
26	3
24	17
10	1
27	6
16	4
10	21
25	5
3	7
17	9
1	12
6	14
16	18
23	22
# tree 192
28	11
23	13
15	31
30	26
26	19
29	23
19	29
0	28
11	32
0	15
11	30
32	24
31	2
13	20
24	8
29	10
2	27
8	25
26	3
24	17
10	1
27	6
20	16
10	21
25	5
3	7
17	9
1	12
6	14
13	22
16	18
23	4
# tree 193
28	11
23	13
15	31
30	26
26	19
29	23
19	29
0	28
11	32
0	15
11	30
32	24
31	2
13	20
24	8
29	10
2	27
8	25
26	3
24	17
10	1
27	6
20	16
10	21
25	5
3	7
17	9
1	12
6	14
13	22
16	18
20	4
# tree 194
28	11
23	13
15	31
30	26
26	19
29	23
19	29
0	28
11	32
0	15
11	30
32	24
31	2
13	20
24	8
29	10
2	27
8	25
26	3
24	17
10	1
27	6
20	16
10	21
25	5
3	7
17	9
1	12
6	14
13	22
16	18
13	4
# tree 195
28	11
23	13
15	31
30	26
26	19
29	23
19	29
0	28
11	32
0	15
11	30
32	24
31	2
13	20
24	8
29	10
2	27
8	25
26	3
24	17
10	1
27	6
20	16
10	21
25	5
3	7
17	9
1	12
6	14
13	22
16	18
29	4
# tree 196
28	11
23	13
15	31
30	26
26	19
29	23
19	29
0	28
11	32
0	15
11	30
32	24
31	2
13	20
24	8
29	10
2	27
8	25
26	3
24	17
10	1
27	6
20	16
10	21
25	5
3	7
17	9
1	12
6	14
13	22
16	18
19	4
# tree 197
28	11
23	13
15	31
30	26
26	19
29	23
19	29
0	28
11	32
0	15
11	30
32	24
31	2
13	20
24	8
29	10
2	27
20	16
26	3
24	17
10	1
27	6
8	25
16	4
10	21
3	7
17	9
1	12
6	14
13	22
16	18
8	5
# tree 198
28	11
19	29
15	31
30	26
26	19
0	28
11	32
0	15
11	30
32	24
31	2
29	20
24	8
29	10
2	27
29	23
8	25
26	3
24	17
10	1
27	6
13	4
23	13
20	16
10	21
25	5
3	7
17	9
1	12
6	14
4	18
13	22
# tree 199
28	11
29	23
15	31
30	26
26	19
19	29
0	28
11	32
0	15
11	30
32	24
31	2
23	20
24	8
29	10
2	27
8	25
26	3
24	17
10	1
27	6
19	4
23	13
20	16
10	21
25	5
3	7
17	9
1	12
6	14
4	18
13	22
# tree 200
28	11
19	29
15	31
30	26
26	19
0	28
11	32
0	15
11	30
32	24
31	2
29	20
24	8
29	10
2	27
20	16
29	23
26	3
24	17
10	1
27	6
16	4
23	13
8	25
10	21
3	7
17	9
1	12
6	14
4	18
13	22
8	5
# tree 201
28	11
23	13
15	31
30	26
26	19
29	23
19	29
0	28
11	32
0	15
11	30
32	24
31	2
13	20
24	8
29	10
2	27
8	25
26	3
24	17
10	1
27	6
23	4
20	16
10	21
25	5
3	7
17	9
1	12
6	14
4	18
23	22
# tree 202
28	11
23	13
15	31
30	26
26	19
29	23
19	29
0	28
11	32
0	15
11	30
32	24
31	2
13	20
24	8
29	10
2	27
8	25
26	3
24	17
10	1
27	6
20	4
20	16
10	21
25	5
3	7
17	9
1	12
6	14
4	18
23	22
# tree 203
28	11
23	13
15	31
30	26
26	19
29	23
19	29
0	28
11	32
0	15
11	30
32	24
31	2
13	20
24	8
29	10
2	27
8	25
26	3
24	17
10	1
27	6
13	4
20	16
10	21
25	5
3	7
17	9
1	12
6	14
4	18
23	22
# tree 204
28	11
23	13
15	31
30	26
26	19
29	23
19	29
0	28
11	32
0	15
11	30
32	24
31	2
13	20
24	8
29	10
2	27
8	25
26	3
24	17
10	1
27	6
29	4
20	16
10	21
25	5
3	7
17	9
1	12
6	14
4	18
23	22
# tree 205
28	11
23	13
15	31
30	26
26	19
29	23
19	29
0	28
11	32
0	15
11	30
32	24
31	2
13	20
24	8
29	10
2	27
8	25
26	3
24	17
10	1
27	6
19	4
20	16
10	21
25	5
3	7
17	9
1	12
6	14
4	18
23	22
# tree 206
28	11
23	13
15	31
30	26
26	19
29	23
19	29
0	28
11	32
0	15
11	30
32	24
31	2
13	20
24	8
29	10
2	27
20	16
26	3
24	17
10	1
27	6
16	4
8	25
10	21
3	7
17	9
1	12
6	14
4	18
23	22
8	5
# tree 207
28	11
23	13
15	31
30	26
26	19
29	23
19	29
0	28
11	32
0	15
11	30
32	24
31	2
24	8
29	10
2	27
13	20
26	3
24	17
10	1
27	6
19	4
8	25
20	16
10	21
3	7
17	9
1	12
6	14
4	18
13	22
8	5
# tree 208
19	29
28	11
15	31
30	26
26	19
0	28
11	32
0	15
11	30
32	24
29	10
31	2
29	20
24	8
10	21
2	27
29	23
8	25
26	3
24	17
21	1
27	6
23	13
20	16
25	5
3	7
17	9
1	12
6	14
13	22
16	18
13	4
# tree 209
19	29
28	11
15	31
30	26
26	19
0	28
11	32
0	15
11	30
32	24
29	10
31	2
29	20
24	8
10	21
2	27
29	23
8	25
26	3
24	17
21	1
27	6
23	13
20	16
25	5
3	7
17	9
1	12
6	14
13	22
16	18
19	4
# tree 210
19	29
28	11
29	23
15	31
30	26
26	19
0	28
11	32
0	15
11	30
32	24
29	10
31	2
23	20
24	8
10	21
2	27
8	25
26	3
24	17
21	1
27	6
23	13
20	16
25	5
3	7
17	9
1	12
6	14
13	22
16	18
19	4
# tree 211
19	29
28	11
15	31
30	26
26	19
0	28
11	32
0	15
11	30
32	24
29	10
31	2
29	20
24	8
10	21
2	27
29	23
20	16
26	3
24	17
21	1
27	6
23	13
8	25
16	4
3	7
17	9
1	12
6	14
13	22
16	18
8	5
# tree 212
19	29
28	11
23	13
15	31
30	26
26	19
29	23
0	28
11	32
0	15
11	30
32	24
29	10
31	2
13	20
24	8
10	21
2	27
8	25
26	3
24	17
21	1
27	6
20	16
25	5
3	7
17	9
1	12
6	14
16	18
23	22
23	4
# tree 213
19	29
28	11
23	13
15	31
30	26
26	19
29	23
0	28
11	32
0	15
11	30
32	24
29	10
31	2
13	20
24	8
10	21
2	27
8	25
26	3
24	17
21	1
27	6
20	16
25	5
3	7
17	9
1	12
6	14
16	18
23	22
20	4
# tree 214
19	29
28	11
23	13
15	31
30	26
26	19
29	23
0	28
11	32
0	15
11	30
32	24
29	10
31	2
13	20
24	8
10	21
2	27
8	25
26	3
24	17
21	1
27	6
20	16
25	5
3	7
17	9
1	12
6	14
16	18
23	22
13	4
# tree 215
19	29
28	11
23	13
15	31
30	26
26	19
29	23
0	28
11	32
0	15
11	30
32	24
29	10
31	2
13	20
24	8
10	21
2	27
8	25
26	3
24	17
21	1
27	6
20	16
25	5
3	7
17	9
1	12
6	14
16	18
23	22
29	4
# tree 216
19	29
28	11
23	13
15	31
30	26
26	19
29	23
0	28
11	32
0	15
11	30
32	24
29	10
31	2
13	20
24	8
10	21
2	27
8	25
26	3
24	17
21	1
27	6
20	16
25	5
3	7
17	9
1	12
6	14
16	18
23	22
19	4
# tree 217
19	29
28	11
23	13
15	31
30	26
26	19
29	23
0	28
11	32
0	15
11	30
32	24
29	10
31	2
13	20
24	8
10	21
2	27
20	16
26	3
24	17
21	1
27	6
8	25
16	4
3	7
17	9
1	12
6	14
16	18
23	22
8	5
# tree 218
19	29
28	11
23	13
15	31
30	26
26	19
29	23
0	28
11	32
0	15
11	30
32	24
29	10
31	2
24	8
10	21
2	27
13	20
26	3
24	17
21	1
27	6
20	16
8	25
3	7
17	9
1	12
6	14
13	22
16	18
19	4
8	5
# tree 219
19	29
28	11
23	13
15	31
30	26
26	19
29	23
0	28
11	32
0	15
11	30
32	24
29	10
31	2
24	8
10	21
2	27
13	20
26	3
24	17
21	1
27	6
19	4
8	25
20	16
3	7
17	9
1	12
6	14
4	18
23	22
8	5
# tree 220
26	19
0	28
29	23
0	15
11	30
30	26
19	29
28	11
11	32
15	31
32	24
31	2
29	10
24	8
29	16
23	13
2	27
8	25
26	3
24	17
16	4
10	21
13	20
27	6
25	5
3	7
17	9
4	18
13	22
19	12
2	14
10	1
# tree 221
26	19
0	28
29	23
0	15
11	30
30	26
19	29
28	11
11	32
15	31
32	24
23	13
31	2
29	10
24	8
13	16
2	27
10	21
8	25
26	3
24	17
16	4
27	6
21	1
25	5
3	7
17	9
4	18
13	22
19	12
2	14
23	20
# tree 222
26	19
0	28
29	23
0	15
11	30
30	26
19	29
28	11
11	32
15	31
32	24
23	13
31	2
29	10
24	8
13	16
2	27
10	21
8	25
26	3
24	17
16	4
27	6
21	1
25	5
3	7
17	9
4	18
13	22
19	12
2	14
29	20
# tree 223
26	19
0	28
29	23
0	15
11	30
30	26
19	29
28	11
11	32
15	31
32	24
31	2
29	10
24	8
29	16
23	13
2	27
10	21
8	25
26	3
24	17
16	4
13	20
27	6
21	1
25	5
3	7
17	9
4	18
19	12
2	14
23	22
# tree 224
26	19
0	28
29	23
0	15
11	30
30	26
19	29
28	11
11	32
15	31
32	24
31	2
29	10
24	8
23	13
2	27
10	21
8	25
26	3
24	17
23	4
29	16
13	20
27	6
21	1
25	5
3	7
17	9
4	18
13	22
19	12
2	14
# tree 225
26	19
0	28
29	23
0	15
11	30
30	26
19	29
28	11
11	32
15	31
32	24
31	2
29	10
24	8
23	13
2	27
10	21
8	25
26	3
24	17
20	4
13	20
29	16
27	6
21	1
25	5
3	7
17	9
4	18
13	22
19	12
2	14
# tree 226
26	19
0	28
29	23
0	15
11	30
30	26
19	29
28	11
11	32
15	31
32	24
31	2
29	10
24	8
23	13
2	27
10	21
8	25
26	3
24	17
13	4
29	16
13	20
27	6
21	1
25	5
3	7
17	9
4	18
13	22
19	12
2	14
# tree 227
26	19
0	28
29	23
0	15
11	30
30	26
19	29
28	11
11	32
15	31
32	24
31	2
29	10
24	8
23	13
2	27
10	21
8	25
26	3
24	17
19	4
29	16
13	20
27	6
21	1
25	5
3	7
17	9
4	18
13	22
19	12
2	14
# tree 228
26	19
0	28
29	23
0	15
11	30
30	26
19	29
28	11
11	32
15	31
32	24
31	2
29	10
24	8
29	16
23	13
2	27
10	21
26	3
24	17
16	4
8	25
13	20
27	6
21	1
3	7
17	9
4	18
13	22
19	12
2	14
8	5
# tree 229
26	19
0	28
29	23
0	15
11	30
30	26
19	29
28	11
11	32
15	31
23	13
32	24
13	20
31	2
24	8
20	16
29	10
2	27
8	25
26	3
24	17
16	4
10	21
27	6
25	5
3	7
17	9
13	22
19	12
2	14
10	1
16	18
# tree 230
26	19
0	28
29	23
0	15
11	30
30	26
19	29
28	11
11	32
15	31
32	24
23	20
31	2
24	8
20	16
29	10
2	27
8	25
26	3
24	17
16	4
23	13
10	21
27	6
25	5
3	7
17	9
4	18
13	22
19	12
2	14
10	1
# tree 231
26	19
0	28
29	23
0	15
11	30
30	26
19	29
28	11
11	32
15	31
32	24
29	20
31	2
24	8
20	16
29	10
2	27
8	25
26	3
24	17
16	4
23	13
10	21
27	6
25	5
3	7
17	9
4	18
13	22
19	12
2	14
10	1
# tree 232
26	19
0	28
29	23
0	15
11	30
30	26
19	29
28	11
11	32
15	31
23	13
32	24
13	20
31	2
24	8
20	16
29	10
2	27
8	25
26	3
24	17
16	4
10	21
27	6
25	5
3	7
17	9
4	18
19	12
2	14
10	1
23	22
# tree 233
26	19
0	28
29	23
0	15
11	30
30	26
19	29
28	11
11	32
15	31
23	13
32	24
13	20
31	2
24	8
29	10
2	27
8	25
26	3
24	17
23	4
20	16
10	21
27	6
25	5
3	7
17	9
4	18
13	22
19	12
2	14
10	1
# tree 234
26	19
0	28
29	23
0	15
11	30
30	26
19	29
28	11
11	32
15	31
23	13
32	24
13	20
31	2
24	8
29	10
2	27
8	25
26	3
24	17
20	4
20	16
10	21
27	6
25	5
3	7
17	9
4	18
13	22
19	12
2	14
10	1
# tree 235
26	19
0	28
29	23
0	15
11	30
30	26
19	29
28	11
11	32
15	31
23	13
32	24
13	20
31	2
24	8
29	10
2	27
8	25
26	3
24	17
13	4
20	16
10	21
27	6
25	5
3	7
17	9
4	18
13	22
19	12
2	14
10	1
# tree 236
26	19
0	28
29	23
0	15
11	30
30	26
19	29
28	11
11	32
15	31
23	13
32	24
13	20
31	2
24	8
29	10
2	27
8	25
26	3
24	17
29	4
20	16
10	21
27	6
25	5
3	7
17	9
4	18
13	22
19	12
2	14
10	1
# tree 237
26	19
0	28
29	23
0	15
11	30
30	26
19	29
28	11
11	32
15	31
23	13
32	24
13	20
31	2
24	8
29	10
2	27
8	25
26	3
24	17
19	4
20	16
10	21
27	6
25	5
3	7
17	9
4	18
13	22
19	12
2	14
10	1
# tree 238
26	19
0	28
29	23
0	15
11	30
30	26
19	29
28	11
11	32
15	31
23	13
32	24
13	20
31	2
24	8
20	16
29	10
2	27
26	3
24	17
16	4
8	25
10	21
27	6
3	7
17	9
4	18
13	22
19	12
2	14
10	1
8	5
# tree 239
26	19
0	28
29	23
0	15
11	30
30	26
19	29
28	11
11	32
15	31
32	24
23	20
31	2
29	10
24	8
20	16
2	27
10	21
8	25
26	3
24	17
23	13
16	4
27	6
21	1
25	5
3	7
17	9
13	22
19	12
2	14
16	18
# tree 240
26	19
0	28
29	23
0	15
11	30
30	26
19	29
28	11
11	32
15	31
32	24
29	20
31	2
29	10
24	8
20	16
2	27
10	21
8	25
26	3
24	17
23	13
16	4
27	6
21	1
25	5
3	7
17	9
13	22
19	12
2	14
16	18
# tree 241
26	19
0	28
29	23
0	15
11	30
30	26
19	29
28	11
11	32
15	31
23	13
32	24
13	20
31	2
29	10
24	8
20	16
2	27
10	21
8	25
26	3
24	17
16	4
27	6
21	1
25	5
3	7
17	9
19	12
2	14
16	18
23	22
# tree 242
26	19
0	28
29	23
0	15
11	30
30	26
19	29
28	11
11	32
15	31
23	13
32	24
13	20
31	2
29	10
24	8
2	27
10	21
8	25
26	3
24	17
20	16
27	6
21	1
25	5
3	7
17	9
13	22
19	12
2	14
16	18
23	4
# tree 243
26	19
0	28
29	23
0	15
11	30
30	26
19	29
28	11
11	32
15	31
23	13
32	24
13	20
31	2
29	10
24	8
2	27
10	21
8	25
26	3
24	17
20	16
27	6
21	1
25	5
3	7
17	9
13	22
19	12
2	14
16	18
20	4
# tree 244
26	19
0	28
29	23
0	15
11	30
30	26
19	29
28	11
11	32
15	31
23	13
32	24
13	20
31	2
29	10
24	8
2	27
10	21
8	25
26	3
24	17
20	16
27	6
21	1
25	5
3	7
17	9
13	22
19	12
2	14
16	18
13	4
# tree 245
26	19
0	28
29	23
0	15
11	30
30	26
19	29
28	11
11	32
15	31
23	13
32	24
13	20
31	2
29	10
24	8
2	27
10	21
8	25
26	3
24	17
20	16
27	6
21	1
25	5
3	7
17	9
13	22
19	12
2	14
16	18
29	4
# tree 246
26	19
0	28
29	23
0	15
11	30
30	26
19	29
28	11
11	32
15	31
23	13
32	24
13	20
31	2
29	10
24	8
2	27
10	21
8	25
26	3
24	17
20	16
27	6
21	1
25	5
3	7
17	9
13	22
19	12
2	14
16	18
19	4
# tree 247
26	19
0	28
29	23
0	15
11	30
30	26
19	29
28	11
11	32
15	31
23	13
32	24
13	20
31	2
29	10
24	8
20	16
2	27
10	21
26	3
24	17
8	25
16	4
27	6
21	1
3	7
17	9
13	22
19	12
2	14
16	18
8	5
# tree 248
26	19
0	28
0	15
11	30
30	26
19	29
28	11
11	32
15	31
32	24
29	20
31	2
29	10
24	8
29	23
2	27
10	21
8	25
26	3
24	17
13	4
23	13
20	16
27	6
21	1
25	5
3	7
17	9
4	18
13	22
19	12
2	14
# tree 249
26	19
0	28
0	15
11	30
30	26
19	29
28	11
11	32
15	31
29	23
32	24
23	20
31	2
29	10
24	8
2	27
10	21
8	25
26	3
24	17
19	4
23	13
20	16
27	6
21	1
25	5
3	7
17	9
4	18
13	22
19	12
2	14
# tree 250
26	19
0	28
0	15
11	30
30	26
19	29
28	11
11	32
15	31
32	24
29	20
31	2
29	10
24	8
20	16
29	23
2	27
10	21
26	3
24	17
16	4
23	13
8	25
27	6
21	1
3	7
17	9
4	18
13	22
19	12
2	14
8	5
# tree 251
26	19
0	28
29	23
0	15
11	30
30	26
19	29
28	11
11	32
15	31
23	13
32	24
13	20
31	2
29	10
24	8
2	27
10	21
8	25
26	3
24	17
23	4
20	16
27	6
21	1
25	5
3	7
17	9
4	18
19	12
2	14
23	22
# tree 252
26	19
0	28
29	23
0	15
11	30
30	26
19	29
28	11
11	32
15	31
23	13
32	24
13	20
31	2
29	10
24	8
2	27
10	21
8	25
26	3
24	17
20	4
20	16
27	6
21	1
25	5
3	7
17	9
4	18
19	12
2	14
23	22
# tree 253
26	19
0	28
29	23
0	15
11	30
30	26
19	29
28	11
11	32
15	31
23	13
32	24
13	20
31	2
29	10
24	8
2	27
10	21
8	25
26	3
24	17
13	4
20	16
27	6
21	1
25	5
3	7
17	9
4	18
19	12
2	14
23	22
# tree 254
26	19
0	28
29	23
0	15
11	30
30	26
19	29
28	11
11	32
15	31
23	13
32	24
13	20
31	2
29	10
24	8
2	27
10	21
8	25
26	3
24	17
29	4
20	16
27	6
21	1
25	5
3	7
17	9
4	18
19	12
2	14
23	22
# tree 255
26	19
0	28
29	23
0	15
11	30
30	26
19	29
28	11
11	32
15	31
23	13
32	24
13	20
31	2
29	10
24	8
2	27
10	21
8	25
26	3
24	17
19	4
20	16
27	6
21	1
25	5
3	7
17	9
4	18
19	12
2	14
23	22
# tree 256
26	19
0	28
29	23
0	15
11	30
30	26
19	29
28	11
11	32
15	31
23	13
32	24
13	20
31	2
29	10
24	8
20	16
2	27
10	21
26	3
24	17
16	4
8	25
27	6
21	1
3	7
17	9
4	18
19	12
2	14
23	22
8	5
# tree 257
26	19
0	28
29	23
0	15
11	30
30	26
19	29
28	11
11	32
15	31
23	13
32	24
31	2
29	10
24	8
13	20
2	27
10	21
26	3
24	17
19	4
8	25
20	16
27	6
21	1
3	7
17	9
4	18
13	22
19	12
2	14
8	5
# tree 258
26	19
0	28
0	15
11	30
30	26
19	29
28	11
11	32
15	31
32	24
31	2
29	23
24	8
2	27
29	16
29	10
23	13
8	25
26	3
24	17
27	6
16	4
10	21
13	20
25	5
3	7
17	9
6	14
4	18
19	12
10	1
23	22
# tree 259
26	19
0	28
0	15
11	30
30	26
19	29
28	11
11	32
15	31
32	24
31	2
29	23
24	8
2	27
29	10
23	13
8	25
26	3
24	17
27	6
23	4
29	16
10	21
13	20
25	5
3	7
17	9
6	14
4	18
13	22
19	12
10	1
# tree 260
26	19
0	28
0	15
11	30
30	26
19	29
28	11
11	32
15	31
32	24
31	2
29	23
24	8
2	27
29	10
23	13
8	25
26	3
24	17
27	6
20	4
13	20
29	16
10	21
25	5
3	7
17	9
6	14
4	18
13	22
19	12
10	1
# tree 261
26	19
0	28
0	15
11	30
30	26
19	29
28	11
11	32
15	31
32	24
31	2
29	23
24	8
2	27
29	10
23	13
8	25
26	3
24	17
27	6
13	4
29	16
10	21
13	20
25	5
3	7
17	9
6	14
4	18
13	22
19	12
10	1
# tree 262
26	19
0	28
0	15
11	30
30	26
19	29
28	11
11	32
15	31
32	24
31	2
29	23
24	8
2	27
29	10
23	13
8	25
26	3
24	17
27	6
19	4
29	16
10	21
13	20
25	5
3	7
17	9
6	14
4	18
13	22
19	12
10	1
# tree 263
26	19
0	28
0	15
11	30
30	26
19	29
28	11
11	32
15	31
32	24
31	2
29	23
24	8
2	27
29	16
29	10
23	13
26	3
24	17
27	6
16	4
8	25
10	21
13	20
3	7
17	9
6	14
4	18
13	22
19	12
10	1
8	5
# tree 264
26	19
0	28
0	15
11	30
30	26
19	29
28	11
11	32
15	31
29	23
32	24
31	2
23	13
29	10
24	8
2	27
13	16
10	21
8	25
26	3
24	17
27	6
16	4
21	1
25	5
3	7
17	9
6	14
4	18
19	12
29	20
23	22
# tree 265
26	19
0	28
0	15
11	30
30	26
19	29
28	11
11	32
15	31
29	23
32	24
31	2
23	13
29	10
24	8
2	27
10	21
8	25
26	3
24	17
27	6
23	4
13	16
21	1
25	5
3	7
17	9
6	14
4	18
13	22
19	12
29	20
# tree 266
26	19
0	28
0	15
11	30
30	26
19	29
28	11
11	32
15	31
29	23
32	24
31	2
23	13
29	10
24	8
2	27
10	21
8	25
26	3
24	17
27	6
13	4
13	16
21	1
25	5
3	7
17	9
6	14
4	18
13	22
19	12
29	20
# tree 267
26	19
0	28
0	15
11	30
30	26
19	29
28	11
11	32
15	31
29	23
32	24
31	2
23	13
29	10
24	8
2	27
10	21
8	25
26	3
24	17
27	6
19	4
13	16
21	1
25	5
3	7
17	9
6	14
4	18
13	22
19	12
23	20
# tree 268
26	19
0	28
0	15
11	30
30	26
19	29
28	11
11	32
15	31
29	23
32	24
31	2
23	13
29	10
24	8
2	27
13	16
10	21
26	3
24	17
27	6
16	4
8	25
21	1
3	7
17	9
6	14
4	18
13	22
19	12
29	20
8	5
# tree 269
26	19
0	28
0	15
11	30
30	26
19	29
28	11
11	32
15	31
32	24
31	2
29	23
29	10
24	8
2	27
23	13
10	21
8	25
26	3
24	17
27	6
23	4
29	16
13	20
21	1
25	5
3	7
17	9
6	14
4	18
19	12
23	22
# tree 270
26	19
0	28
0	15
11	30
30	26
19	29
28	11
11	32
15	31
32	24
31	2
29	23
29	10
24	8
2	27
23	13
10	21
8	25
26	3
24	17
27	6
20	4
13	20
29	16
21	1
25	5
3	7
17	9
6	14
4	18
19	12
23	22
# tree 271
26	19
0	28
0	15
11	30
30	26
19	29
28	11
11	32
15	31
32	24
31	2
29	23
29	10
24	8
2	27
23	13
10	21
8	25
26	3
24	17
27	6
13	4
29	16
13	20
21	1
25	5
3	7
17	9
6	14
4	18
19	12
23	22
# tree 272
26	19
0	28
0	15
11	30
30	26
19	29
28	11
11	32
15	31
32	24
31	2
29	23
29	10
24	8
2	27
23	13
10	21
8	25
26	3
24	17
27	6
19	4
29	16
13	20
21	1
25	5
3	7
17	9
6	14
4	18
19	12
23	22
# tree 273
26	19
0	28
0	15
11	30
30	26
19	29
28	11
11	32
15	31
32	24
31	2
29	23
29	10
24	8
2	27
29	16
23	13
10	21
26	3
24	17
27	6
16	4
8	25
13	20
21	1
3	7
17	9
6	14
4	18
19	12
23	22
8	5
# tree 274
26	19
0	28
0	15
11	30
30	26
19	29
28	11
11	32
15	31
32	24
31	2
29	23
29	10
24	8
2	27
23	13
10	21
26	3
24	17
27	6
19	4
8	25
29	16
13	20
21	1
3	7
17	9
6	14
4	18
13	22
19	12
8	5
# tree 275
26	19
0	28
29	23
0	15
11	30
30	26
19	29
28	11
11	32
15	31
32	24
31	2
23	20
24	8
2	27
20	16
29	10
8	25
26	3
24	17
27	6
23	13
16	4
10	21
25	5
3	7
17	9
6	14
13	22
19	12
10	1
16	18
# tree 276
26	19
0	28
29	23
0	15
11	30
30	26
19	29
28	11
11	32
15	31
32	24
31	2
29	20
24	8
2	27
20	16
29	10
8	25
26	3
24	17
27	6
23	13
16	4
10	21
25	5
3	7
17	9
6	14
13	22
19	12
10	1
16	18
# tree 277
26	19
0	28
29	23
0	15
11	30
30	26
19	29
28	11
11	32
15	31
23	13
32	24
31	2
13	20
24	8
2	27
20	16
29	10
8	25
26	3
24	17
27	6
16	4
10	21
25	5
3	7
17	9
6	14
19	12
10	1
16	18
23	22
# tree 278
26	19
0	28
29	23
0	15
11	30
30	26
19	29
28	11
11	32
15	31
23	13
32	24
31	2
13	20
24	8
2	27
29	10
8	25
26	3
24	17
27	6
20	16
10	21
25	5
3	7
17	9
6	14
13	22
19	12
10	1
16	18
23	4
# tree 279
26	19
0	28
29	23
0	15
11	30
30	26
19	29
28	11
11	32
15	31
23	13
32	24
31	2
13	20
24	8
2	27
29	10
8	25
26	3
24	17
27	6
20	16
10	21
25	5
3	7
17	9
6	14
13	22
19	12
10	1
16	18
20	4
# tree 280
26	19
0	28
29	23
0	15
11	30
30	26
19	29
28	11
11	32
15	31
23	13
32	24
31	2
13	20
24	8
2	27
29	10
8	25
26	3
24	17
27	6
20	16
10	21
25	5
3	7
17	9
6	14
13	22
19	12
10	1
16	18
13	4
# tree 281
26	19
0	28
29	23
0	15
11	30
30	26
19	29
28	11
11	32
15	31
23	13
32	24
31	2
13	20
24	8
2	27
29	10
8	25
26	3
24	17
27	6
20	16
10	21
25	5
3	7
17	9
6	14
13	22
19	12
10	1
16	18
29	4
# tree 282
26	19
0	28
29	23
0	15
11	30
30	26
19	29
28	11
11	32
15	31
23	13
32	24
31	2
13	20
24	8
2	27
29	10
8	25
26	3
24	17
27	6
20	16
10	21
25	5
3	7
17	9
6	14
13	22
19	12
10	1
16	18
19	4
# tree 283
26	19
0	28
29	23
0	15
11	30
30	26
19	29
28	11
11	32
15	31
23	13
32	24
31	2
13	20
24	8
2	27
20	16
29	10
26	3
24	17
27	6
8	25
16	4
10	21
3	7
17	9
6	14
13	22
19	12
10	1
16	18
8	5
# tree 284
26	19
0	28
0	15
11	30
30	26
19	29
28	11
11	32
15	31
32	24
31	2
29	20
24	8
2	27
29	23
29	10
8	25
26	3
24	17
27	6
13	4
23	13
20	16
10	21
25	5
3	7
17	9
6	14
4	18
13	22
19	12
10	1
# tree 285
26	19
0	28
0	15
11	30
30	26
19	29
28	11
11	32
15	31
29	23
32	24
31	2
23	20
24	8
2	27
29	10
8	25
26	3
24	17
27	6
19	4
23	13
20	16
10	21
25	5
3	7
17	9
6	14
4	18
13	22
19	12
10	1
# tree 286
26	19
0	28
0	15
11	30
30	26
19	29
28	11
11	32
15	31
32	24
31	2
29	20
24	8
2	27
20	16
29	23
29	10
26	3
24	17
27	6
16	4
23	13
8	25
10	21
3	7
17	9
6	14
4	18
13	22
19	12
10	1
8	5
# tree 287
26	19
0	28
29	23
0	15
11	30
30	26
19	29
28	11
11	32
15	31
23	13
32	24
31	2
13	20
24	8
2	27
29	10
8	25
26	3
24	17
27	6
23	4
20	16
10	21
25	5
3	7
17	9
6	14
4	18
19	12
10	1
23	22
# tree 288
26	19
0	28
29	23
0	15
11	30
30	26
19	29
28	11
11	32
15	31
23	13
32	24
31	2
13	20
24	8
2	27
29	10
8	25
26	3
24	17
27	6
20	4
20	16
10	21
25	5
3	7
17	9
6	14
4	18
19	12
10	1
23	22
# tree 289
26	19
0	28
29	23
0	15
11	30
30	26
19	29
28	11
11	32
15	31
23	13
32	24
31	2
13	20
24	8
2	27
29	10
8	25
26	3
24	17
27	6
13	4
20	16
10	21
25	5
3	7
17	9
6	14
4	18
19	12
10	1
23	22
# tree 290
26	19
0	28
29	23
0	15
11	30
30	26
19	29
28	11
11	32
15	31
23	13
32	24
31	2
13	20
24	8
2	27
29	10
8	25
26	3
24	17
27	6
29	4
20	16
10	21
25	5
3	7
17	9
6	14
4	18
19	12
10	1
23	22
# tree 291
26	19
0	28
29	23
0	15
11	30
30	26
19	29
28	11
11	32
15	31
23	13
32	24
31	2
13	20
24	8
2	27
29	10
8	25
26	3
24	17
27	6
19	4
20	16
10	21
25	5
3	7
17	9
6	14
4	18
19	12
10	1
23	22
# tree 292
26	19
0	28
29	23
0	15
11	30
30	26
19	29
28	11
11	32
15	31
23	13
32	24
31	2
13	20
24	8
2	27
20	16
29	10
26	3
24	17
27	6
16	4
8	25
10	21
3	7
17	9
6	14
4	18
19	12
10	1
23	22
8	5
# tree 293
26	19
0	28
29	23
0	15
11	30
30	26
19	29
28	11
11	32
15	31
23	13
32	24
31	2
24	8
2	27
13	20
29	10
26	3
24	17
27	6
19	4
8	25
20	16
10	21
3	7
17	9
6	14
4	18
13	22
19	12
10	1
8	5
# tree 294
26	19
0	28
0	15
11	30
30	26
19	29
28	11
11	32
15	31
32	24
31	2
29	20
29	10
24	8
2	27
29	23
10	21
8	25
26	3
24	17
27	6
23	13
20	16
21	1
25	5
3	7
17	9
6	14
13	22
19	12
16	18
13	4
# tree 295
26	19
0	28
0	15
11	30
30	26
19	29
28	11
11	32
15	31
32	24
31	2
29	20
29	10
24	8
2	27
29	23
10	21
8	25
26	3
24	17
27	6
23	13
20	16
21	1
25	5
3	7
17	9
6	14
13	22
19	12
16	18
19	4
# tree 296
26	19
0	28
0	15
11	30
30	26
19	29
28	11
11	32
15	31
29	23
32	24
31	2
23	20
29	10
24	8
2	27
10	21
8	25
26	3
24	17
27	6
23	13
20	16
21	1
25	5
3	7
17	9
6	14
13	22
19	12
16	18
19	4
# tree 297
26	19
0	28
0	15
11	30
30	26
19	29
28	11
11	32
15	31
32	24
31	2
29	20
29	10
24	8
2	27
29	23
20	16
10	21
26	3
24	17
27	6
23	13
8	25
16	4
21	1
3	7
17	9
6	14
13	22
19	12
16	18
8	5
# tree 298
26	19
0	28
29	23
0	15
11	30
30	26
19	29
28	11
11	32
15	31
23	13
32	24
31	2
13	20
29	10
24	8
2	27
10	21
8	25
26	3
24	17
27	6
20	16
21	1
25	5
3	7
17	9
6	14
19	12
16	18
23	22
23	4
# tree 299
26	19
0	28
29	23
0	15
11	30
30	26
19	29
28	11
11	32
15	31
23	13
32	24
31	2
13	20
29	10
24	8
2	27
10	21
8	25
26	3
24	17
27	6
20	16
21	1
25	5
3	7
17	9
6	14
19	12
16	18
23	22
20	4
# tree 300
26	19
0	28
29	23
0	15
11	30
30	26
19	29
28	11
11	32
15	31
23	13
32	24
31	2
13	20
29	10
24	8
2	27
10	21
8	25
26	3
24	17
27	6
20	16
21	1
25	5
3	7
17	9
6	14
19	12
16	18
23	22
13	4
# tree 301
26	19
0	28
29	23
0	15
11	30
30	26
19	29
28	11
11	32
15	31
23	13
32	24
31	2
13	20
29	10
24	8
2	27
10	21
8	25
26	3
24	17
27	6
20	16
21	1
25	5
3	7
17	9
6	14
19	12
16	18
23	22
29	4
# tree 302
26	19
0	28
29	23
0	15
11	30
30	26
19	29
28	11
11	32
15	31
23	13
32	24
31	2
13	20
29	10
24	8
2	27
10	21
8	25
26	3
24	17
27	6
20	16
21	1
25	5
3	7
17	9
6	14
19	12
16	18
23	22
19	4
# tree 303
26	19
0	28
29	23
0	15
11	30
30	26
19	29
28	11
11	32
15	31
23	13
32	24
31	2
13	20
29	10
24	8
2	27
20	16
10	21
26	3
24	17
27	6
8	25
16	4
21	1
3	7
17	9
6	14
19	12
16	18
23	22
8	5
# tree 304
26	19
0	28
29	23
0	15
11	30
30	26
19	29
28	11
11	32
15	31
23	13
32	24
31	2
29	10
24	8
2	27
13	20
10	21
26	3
24	17
27	6
20	16
8	25
21	1
3	7
17	9
6	14
13	22
19	12
16	18
19	4
8	5
# tree 305
26	19
0	28
19	29
0	15
11	30
30	26
28	11
11	32
15	31
29	23
32	24
31	2
29	10
24	8
2	27
23	20
10	21
26	3
24	17
27	6
19	4
23	13
8	25
20	16
21	1
3	7
17	9
6	14
4	18
13	22
19	12
8	5
# tree 306
26	19
0	28
29	23
0	15
11	30
30	26
19	29
28	11
11	32
15	31
23	13
32	24
31	2
29	10
24	8
2	27
13	20
10	21
26	3
24	17
27	6
19	4
8	25
20	16
21	1
3	7
17	9
6	14
4	18
19	12
23	22
8	5
# tree 307
26	19
0	28
0	15
11	30
30	26
19	29
28	11
11	32
15	31
32	24
29	23
31	2
24	8
29	10
29	16
23	13
2	27
8	25
26	3
24	17
10	1
16	4
10	21
13	20
27	6
25	5
3	7
17	9
1	12
4	18
2	14
23	22
# tree 308
26	19
0	28
0	15
11	30
30	26
19	29
28	11
11	32
15	31
32	24
29	23
31	2
24	8
29	10
23	13
2	27
8	25
26	3
24	17
10	1
23	4
29	16
10	21
13	20
27	6
25	5
3	7
17	9
1	12
4	18
13	22
2	14
# tree 309
26	19
0	28
0	15
11	30
30	26
19	29
28	11
11	32
15	31
32	24
29	23
31	2
24	8
29	10
23	13
2	27
8	25
26	3
24	17
10	1
20	4
13	20
29	16
10	21
27	6
25	5
3	7
17	9
1	12
4	18
13	22
2	14
# tree 310
26	19
0	28
0	15
11	30
30	26
19	29
28	11
11	32
15	31
32	24
29	23
31	2
24	8
29	10
23	13
2	27
8	25
26	3
24	17
10	1
13	4
29	16
10	21
13	20
27	6
25	5
3	7
17	9
1	12
4	18
13	22
2	14
# tree 311
26	19
0	28
0	15
11	30
30	26
19	29
28	11
11	32
15	31
32	24
29	23
31	2
24	8
29	10
23	13
2	27
8	25
26	3
24	17
10	1
19	4
29	16
10	21
13	20
27	6
25	5
3	7
17	9
1	12
4	18
13	22
2	14
# tree 312
26	19
0	28
0	15
11	30
30	26
19	29
28	11
11	32
15	31
32	24
29	23
31	2
24	8
29	10
29	16
23	13
2	27
26	3
24	17
10	1
16	4
8	25
10	21
13	20
27	6
3	7
17	9
1	12
4	18
13	22
2	14
8	5
# tree 313
26	19
0	28
0	15
11	30
30	26
19	29
28	11
11	32
29	23
15	31
32	24
29	10
23	13
31	2
24	8
10	21
13	16
2	27
8	25
26	3
24	17
21	1
16	4
27	6
25	5
3	7
17	9
1	12
4	18
2	14
29	20
23	22
# tree 314
26	19
0	28
0	15
11	30
30	26
19	29
28	11
11	32
29	23
15	31
32	24
29	10
23	13
31	2
24	8
10	21
2	27
8	25
26	3
24	17
21	1
23	4
13	16
27	6
25	5
3	7
17	9
1	12
4	18
13	22
2	14
29	20
# tree 315
26	19
0	28
0	15
11	30
30	26
19	29
28	11
11	32
29	23
15	31
32	24
29	10
23	13
31	2
24	8
10	21
2	27
8	25
26	3
24	17
21	1
13	4
13	16
27	6
25	5
3	7
17	9
1	12
4	18
13	22
2	14
29	20
# tree 316
26	19
0	28
0	15
11	30
30	26
19	29
28	11
11	32
29	23
15	31
32	24
29	10
23	13
31	2
24	8
10	21
2	27
8	25
26	3
24	17
21	1
19	4
13	16
27	6
25	5
3	7
17	9
1	12
4	18
13	22
2	14
23	20
# tree 317
26	19
0	28
0	15
11	30
30	26
19	29
28	11
11	32
29	23
15	31
32	24
29	10
23	13
31	2
24	8
10	21
13	16
2	27
26	3
24	17
21	1
16	4
8	25
27	6
3	7
17	9
1	12
4	18
13	22
2	14
29	20
8	5
# tree 318
26	19
0	28
0	15
11	30
30	26
19	29
28	11
11	32
15	31
32	24
29	10
29	23
31	2
24	8
10	21
23	13
2	27
8	25
26	3
24	17
21	1
23	4
29	16
13	20
27	6
25	5
3	7
17	9
1	12
4	18
2	14
23	22
# tree 319
26	19
0	28
0	15
11	30
30	26
19	29
28	11
11	32
15	31
32	24
29	10
29	23
31	2
24	8
10	21
23	13
2	27
8	25
26	3
24	17
21	1
20	4
13	20
29	16
27	6
25	5
3	7
17	9
1	12
4	18
2	14
23	22
# tree 320
26	19
0	28
0	15
11	30
30	26
19	29
28	11
11	32
15	31
32	24
29	10
29	23
31	2
24	8
10	21
23	13
2	27
8	25
26	3
24	17
21	1
13	4
29	16
13	20
27	6
25	5
3	7
17	9
1	12
4	18
2	14
23	22
# tree 321
26	19
0	28
0	15
11	30
30	26
19	29
28	11
11	32
15	31
32	24
29	10
29	23
31	2
24	8
10	21
23	13
2	27
8	25
26	3
24	17
21	1
19	4
29	16
13	20
27	6
25	5
3	7
17	9
1	12
4	18
2	14
23	22
# tree 322
26	19
0	28
0	15
11	30
30	26
19	29
28	11
11	32
15	31
32	24
29	10
29	23
31	2
24	8
10	21
29	16
23	13
2	27
26	3
24	17
21	1
16	4
8	25
13	20
27	6
3	7
17	9
1	12
4	18
2	14
23	22
8	5
# tree 323
26	19
0	28
0	15
11	30
30	26
19	29
28	11
11	32
15	31
32	24
29	10
29	23
31	2
24	8
10	21
23	13
2	27
26	3
24	17
21	1
19	4
8	25
29	16
13	20
27	6
3	7
17	9
1	12
4	18
13	22
2	14
8	5
# tree 324
26	19
0	28
29	23
0	15
11	30
30	26
19	29
28	11
11	32
15	31
32	24
23	20
31	2
24	8
29	10
20	16
2	27
8	25
26	3
24	17
10	1
23	13
16	4
10	21
27	6
25	5
3	7
17	9
1	12
13	22
2	14
16	18
# tree 325
26	19
0	28
29	23
0	15
11	30
30	26
19	29
28	11
11	32
15	31
32	24
29	20
31	2
24	8
29	10
20	16
2	27
8	25
26	3
24	17
10	1
23	13
16	4
10	21
27	6
25	5
3	7
17	9
1	12
13	22
2	14
16	18
# tree 326
26	19
0	28
29	23
0	15
11	30
30	26
19	29
28	11
11	32
23	13
15	31
32	24
13	20
31	2
24	8
29	10
20	16
2	27
8	25
26	3
24	17
10	1
16	4
10	21
27	6
25	5
3	7
17	9
1	12
2	14
16	18
23	22
# tree 327
26	19
0	28
29	23
0	15
11	30
30	26
19	29
28	11
11	32
23	13
15	31
32	24
13	20
31	2
24	8
29	10
2	27
8	25
26	3
24	17
10	1
20	16
10	21
27	6
25	5
3	7
17	9
1	12
13	22
2	14
16	18
23	4
# tree 328
26	19
0	28
29	23
0	15
11	30
30	26
19	29
28	11
11	32
23	13
15	31
32	24
13	20
31	2
24	8
29	10
2	27
8	25
26	3
24	17
10	1
20	16
10	21
27	6
25	5
3	7
17	9
1	12
13	22
2	14
16	18
20	4
# tree 329
26	19
0	28
29	23
0	15
11	30
30	26
19	29
28	11
11	32
23	13
15	31
32	24
13	20
31	2
24	8
29	10
2	27
8	25
26	3
24	17
10	1
20	16
10	21
27	6
25	5
3	7
17	9
1	12
13	22
2	14
16	18
13	4
# tree 330
26	19
0	28
29	23
0	15
11	30
30	26
19	29
28	11
11	32
23	13
15	31
32	24
13	20
31	2
24	8
29	10
2	27
8	25
26	3
24	17
10	1
20	16
10	21
27	6
25	5
3	7
17	9
1	12
13	22
2	14
16	18
29	4
# tree 331
26	19
0	28
29	23
0	15
11	30
30	26
19	29
28	11
11	32
23	13
15	31
32	24
13	20
31	2
24	8
29	10
2	27
8	25
26	3
24	17
10	1
20	16
10	21
27	6
25	5
3	7
17	9
1	12
13	22
2	14
16	18
19	4
# tree 332
26	19
0	28
29	23
0	15
11	30
30	26
19	29
28	11
11	32
23	13
15	31
32	24
13	20
31	2
24	8
29	10
20	16
2	27
26	3
24	17
10	1
8	25
16	4
10	21
27	6
3	7
17	9
1	12
13	22
2	14
16	18
8	5
# tree 333
26	19
0	28
0	15
11	30
30	26
19	29
28	11
11	32
15	31
32	24
29	20
31	2
24	8
29	10
29	23
2	27
8	25
26	3
24	17
10	1
13	4
23	13
20	16
10	21
27	6
25	5
3	7
17	9
1	12
4	18
13	22
2	14
# tree 334
26	19
0	28
0	15
11	30
30	26
19	29
28	11
11	32
29	23
15	31
32	24
23	20
31	2
24	8
29	10
2	27
8	25
26	3
24	17
10	1
19	4
23	13
20	16
10	21
27	6
25	5
3	7
17	9
1	12
4	18
13	22
2	14
# tree 335
26	19
0	28
0	15
11	30
30	26
19	29
28	11
11	32
15	31
32	24
29	20
31	2
24	8
29	10
20	16
29	23
2	27
26	3
24	17
10	1
16	4
23	13
8	25
10	21
27	6
3	7
17	9
1	12
4	18
13	22
2	14
8	5
# tree 336
26	19
0	28
29	23
0	15
11	30
30	26
19	29
28	11
11	32
23	13
15	31
32	24
13	20
31	2
24	8
29	10
2	27
8	25
26	3
24	17
10	1
23	4
20	16
10	21
27	6
25	5
3	7
17	9
1	12
4	18
2	14
23	22
# tree 337
26	19
0	28
29	23
0	15
11	30
30	26
19	29
28	11
11	32
23	13
15	31
32	24
13	20
31	2
24	8
29	10
2	27
8	25
26	3
24	17
10	1
20	4
20	16
10	21
27	6
25	5
3	7
17	9
1	12
4	18
2	14
23	22
# tree 338
26	19
0	28
29	23
0	15
11	30
30	26
19	29
28	11
11	32
23	13
15	31
32	24
13	20
31	2
24	8
29	10
2	27
8	25
26	3
24	17
10	1
13	4
20	16
10	21
27	6
25	5
3	7
17	9
1	12
4	18
2	14
23	22
# tree 339
26	19
0	28
29	23
0	15
11	30
30	26
19	29
28	11
11	32
23	13
15	31
32	24
13	20
31	2
24	8
29	10
2	27
8	25
26	3
24	17
10	1
29	4
20	16
10	21
27	6
25	5
3	7
17	9
1	12
4	18
2	14
23	22
# tree 340
26	19
0	28
29	23
0	15
11	30
30	26
19	29
28	11
11	32
23	13
15	31
32	24
13	20
31	2
24	8
29	10
2	27
8	25
26	3
24	17
10	1
19	4
20	16
10	21
27	6
25	5
3	7
17	9
1	12
4	18
2	14
23	22
# tree 341
26	19
0	28
29	23
0	15
11	30
30	26
19	29
28	11
11	32
23	13
15	31
32	24
13	20
31	2
24	8
29	10
20	16
2	27
26	3
24	17
10	1
16	4
8	25
10	21
27	6
3	7
17	9
1	12
4	18
2	14
23	22
8	5
# tree 342
26	19
0	28
29	23
0	15
11	30
30	26
19	29
28	11
11	32
23	13
15	31
32	24
31	2
24	8
29	10
13	20
2	27
26	3
24	17
10	1
19	4
8	25
20	16
10	21
27	6
3	7
17	9
1	12
4	18
13	22
2	14
8	5
# tree 343
26	19
0	28
0	15
11	30
30	26
19	29
28	11
11	32
15	31
32	24
29	10
29	20
31	2
24	8
10	21
29	23
2	27
8	25
26	3
24	17
21	1
23	13
20	16
27	6
25	5
3	7
17	9
1	12
13	22
2	14
16	18
13	4
# tree 344
26	19
0	28
0	15
11	30
30	26
19	29
28	11
11	32
15	31
32	24
29	10
29	20
31	2
24	8
10	21
29	23
2	27
8	25
26	3
24	17
21	1
23	13
20	16
27	6
25	5
3	7
17	9
1	12
13	22
2	14
16	18
19	4
# tree 345
26	19
0	28
0	15
11	30
30	26
19	29
28	11
11	32
29	23
15	31
32	24
29	10
23	20
31	2
24	8
10	21
2	27
8	25
26	3
24	17
21	1
23	13
20	16
27	6
25	5
3	7
17	9
1	12
13	22
2	14
16	18
19	4
# tree 346
26	19
0	28
0	15
11	30
30	26
19	29
28	11
11	32
15	31
32	24
29	10
29	20
31	2
24	8
10	21
29	23
20	16
2	27
26	3
24	17
21	1
23	13
8	25
16	4
27	6
3	7
17	9
1	12
13	22
2	14
16	18
8	5
# tree 347
26	19
0	28
29	23
0	15
11	30
30	26
19	29
28	11
11	32
23	13
15	31
32	24
29	10
13	20
31	2
24	8
10	21
2	27
8	25
26	3
24	17
21	1
20	16
27	6
25	5
3	7
17	9
1	12
2	14
16	18
23	22
23	4
# tree 348
26	19
0	28
29	23
0	15
11	30
30	26
19	29
28	11
11	32
23	13
15	31
32	24
29	10
13	20
31	2
24	8
10	21
2	27
8	25
26	3
24	17
21	1
20	16
27	6
25	5
3	7
17	9
1	12
2	14
16	18
23	22
20	4
# tree 349
26	19
0	28
29	23
0	15
11	30
30	26
19	29
28	11
11	32
23	13
15	31
32	24
29	10
13	20
31	2
24	8
10	21
2	27
8	25
26	3
24	17
21	1
20	16
27	6
25	5
3	7
17	9
1	12
2	14
16	18
23	22
13	4
# tree 350
26	19
0	28
29	23
0	15
11	30
30	26
19	29
28	11
11	32
23	13
15	31
32	24
29	10
13	20
31	2
24	8
10	21
2	27
8	25
26	3
24	17
21	1
20	16
27	6
25	5
3	7
17	9
1	12
2	14
16	18
23	22
29	4
# tree 351
26	19
0	28
29	23
0	15
11	30
30	26
19	29
28	11
11	32
23	13
15	31
32	24
29	10
13	20
31	2
24	8
10	21
2	27
8	25
26	3
24	17
21	1
20	16
27	6
25	5
3	7
17	9
1	12
2	14
16	18
23	22
19	4
# tree 352
26	19
0	28
29	23
0	15
11	30
30	26
19	29
28	11
11	32
23	13
15	31
32	24
29	10
13	20
31	2
24	8
10	21
20	16
2	27
26	3
24	17
21	1
8	25
16	4
27	6
3	7
17	9
1	12
2	14
16	18
23	22
8	5
# tree 353
26	19
0	28
29	23
0	15
11	30
30	26
19	29
28	11
11	32
23	13
15	31
32	24
29	10
31	2
24	8
10	21
13	20
2	27
26	3
24	17
21	1
20	16
8	25
27	6
3	7
17	9
1	12
13	22
2	14
16	18
19	4
8	5
# tree 354
26	19
0	28
19	29
0	15
11	30
30	26
28	11
11	32
29	23
15	31
32	24
29	10
31	2
24	8
10	21
23	20
2	27
26	3
24	17
21	1
19	4
23	13
8	25
20	16
27	6
3	7
17	9
1	12
4	18
13	22
2	14
8	5
# tree 355
26	19
0	28
29	23
0	15
11	30
30	26
19	29
28	11
11	32
23	13
15	31
32	24
29	10
31	2
24	8
10	21
13	20
2	27
26	3
24	17
21	1
19	4
8	25
20	16
27	6
3	7
17	9
1	12
4	18
2	14
23	22
8	5
# tree 356
26	19
0	28
30	26
0	15
11	30
28	11
11	32
15	31
19	29
32	24
31	2
29	23
24	8
29	10
2	27
23	13
8	25
26	3
24	17
10	1
27	6
23	4
29	16
10	21
13	20
25	5
3	7
17	9
1	12
6	14
4	18
23	22
# tree 357
26	19
0	28
30	26
0	15
11	30
28	11
11	32
15	31
19	29
32	24
31	2
29	23
24	8
29	10
2	27
23	13
8	25
26	3
24	17
10	1
27	6
20	4
13	20
29	16
10	21
25	5
3	7
17	9
1	12
6	14
4	18
23	22
# tree 358
26	19
0	28
30	26
0	15
11	30
28	11
11	32
15	31
19	29
32	24
31	2
29	23
24	8
29	10
2	27
23	13
8	25
26	3
24	17
10	1
27	6
13	4
29	16
10	21
13	20
25	5
3	7
17	9
1	12
6	14
4	18
23	22
# tree 359
26	19
0	28
30	26
0	15
11	30
28	11
11	32
15	31
19	29
32	24
31	2
29	23
24	8
29	10
2	27
23	13
8	25
26	3
24	17
10	1
27	6
19	4
29	16
10	21
13	20
25	5
3	7
17	9
1	12
6	14
4	18
23	22
# tree 360
26	19
0	28
30	26
0	15
11	30
28	11
11	32
15	31
19	29
32	24
31	2
29	23
24	8
29	10
2	27
29	16
23	13
26	3
24	17
10	1
27	6
16	4
8	25
10	21
13	20
3	7
17	9
1	12
6	14
4	18
23	22
8	5
# tree 361
26	19
0	28
30	26
0	15
11	30
28	11
11	32
15	31
19	29
32	24
31	2
29	23
24	8
29	10
2	27
23	13
26	3
24	17
10	1
27	6
19	4
8	25
29	16
10	21
13	20
3	7
17	9
1	12
6	14
4	18
13	22
8	5
# tree 362
26	19
0	28
30	26
0	15
11	30
28	11
11	32
19	29
15	31
32	24
29	10
31	2
29	23
24	8
10	21
2	27
23	13
26	3
24	17
21	1
27	6
19	4
8	25
29	16
13	20
3	7
17	9
1	12
6	14
4	18
13	22
8	5
# tree 363
26	19
0	28
19	29
0	15
11	30
30	26
28	11
11	32
15	31
29	23
32	24
29	10
31	2
24	8
10	21
2	27
23	20
26	3
24	17
21	1
27	6
19	4
23	13
8	25
20	16
3	7
17	9
1	12
6	14
4	18
13	22
8	5
# tree 364
26	19
0	28
30	26
0	15
11	30
28	11
11	32
19	29
15	31
32	24
29	10
31	2
29	23
24	8
10	21
2	27
23	13
26	3
24	17
21	1
27	6
19	4
8	25
29	16
13	20
3	7
17	9
1	12
6	14
4	18
23	22
8	5
# tree 365
0	28
0	15
11	30
30	26
19	29
26	19
28	11
11	32
15	31
32	24
31	2
29	20
24	8
29	10
2	27
29	23
8	25
26	3
24	17
10	1
27	6
23	13
20	16
10	21
25	5
3	7
17	9
1	12
6	14
13	22
16	18
13	4
# tree 366
0	28
0	15
11	30
30	26
19	29
26	19
28	11
11	32
15	31
32	24
31	2
29	20
24	8
29	10
2	27
29	23
8	25
26	3
24	17
10	1
27	6
23	13
20	16
10	21
25	5
3	7
17	9
1	12
6	14
13	22
16	18
19	4
# tree 367
0	28
0	15
11	30
30	26
19	29
26	19
28	11
11	32
15	31
29	23
32	24
31	2
23	20
24	8
29	10
2	27
8	25
26	3
24	17
10	1
27	6
23	13
20	16
10	21
25	5
3	7
17	9
1	12
6	14
13	22
16	18
19	4
# tree 368
0	28
0	15
11	30
30	26
19	29
26	19
28	11
11	32
15	31
32	24
31	2
29	20
24	8
29	10
2	27
29	23
20	16
26	3
24	17
10	1
27	6
23	13
8	25
16	4
10	21
3	7
17	9
1	12
6	14
13	22
16	18
8	5
# tree 369
0	28
29	23
0	15
11	30
30	26
19	29
26	19
28	11
11	32
15	31
23	13
32	24
31	2
13	20
24	8
29	10
2	27
8	25
26	3
24	17
10	1
27	6
20	16
10	21
25	5
3	7
17	9
1	12
6	14
16	18
23	22
23	4
# tree 370
0	28
29	23
0	15
11	30
30	26
19	29
26	19
28	11
11	32
15	31
23	13
32	24
31	2
13	20
24	8
29	10
2	27
8	25
26	3
24	17
10	1
27	6
20	16
10	21
25	5
3	7
17	9
1	12
6	14
16	18
23	22
20	4
# tree 371
0	28
29	23
0	15
11	30
30	26
19	29
26	19
28	11
11	32
15	31
23	13
32	24
31	2
13	20
24	8
29	10
2	27
8	25
26	3
24	17
10	1
27	6
20	16
10	21
25	5
3	7
17	9
1	12
6	14
16	18
23	22
13	4
# tree 372
0	28
29	23
0	15
11	30
30	26
19	29
26	19
28	11
11	32
15	31
23	13
32	24
31	2
13	20
24	8
29	10
2	27
8	25
26	3
24	17
10	1
27	6
20	16
10	21
25	5
3	7
17	9
1	12
6	14
16	18
23	22
29	4
# tree 373
0	28
29	23
0	15
11	30
30	26
19	29
26	19
28	11
11	32
15	31
23	13
32	24
31	2
13	20
24	8
29	10
2	27
8	25
26	3
24	17
10	1
27	6
20	16
10	21
25	5
3	7
17	9
1	12
6	14
16	18
23	22
19	4
# tree 374
0	28
29	23
0	15
11	30
30	26
19	29
26	19
28	11
11	32
15	31
23	13
32	24
31	2
13	20
24	8
29	10
2	27
20	16
26	3
24	17
10	1
27	6
8	25
16	4
10	21
3	7
17	9
1	12
6	14
16	18
23	22
8	5
# tree 375
0	28
29	23
0	15
11	30
30	26
19	29
26	19
28	11
11	32
15	31
23	13
32	24
31	2
24	8
29	10
2	27
13	20
26	3
24	17
10	1
27	6
20	16
8	25
10	21
3	7
17	9
1	12
6	14
13	22
16	18
19	4
8	5
# tree 376
0	28
19	29
0	15
11	30
30	26
26	19
28	11
11	32
15	31
29	23
32	24
31	2
24	8
29	10
2	27
23	20
26	3
24	17
10	1
27	6
19	4
23	13
8	25
20	16
10	21
3	7
17	9
1	12
6	14
4	18
13	22
8	5
# tree 377
0	28
29	23
0	15
11	30
30	26
19	29
26	19
28	11
11	32
15	31
23	13
32	24
31	2
24	8
29	10
2	27
13	20
26	3
24	17
10	1
27	6
19	4
8	25
20	16
10	21
3	7
17	9
1	12
6	14
4	18
23	22
8	5
# tree 378
26	19
0	28
19	29
0	15
11	30
30	26
28	11
11	32
15	31
29	23
32	24
29	10
31	2
24	8
10	21
2	27
23	20
26	3
24	17
21	1
27	6
23	13
20	16
8	25
3	7
17	9
1	12
6	14
13	22
16	18
19	4
8	5
# tree 379
26	19
0	28
29	23
0	15
11	30
30	26
19	29
28	11
11	32
15	31
23	13
32	24
29	10
31	2
24	8
10	21
2	27
13	20
26	3
24	17
21	1
27	6
20	16
8	25
3	7
17	9
1	12
6	14
16	18
23	22
19	4
8	5
# tree 380
30	26
19	29
28	11
11	30
26	19
0	28
0	15
11	32
15	31
32	24
29	23
31	2
24	8
29	16
29	10
23	13
2	27
8	25
26	3
24	17
16	4
10	21
13	20
27	6
25	5
3	7
17	9
4	18
19	12
2	14
10	1
23	22
# tree 381
30	26
19	29
28	11
11	30
26	19
0	28
0	15
11	32
15	31
32	24
29	23
31	2
24	8
29	10
23	13
2	27
8	25
26	3
24	17
23	4
29	16
10	21
13	20
27	6
25	5
3	7
17	9
4	18
13	22
19	12
2	14
10	1
# tree 382
30	26
19	29
28	11
11	30
26	19
0	28
0	15
11	32
15	31
32	24
29	23
31	2
24	8
29	10
23	13
2	27
8	25
26	3
24	17
20	4
13	20
29	16
10	21
27	6
25	5
3	7
17	9
4	18
13	22
19	12
2	14
10	1
# tree 383
30	26
19	29
28	11
11	30
26	19
0	28
0	15
11	32
15	31
32	24
29	23
31	2
24	8
29	10
23	13
2	27
8	25
26	3
24	17
13	4
29	16
10	21
13	20
27	6
25	5
3	7
17	9
4	18
13	22
19	12
2	14
10	1
# tree 384
30	26
19	29
28	11
11	30
26	19
0	28
0	15
11	32
15	31
32	24
29	23
31	2
24	8
29	10
23	13
2	27
8	25
26	3
24	17
19	4
29	16
10	21
13	20
27	6
25	5
3	7
17	9
4	18
13	22
19	12
2	14
10	1
# tree 385
30	26
19	29
28	11
11	30
26	19
0	28
0	15
11	32
15	31
32	24
29	23
31	2
24	8
29	16
29	10
23	13
2	27
26	3
24	17
16	4
8	25
10	21
13	20
27	6
3	7
17	9
4	18
13	22
19	12
2	14
10	1
8	5
# tree 386
30	26
19	29
28	11
11	30
26	19
0	28
0	15
11	32
29	23
15	31
32	24
23	13
31	2
29	10
24	8
13	16
2	27
10	21
8	25
26	3
24	17
16	4
27	6
21	1
25	5
3	7
17	9
4	18
19	12
2	14
29	20
23	22
# tree 387
30	26
19	29
28	11
11	30
26	19
0	28
0	15
11	32
29	23
15	31
32	24
23	13
31	2
29	10
24	8
2	27
10	21
8	25
26	3
24	17
23	4
13	16
27	6
21	1
25	5
3	7
17	9
4	18
13	22
19	12
2	14
29	20
# tree 388
30	26
19	29
28	11
11	30
26	19
0	28
0	15
11	32
29	23
15	31
32	24
23	13
31	2
29	10
24	8
2	27
10	21
8	25
26	3
24	17
13	4
13	16
27	6
21	1
25	5
3	7
17	9
4	18
13	22
19	12
2	14
29	20
# tree 389
30	26
19	29
28	11
11	30
26	19
0	28
0	15
11	32
29	23
15	31
32	24
23	13
31	2
29	10
24	8
2	27
10	21
8	25
26	3
24	17
19	4
13	16
27	6
21	1
25	5
3	7
17	9
4	18
13	22
19	12
2	14
23	20
# tree 390
30	26
19	29
28	11
11	30
26	19
0	28
0	15
11	32
29	23
15	31
32	24
23	13
31	2
29	10
24	8
13	16
2	27
10	21
26	3
24	17
16	4
8	25
27	6
21	1
3	7
17	9
4	18
13	22
19	12
2	14
29	20
8	5
# tree 391
30	26
19	29
28	11
11	30
26	19
0	28
0	15
11	32
15	31
32	24
29	23
31	2
29	10
24	8
23	13
2	27
10	21
8	25
26	3
24	17
23	4
29	16
13	20
27	6
21	1
25	5
3	7
17	9
4	18
19	12
2	14
23	22
# tree 392
30	26
19	29
28	11
11	30
26	19
0	28
0	15
11	32
15	31
32	24
29	23
31	2
29	10
24	8
23	13
2	27
10	21
8	25
26	3
24	17
20	4
13	20
29	16
27	6
21	1
25	5
3	7
17	9
4	18
19	12
2	14
23	22
# tree 393
30	26
19	29
28	11
11	30
26	19
0	28
0	15
11	32
15	31
32	24
29	23
31	2
29	10
24	8
23	13
2	27
10	21
8	25
26	3
24	17
13	4
29	16
13	20
27	6
21	1
25	5
3	7
17	9
4	18
19	12
2	14
23	22
# tree 394
30	26
19	29
28	11
11	30
26	19
0	28
0	15
11	32
15	31
32	24
29	23
31	2
29	10
24	8
23	13
2	27
10	21
8	25
26	3
24	17
19	4
29	16
13	20
27	6
21	1
25	5
3	7
17	9
4	18
19	12
2	14
23	22
# tree 395
30	26
19	29
28	11
11	30
26	19
0	28
0	15
11	32
15	31
32	24
29	23
31	2
29	10
24	8
29	16
23	13
2	27
10	21
26	3
24	17
16	4
8	25
13	20
27	6
21	1
3	7
17	9
4	18
19	12
2	14
23	22
8	5
# tree 396
30	26
19	29
28	11
11	30
26	19
0	28
0	15
11	32
15	31
32	24
29	23
31	2
29	10
24	8
23	13
2	27
10	21
26	3
24	17
19	4
8	25
29	16
13	20
27	6
21	1
3	7
17	9
4	18
13	22
19	12
2	14
8	5
# tree 397
30	26
19	29
28	11
11	30
26	19
0	28
0	15
29	23
11	32
15	31
32	24
23	20
31	2
24	8
20	16
29	10
2	27
8	25
26	3
24	17
23	13
16	4
10	21
27	6
25	5
3	7
17	9
13	22
19	12
2	14
10	1
16	18
# tree 398
30	26
19	29
28	11
11	30
26	19
0	28
0	15
29	23
11	32
15	31
32	24
29	20
31	2
24	8
20	16
29	10
2	27
8	25
26	3
24	17
23	13
16	4
10	21
27	6
25	5
3	7
17	9
13	22
19	12
2	14
10	1
16	18
# tree 399
30	26
19	29
28	11
11	30
26	19
0	28
0	15
29	23
11	32
23	13
15	31
32	24
13	20
31	2
24	8
20	16
29	10
2	27
8	25
26	3
24	17
16	4
10	21
27	6
25	5
3	7
17	9
19	12
2	14
10	1
16	18
23	22
# tree 400
30	26
19	29
28	11
11	30
26	19
0	28
0	15
29	23
11	32
23	13
15	31
32	24
13	20
31	2
24	8
29	10
2	27
8	25
26	3
24	17
20	16
10	21
27	6
25	5
3	7
17	9
13	22
19	12
2	14
10	1
16	18
23	4
# tree 401
30	26
19	29
28	11
11	30
26	19
0	28
0	15
29	23
11	32
23	13
15	31
32	24
13	20
31	2
24	8
29	10
2	27
8	25
26	3
24	17
20	16
10	21
27	6
25	5
3	7
17	9
13	22
19	12
2	14
10	1
16	18
20	4
# tree 402
30	26
19	29
28	11
11	30
26	19
0	28
0	15
29	23
11	32
23	13
15	31
32	24
13	20
31	2
24	8
29	10
2	27
8	25
26	3
24	17
20	16
10	21
27	6
25	5
3	7
17	9
13	22
19	12
2	14
10	1
16	18
13	4
# tree 403
30	26
19	29
28	11
11	30
26	19
0	28
0	15
29	23
11	32
23	13
15	31
32	24
13	20
31	2
24	8
29	10
2	27
8	25
26	3
24	17
20	16
10	21
27	6
25	5
3	7
17	9
13	22
19	12
2	14
10	1
16	18
29	4
# tree 404
30	26
19	29
28	11
11	30
26	19
0	28
0	15
29	23
11	32
23	13
15	31
32	24
13	20
31	2
24	8
29	10
2	27
8	25
26	3
24	17
20	16
10	21
27	6
25	5
3	7
17	9
13	22
19	12
2	14
10	1
16	18
19	4
# tree 405
30	26
19	29
28	11
11	30
26	19
0	28
0	15
29	23
11	32
23	13
15	31
32	24
13	20
31	2
24	8
20	16
29	10
2	27
26	3
24	17
8	25
16	4
10	21
27	6
3	7
17	9
13	22
19	12
2	14
10	1
16	18
8	5
# tree 406
30	26
19	29
28	11
11	30
26	19
0	28
0	15
11	32
15	31
32	24
29	20
31	2
24	8
29	23
29	10
2	27
8	25
26	3
24	17
13	4
23	13
20	16
10	21
27	6
25	5
3	7
17	9
4	18
13	22
19	12
2	14
10	1
# tree 407
30	26
19	29
28	11
11	30
26	19
0	28
0	15
11	32
29	23
15	31
32	24
23	20
31	2
24	8
29	10
2	27
8	25
26	3
24	17
19	4
23	13
20	16
10	21
27	6
25	5
3	7
17	9
4	18
13	22
19	12
2	14
10	1
# tree 408
30	26
19	29
28	11
11	30
26	19
0	28
0	15
11	32
15	31
32	24
29	20
31	2
24	8
20	16
29	23
29	10
2	27
26	3
24	17
16	4
23	13
8	25
10	21
27	6
3	7
17	9
4	18
13	22
19	12
2	14
10	1
8	5
# tree 409
30	26
19	29
28	11
11	30
26	19
0	28
0	15
29	23
11	32
23	13
15	31
32	24
13	20
31	2
24	8
29	10
2	27
8	25
26	3
24	17
23	4
20	16
10	21
27	6
25	5
3	7
17	9
4	18
19	12
2	14
10	1
23	22
# tree 410
30	26
19	29
28	11
11	30
26	19
0	28
0	15
29	23
11	32
23	13
15	31
32	24
13	20
31	2
24	8
29	10
2	27
8	25
26	3
24	17
20	4
20	16
10	21
27	6
25	5
3	7
17	9
4	18
19	12
2	14
10	1
23	22
# tree 411
30	26
19	29
28	11
11	30
26	19
0	28
0	15
29	23
11	32
23	13
15	31
32	24
13	20
31	2
24	8
29	10
2	27
8	25
26	3
24	17
13	4
20	16
10	21
27	6
25	5
3	7
17	9
4	18
19	12
2	14
10	1
23	22
# tree 412
30	26
19	29
28	11
11	30
26	19
0	28
0	15
29	23
11	32
23	13
15	31
32	24
13	20
31	2
24	8
29	10
2	27
8	25
26	3
24	17
29	4
20	16
10	21
27	6
25	5
3	7
17	9
4	18
19	12
2	14
10	1
23	22
# tree 413
30	26
19	29
28	11
11	30
26	19
0	28
0	15
29	23
11	32
23	13
15	31
32	24
13	20
31	2
24	8
29	10
2	27
8	25
26	3
24	17
19	4
20	16
10	21
27	6
25	5
3	7
17	9
4	18
19	12
2	14
10	1
23	22
# tree 414
30	26
19	29
28	11
11	30
26	19
0	28
0	15
29	23
11	32
23	13
15	31
32	24
13	20
31	2
24	8
20	16
29	10
2	27
26	3
24	17
16	4
8	25
10	21
27	6
3	7
17	9
4	18
19	12
2	14
10	1
23	22
8	5
# tree 415
30	26
19	29
28	11
11	30
26	19
0	28
0	15
29	23
11	32
23	13
15	31
32	24
31	2
24	8
13	20
29	10
2	27
26	3
24	17
19	4
8	25
20	16
10	21
27	6
3	7
17	9
4	18
13	22
19	12
2	14
10	1
8	5
# tree 416
30	26
19	29
28	11
11	30
26	19
0	28
0	15
11	32
15	31
32	24
29	20
31	2
29	10
24	8
29	23
2	27
10	21
8	25
26	3
24	17
23	13
20	16
27	6
21	1
25	5
3	7
17	9
13	22
19	12
2	14
16	18
13	4
# tree 417
30	26
19	29
28	11
11	30
26	19
0	28
0	15
11	32
15	31
32	24
29	20
31	2
29	10
24	8
29	23
2	27
10	21
8	25
26	3
24	17
23	13
20	16
27	6
21	1
25	5
3	7
17	9
13	22
19	12
2	14
16	18
19	4
# tree 418
30	26
19	29
28	11
11	30
26	19
0	28
0	15
11	32
29	23
15	31
32	24
23	20
31	2
29	10
24	8
2	27
10	21
8	25
26	3
24	17
23	13
20	16
27	6
21	1
25	5
3	7
17	9
13	22
19	12
2	14
16	18
19	4
# tree 419
30	26
19	29
28	11
11	30
26	19
0	28
0	15
11	32
15	31
32	24
29	20
31	2
29	10
24	8
29	23
20	16
2	27
10	21
26	3
24	17
23	13
8	25
16	4
27	6
21	1
3	7
17	9
13	22
19	12
2	14
16	18
8	5
# tree 420
30	26
19	29
28	11
11	30
26	19
0	28
0	15
29	23
11	32
23	13
15	31
32	24
13	20
31	2
29	10
24	8
2	27
10	21
8	25
26	3
24	17
20	16
27	6
21	1
25	5
3	7
17	9
19	12
2	14
16	18
23	22
23	4
# tree 421
30	26
19	29
28	11
11	30
26	19
0	28
0	15
29	23
11	32
23	13
15	31
32	24
13	20
31	2
29	10
24	8
2	27
10	21
8	25
26	3
24	17
20	16
27	6
21	1
25	5
3	7
17	9
19	12
2	14
16	18
23	22
20	4
# tree 422
30	26
19	29
28	11
11	30
26	19
0	28
0	15
29	23
11	32
23	13
15	31
32	24
13	20
31	2
29	10
24	8
2	27
10	21
8	25
26	3
24	17
20	16
27	6
21	1
25	5
3	7
17	9
19	12
2	14
16	18
23	22
13	4
# tree 423
30	26
19	29
28	11
11	30
26	19
0	28
0	15
29	23
11	32
23	13
15	31
32	24
13	20
31	2
29	10
24	8
2	27
10	21
8	25
26	3
24	17
20	16
27	6
21	1
25	5
3	7
17	9
19	12
2	14
16	18
23	22
29	4
# tree 424
30	26
19	29
28	11
11	30
26	19
0	28
0	15
29	23
11	32
23	13
15	31
32	24
13	20
31	2
29	10
24	8
2	27
10	21
8	25
26	3
24	17
20	16
27	6
21	1
25	5
3	7
17	9
19	12
2	14
16	18
23	22
19	4
# tree 425
30	26
19	29
28	11
11	30
26	19
0	28
0	15
29	23
11	32
23	13
15	31
32	24
13	20
31	2
29	10
24	8
20	16
2	27
10	21
26	3
24	17
8	25
16	4
27	6
21	1
3	7
17	9
19	12
2	14
16	18
23	22
8	5
# tree 426
30	26
19	29
28	11
11	30
26	19
0	28
0	15
29	23
11	32
23	13
15	31
32	24
31	2
29	10
24	8
13	20
2	27
10	21
26	3
24	17
20	16
8	25
27	6
21	1
3	7
17	9
13	22
19	12
2	14
16	18
19	4
8	5
# tree 427
30	26
28	11
11	30
26	19
0	28
0	15
19	29
11	32
29	23
15	31
32	24
31	2
29	10
24	8
23	20
2	27
10	21
26	3
24	17
19	4
23	13
8	25
20	16
27	6
21	1
3	7
17	9
4	18
13	22
19	12
2	14
8	5
# tree 428
30	26
19	29
28	11
11	30
26	19
0	28
0	15
29	23
11	32
23	13
15	31
32	24
31	2
29	10
24	8
13	20
2	27
10	21
26	3
24	17
19	4
8	25
20	16
27	6
21	1
3	7
17	9
4	18
19	12
2	14
23	22
8	5
# tree 429
30	26
28	11
11	30
26	19
0	28
0	15
11	32
15	31
19	29
32	24
31	2
29	23
24	8
2	27
29	10
23	13
8	25
26	3
24	17
27	6
23	4
29	16
10	21
13	20
25	5
3	7
17	9
6	14
4	18
19	12
10	1
23	22
# tree 430
30	26
28	11
11	30
26	19
0	28
0	15
11	32
15	31
19	29
32	24
31	2
29	23
24	8
2	27
29	10
23	13
8	25
26	3
24	17
27	6
20	4
13	20
29	16
10	21
25	5
3	7
17	9
6	14
4	18
19	12
10	1
23	22
# tree 431
30	26
28	11
11	30
26	19
0	28
0	15
11	32
15	31
19	29
32	24
31	2
29	23
24	8
2	27
29	10
23	13
8	25
26	3
24	17
27	6
13	4
29	16
10	21
13	20
25	5
3	7
17	9
6	14
4	18
19	12
10	1
23	22
# tree 432
30	26
28	11
11	30
26	19
0	28
0	15
11	32
15	31
19	29
32	24
31	2
29	23
24	8
2	27
29	10
23	13
8	25
26	3
24	17
27	6
19	4
29	16
10	21
13	20
25	5
3	7
17	9
6	14
4	18
19	12
10	1
23	22
# tree 433
30	26
28	11
11	30
26	19
0	28
0	15
11	32
15	31
19	29
32	24
31	2
29	23
24	8
2	27
29	16
29	10
23	13
26	3
24	17
27	6
16	4
8	25
10	21
13	20
3	7
17	9
6	14
4	18
19	12
10	1
23	22
8	5
# tree 434
30	26
28	11
11	30
26	19
0	28
0	15
11	32
15	31
19	29
32	24
31	2
29	23
24	8
2	27
29	10
23	13
26	3
24	17
27	6
19	4
8	25
29	16
10	21
13	20
3	7
17	9
6	14
4	18
13	22
19	12
10	1
8	5
# tree 435
30	26
28	11
11	30
26	19
0	28
0	15
19	29
11	32
15	31
29	23
32	24
31	2
23	13
29	10
24	8
2	27
10	21
8	25
26	3
24	17
27	6
23	4
13	16
21	1
25	5
3	7
17	9
6	14
4	18
19	12
29	20
23	22
# tree 436
30	26
28	11
11	30
26	19
0	28
0	15
19	29
11	32
15	31
29	23
32	24
31	2
23	13
29	10
24	8
2	27
10	21
8	25
26	3
24	17
27	6
13	4
13	16
21	1
25	5
3	7
17	9
6	14
4	18
19	12
29	20
23	22
# tree 437
30	26
28	11
11	30
26	19
0	28
0	15
19	29
11	32
15	31
29	23
32	24
31	2
23	13
29	10
24	8
2	27
13	16
10	21
26	3
24	17
27	6
16	4
8	25
21	1
3	7
17	9
6	14
4	18
19	12
29	20
23	22
8	5
# tree 438
30	26
28	11
11	30
26	19
0	28
0	15
19	29
11	32
15	31
29	23
32	24
31	2
29	10
24	8
2	27
23	13
10	21
26	3
24	17
27	6
19	4
8	25
13	16
21	1
3	7
17	9
6	14
4	18
13	22
19	12
23	20
8	5
# tree 439
30	26
28	11
11	30
26	19
0	28
0	15
11	32
15	31
19	29
32	24
31	2
29	23
29	10
24	8
2	27
23	13
10	21
26	3
24	17
27	6
19	4
8	25
29	16
13	20
21	1
3	7
17	9
6	14
4	18
19	12
23	22
8	5
# tree 440
30	26
19	29
28	11
11	30
26	19
0	28
0	15
11	32
15	31
32	24
31	2
29	20
24	8
2	27
29	23
29	10
8	25
26	3
24	17
27	6
23	13
20	16
10	21
25	5
3	7
17	9
6	14
13	22
19	12
10	1
16	18
13	4
# tree 441
30	26
19	29
28	11
11	30
26	19
0	28
0	15
11	32
15	31
32	24
31	2
29	20
24	8
2	27
29	23
29	10
8	25
26	3
24	17
27	6
23	13
20	16
10	21
25	5
3	7
17	9
6	14
13	22
19	12
10	1
16	18
19	4
# tree 442
30	26
19	29
28	11
11	30
26	19
0	28
0	15
11	32
15	31
29	23
32	24
31	2
23	20
24	8
2	27
29	10
8	25
26	3
24	17
27	6
23	13
20	16
10	21
25	5
3	7
17	9
6	14
13	22
19	12
10	1
16	18
19	4
# tree 443
30	26
19	29
28	11
11	30
26	19
0	28
0	15
11	32
15	31
32	24
31	2
29	20
24	8
2	27
29	23
20	16
29	10
26	3
24	17
27	6
23	13
8	25
16	4
10	21
3	7
17	9
6	14
13	22
19	12
10	1
16	18
8	5
# tree 444
30	26
19	29
28	11
11	30
26	19
0	28
0	15
29	23
11	32
15	31
23	13
32	24
31	2
13	20
24	8
2	27
29	10
8	25
26	3
24	17
27	6
20	16
10	21
25	5
3	7
17	9
6	14
19	12
10	1
16	18
23	22
23	4
# tree 445
30	26
19	29
28	11
11	30
26	19
0	28
0	15
29	23
11	32
15	31
23	13
32	24
31	2
13	20
24	8
2	27
29	10
8	25
26	3
24	17
27	6
20	16
10	21
25	5
3	7
17	9
6	14
19	12
10	1
16	18
23	22
20	4
# tree 446
30	26
19	29
28	11
11	30
26	19
0	28
0	15
29	23
11	32
15	31
23	13
32	24
31	2
13	20
24	8
2	27
29	10
8	25
26	3
24	17
27	6
20	16
10	21
25	5
3	7
17	9
6	14
19	12
10	1
16	18
23	22
13	4
# tree 447
30	26
19	29
28	11
11	30
26	19
0	28
0	15
29	23
11	32
15	31
23	13
32	24
31	2
13	20
24	8
2	27
29	10
8	25
26	3
24	17
27	6
20	16
10	21
25	5
3	7
17	9
6	14
19	12
10	1
16	18
23	22
29	4
# tree 448
30	26
19	29
28	11
11	30
26	19
0	28
0	15
29	23
11	32
15	31
23	13
32	24
31	2
13	20
24	8
2	27
29	10
8	25
26	3
24	17
27	6
20	16
10	21
25	5
3	7
17	9
6	14
19	12
10	1
16	18
23	22
19	4
# tree 449
30	26
19	29
28	11
11	30
26	19
0	28
0	15
29	23
11	32
15	31
23	13
32	24
31	2
13	20
24	8
2	27
20	16
29	10
26	3
24	17
27	6
8	25
16	4
10	21
3	7
17	9
6	14
19	12
10	1
16	18
23	22
8	5
# tree 450
30	26
19	29
28	11
11	30
26	19
0	28
0	15
29	23
11	32
15	31
23	13
32	24
31	2
24	8
2	27
13	20
29	10
26	3
24	17
27	6
20	16
8	25
10	21
3	7
17	9
6	14
13	22
19	12
10	1
16	18
19	4
8	5
# tree 451
30	26
28	11
11	30
26	19
0	28
0	15
19	29
11	32
15	31
29	23
32	24
31	2
24	8
2	27
23	20
29	10
26	3
24	17
27	6
19	4
23	13
8	25
20	16
10	21
3	7
17	9
6	14
4	18
13	22
19	12
10	1
8	5
# tree 452
30	26
19	29
28	11
11	30
26	19
0	28
0	15
29	23
11	32
15	31
23	13
32	24
31	2
24	8
2	27
13	20
29	10
26	3
24	17
27	6
19	4
8	25
20	16
10	21
3	7
17	9
6	14
4	18
19	12
10	1
23	22
8	5
# tree 453
30	26
28	11
11	30
26	19
0	28
0	15
19	29
11	32
15	31
29	23
32	24
31	2
29	10
24	8
2	27
23	20
10	21
26	3
24	17
27	6
23	13
20	16
8	25
21	1
3	7
17	9
6	14
13	22
19	12
16	18
19	4
8	5
# tree 454
30	26
19	29
28	11
11	30
26	19
0	28
0	15
29	23
11	32
15	31
23	13
32	24
31	2
29	10
24	8
2	27
13	20
10	21
26	3
24	17
27	6
20	16
8	25
21	1
3	7
17	9
6	14
19	12
16	18
23	22
19	4
8	5
# tree 455
30	26
28	11
11	30
26	19
0	28
0	15
11	32
19	29
15	31
32	24
29	23
31	2
24	8
29	10
23	13
2	27
8	25
26	3
24	17
10	1
23	4
29	16
10	21
13	20
27	6
25	5
3	7
17	9
1	12
4	18
2	14
23	22
# tree 456
30	26
28	11
11	30
26	19
0	28
0	15
11	32
19	29
15	31
32	24
29	23
31	2
24	8
29	10
23	13
2	27
8	25
26	3
24	17
10	1
20	4
13	20
29	16
10	21
27	6
25	5
3	7
17	9
1	12
4	18
2	14
23	22
# tree 457
30	26
28	11
11	30
26	19
0	28
0	15
11	32
19	29
15	31
32	24
29	23
31	2
24	8
29	10
23	13
2	27
8	25
26	3
24	17
10	1
13	4
29	16
10	21
13	20
27	6
25	5
3	7
17	9
1	12
4	18
2	14
23	22
# tree 458
30	26
28	11
11	30
26	19
0	28
0	15
11	32
19	29
15	31
32	24
29	23
31	2
24	8
29	10
23	13
2	27
8	25
26	3
24	17
10	1
19	4
29	16
10	21
13	20
27	6
25	5
3	7
17	9
1	12
4	18
2	14
23	22
# tree 459
30	26
28	11
11	30
26	19
0	28
0	15
11	32
19	29
15	31
32	24
29	23
31	2
24	8
29	10
29	16
23	13
2	27
26	3
24	17
10	1
16	4
8	25
10	21
13	20
27	6
3	7
17	9
1	12
4	18
2	14
23	22
8	5
# tree 460
30	26
28	11
11	30
26	19
0	28
0	15
11	32
19	29
15	31
32	24
29	23
31	2
24	8
29	10
23	13
2	27
26	3
24	17
10	1
19	4
8	25
29	16
10	21
13	20
27	6
3	7
17	9
1	12
4	18
13	22
2	14
8	5
# tree 461
30	26
28	11
11	30
26	19
0	28
19	29
0	15
11	32
29	23
15	31
32	24
29	10
23	13
31	2
24	8
10	21
2	27
8	25
26	3
24	17
21	1
23	4
13	16
27	6
25	5
3	7
17	9
1	12
4	18
2	14
29	20
23	22
# tree 462
30	26
28	11
11	30
26	19
0	28
19	29
0	15
11	32
29	23
15	31
32	24
29	10
23	13
31	2
24	8
10	21
2	27
8	25
26	3
24	17
21	1
13	4
13	16
27	6
25	5
3	7
17	9
1	12
4	18
2	14
29	20
23	22
# tree 463
30	26
28	11
11	30
26	19
0	28
19	29
0	15
11	32
29	23
15	31
32	24
29	10
23	13
31	2
24	8
10	21
13	16
2	27
26	3
24	17
21	1
16	4
8	25
27	6
3	7
17	9
1	12
4	18
2	14
29	20
23	22
8	5
# tree 464
30	26
28	11
11	30
26	19
0	28
19	29
0	15
11	32
29	23
15	31
32	24
29	10
31	2
24	8
10	21
23	13
2	27
26	3
24	17
21	1
19	4
8	25
13	16
27	6
3	7
17	9
1	12
4	18
13	22
2	14
23	20
8	5
# tree 465
30	26
28	11
11	30
26	19
0	28
0	15
11	32
19	29
15	31
32	24
29	10
29	23
31	2
24	8
10	21
23	13
2	27
26	3
24	17
21	1
19	4
8	25
29	16
13	20
27	6
3	7
17	9
1	12
4	18
2	14
23	22
8	5
# tree 466
30	26
19	29
28	11
11	30
26	19
0	28
0	15
11	32
15	31
32	24
29	20
31	2
24	8
29	10
29	23
2	27
8	25
26	3
24	17
10	1
23	13
20	16
10	21
27	6
25	5
3	7
17	9
1	12
13	22
2	14
16	18
13	4
# tree 467
30	26
19	29
28	11
11	30
26	19
0	28
0	15
11	32
15	31
32	24
29	20
31	2
24	8
29	10
29	23
2	27
8	25
26	3
24	17
10	1
23	13
20	16
10	21
27	6
25	5
3	7
17	9
1	12
13	22
2	14
16	18
19	4
# tree 468
30	26
19	29
28	11
11	30
26	19
0	28
0	15
11	32
29	23
15	31
32	24
23	20
31	2
24	8
29	10
2	27
8	25
26	3
24	17
10	1
23	13
20	16
10	21
27	6
25	5
3	7
17	9
1	12
13	22
2	14
16	18
19	4
# tree 469
30	26
19	29
28	11
11	30
26	19
0	28
0	15
11	32
15	31
32	24
29	20
31	2
24	8
29	10
29	23
20	16
2	27
26	3
24	17
10	1
23	13
8	25
16	4
10	21
27	6
3	7
17	9
1	12
13	22
2	14
16	18
8	5
# tree 470
30	26
19	29
28	11
11	30
26	19
0	28
29	23
0	15
11	32
23	13
15	31
32	24
13	20
31	2
24	8
29	10
2	27
8	25
26	3
24	17
10	1
20	16
10	21
27	6
25	5
3	7
17	9
1	12
2	14
16	18
23	22
23	4
# tree 471
30	26
19	29
28	11
11	30
26	19
0	28
29	23
0	15
11	32
23	13
15	31
32	24
13	20
31	2
24	8
29	10
2	27
8	25
26	3
24	17
10	1
20	16
10	21
27	6
25	5
3	7
17	9
1	12
2	14
16	18
23	22
20	4
# tree 472
30	26
19	29
28	11
11	30
26	19
0	28
29	23
0	15
11	32
23	13
15	31
32	24
13	20
31	2
24	8
29	10
2	27
8	25
26	3
24	17
10	1
20	16
10	21
27	6
25	5
3	7
17	9
1	12
2	14
16	18
23	22
13	4
# tree 473
30	26
19	29
28	11
11	30
26	19
0	28
29	23
0	15
11	32
23	13
15	31
32	24
13	20
31	2
24	8
29	10
2	27
8	25
26	3
24	17
10	1
20	16
10	21
27	6
25	5
3	7
17	9
1	12
2	14
16	18
23	22
29	4
# tree 474
30	26
19	29
28	11
11	30
26	19
0	28
29	23
0	15
11	32
23	13
15	31
32	24
13	20
31	2
24	8
29	10
2	27
8	25
26	3
24	17
10	1
20	16
10	21
27	6
25	5
3	7
17	9
1	12
2	14
16	18
23	22
19	4
# tree 475
30	26
19	29
28	11
11	30
26	19
0	28
29	23
0	15
11	32
23	13
15	31
32	24
13	20
31	2
24	8
29	10
20	16
2	27
26	3
24	17
10	1
8	25
16	4
10	21
27	6
3	7
17	9
1	12
2	14
16	18
23	22
8	5
# tree 476
30	26
19	29
28	11
11	30
26	19
0	28
29	23
0	15
11	32
23	13
15	31
32	24
31	2
24	8
29	10
13	20
2	27
26	3
24	17
10	1
20	16
8	25
10	21
27	6
3	7
17	9
1	12
13	22
2	14
16	18
19	4
8	5
# tree 477
30	26
28	11
11	30
26	19
0	28
19	29
0	15
11	32
29	23
15	31
32	24
31	2
24	8
29	10
23	20
2	27
26	3
24	17
10	1
19	4
23	13
8	25
20	16
10	21
27	6
3	7
17	9
1	12
4	18
13	22
2	14
8	5
# tree 478
30	26
19	29
28	11
11	30
26	19
0	28
29	23
0	15
11	32
23	13
15	31
32	24
31	2
24	8
29	10
13	20
2	27
26	3
24	17
10	1
19	4
8	25
20	16
10	21
27	6
3	7
17	9
1	12
4	18
2	14
23	22
8	5
# tree 479
30	26
28	11
11	30
26	19
0	28
19	29
0	15
11	32
29	23
15	31
32	24
29	10
31	2
24	8
10	21
23	20
2	27
26	3
24	17
21	1
23	13
20	16
8	25
27	6
3	7
17	9
1	12
13	22
2	14
16	18
19	4
8	5
# tree 480
30	26
19	29
28	11
11	30
26	19
0	28
29	23
0	15
11	32
23	13
15	31
32	24
29	10
31	2
24	8
10	21
13	20
2	27
26	3
24	17
21	1
20	16
8	25
27	6
3	7
17	9
1	12
2	14
16	18
23	22
19	4
8	5
# tree 481
30	26
11	30
28	11
0	28
0	15
26	19
11	32
15	31
19	29
32	24
31	2
29	23
24	8
29	10
2	27
23	13
26	3
24	17
10	1
27	6
19	4
8	25
29	16
10	21
13	20
3	7
17	9
1	12
6	14
4	18
23	22
8	5
# tree 482
28	11
11	30
26	19
30	26
0	28
0	15
19	29
11	32
15	31
29	23
32	24
31	2
24	8
29	10
2	27
23	20
26	3
24	17
10	1
27	6
23	13
20	16
8	25
10	21
3	7
17	9
1	12
6	14
13	22
16	18
19	4
8	5
# tree 483
19	29
28	11
11	30
26	19
30	26
0	28
0	15
29	23
11	32
15	31
23	13
32	24
31	2
24	8
29	10
2	27
13	20
26	3
24	17
10	1
27	6
20	16
8	25
10	21
3	7
17	9
1	12
6	14
16	18
23	22
19	4
8	5
