### 15 trees
# tree 1
4	2
1	4
2	5
2	12
12	13
2	3
13	9
5	11
# tree 2
1	4
4	2
2	12
12	13
2	5
13	9
5	11
4	3
# tree 3
1	4
4	2
2	12
12	13
2	5
13	9
5	11
1	3
# tree 4
1	4
4	2
2	12
2	5
12	13
2	3
5	11
2	9
# tree 5
1	4
4	2
2	12
2	5
12	13
2	3
5	11
12	9
# tree 6
1	4
4	2
4	13
2	5
2	12
2	3
13	9
5	11
# tree 7
1	4
4	2
2	13
2	5
2	12
2	3
13	9
5	11
# tree 8
1	4
4	2
2	13
2	5
2	12
13	9
5	11
4	3
# tree 9
1	4
4	2
2	13
2	5
2	12
13	9
5	11
1	3
# tree 10
1	4
4	2
2	5
2	13
2	12
2	3
5	11
2	9
# tree 11
1	4
4	2
2	5
2	12
2	13
2	3
5	11
12	9
# tree 12
1	4
4	2
2	12
2	5
12	13
5	11
1	3
2	9
# tree 13
1	4
4	2
2	12
2	5
12	13
5	11
1	3
12	9
# tree 14
1	4
4	2
2	5
2	13
2	12
5	11
1	3
2	9
# tree 15
1	4
4	2
2	5
2	12
2	13
5	11
1	3
12	9
