### 518 trees
# tree 1
0	1
1	3
3	6
3	7
10	8
3	9
3	10
7	14
10	2
8	4
9	5
14	11
3	12
3	13
6	15
# tree 2
0	1
1	3
3	10
3	7
3	9
7	14
3	6
10	8
10	2
9	5
14	11
3	12
3	13
6	15
0	4
# tree 3
0	1
1	3
3	10
3	7
3	9
7	14
3	6
10	8
10	2
9	5
14	11
3	12
3	13
6	15
1	4
# tree 4
0	1
1	3
3	10
3	7
3	9
7	14
3	6
10	8
10	2
9	5
14	11
3	12
3	13
6	15
10	4
# tree 5
0	1
1	3
3	10
3	7
3	9
7	14
3	6
10	8
10	2
9	5
14	11
3	12
3	13
6	15
3	4
# tree 6
0	1
1	3
3	10
3	7
10	8
7	14
3	6
3	9
10	2
8	4
14	11
3	12
3	13
6	15
1	5
# tree 7
0	1
1	3
3	10
3	7
10	8
7	14
3	6
3	9
10	2
8	4
14	11
3	12
3	13
6	15
3	5
# tree 8
0	1
1	3
3	10
3	7
10	8
3	9
7	14
1	6
10	2
8	4
9	5
14	11
3	12
3	13
6	15
# tree 9
0	1
1	3
3	10
1	7
10	8
3	9
7	14
3	6
10	2
8	4
9	5
14	11
3	12
3	13
6	15
# tree 10
0	1
1	3
3	7
3	10
3	8
3	9
7	14
3	6
10	2
8	4
9	5
14	11
3	12
3	13
6	15
# tree 11
0	1
1	3
3	10
3	7
10	8
1	9
7	14
3	6
10	2
8	4
9	5
14	11
3	12
3	13
6	15
# tree 12
0	1
1	3
3	10
3	7
10	8
3	9
3	6
7	14
10	2
8	4
9	5
3	12
3	13
6	15
3	11
# tree 13
0	1
1	3
3	10
3	7
10	8
3	9
3	6
7	14
10	2
8	4
9	5
3	12
3	13
6	15
7	11
# tree 14
0	1
1	3
3	10
10	8
3	9
1	14
3	6
3	7
10	2
8	4
9	5
14	11
3	12
3	13
6	15
# tree 15
0	1
1	3
3	10
10	8
3	9
3	14
3	6
3	7
10	2
8	4
9	5
14	11
3	12
3	13
6	15
# tree 16
0	1
1	3
3	10
3	7
10	8
3	9
7	14
3	6
10	2
8	4
9	5
14	11
3	12
3	13
3	15
# tree 17
0	1
1	3
3	7
3	10
3	8
1	9
7	14
3	6
10	2
8	4
9	5
14	11
3	12
3	13
6	15
# tree 18
0	1
1	3
3	7
3	10
3	8
3	9
3	6
7	14
10	2
8	4
9	5
3	12
3	13
6	15
3	11
# tree 19
0	1
1	3
3	7
3	10
3	8
3	9
3	6
7	14
10	2
8	4
9	5
3	12
3	13
6	15
7	11
# tree 20
0	1
1	3
3	10
3	8
3	9
1	14
3	6
3	7
10	2
8	4
9	5
14	11
3	12
3	13
6	15
# tree 21
0	1
1	3
3	10
3	8
3	9
3	14
3	6
3	7
10	2
8	4
9	5
14	11
3	12
3	13
6	15
# tree 22
0	1
1	3
3	7
3	10
3	8
3	9
7	14
3	6
10	2
8	4
9	5
14	11
3	12
3	13
3	15
# tree 23
0	1
1	3
3	7
3	10
3	9
7	14
3	6
3	8
10	2
9	5
14	11
3	12
3	13
6	15
0	4
# tree 24
0	1
1	3
3	7
3	10
3	9
7	14
3	6
3	8
10	2
9	5
14	11
3	12
3	13
6	15
1	4
# tree 25
0	1
1	3
3	7
3	10
3	9
7	14
3	6
3	8
10	2
9	5
14	11
3	12
3	13
6	15
10	4
# tree 26
0	1
1	3
3	7
3	10
3	9
7	14
3	6
3	8
10	2
9	5
14	11
3	12
3	13
6	15
3	4
# tree 27
0	1
1	3
3	7
3	10
3	8
7	14
3	6
3	9
10	2
8	4
14	11
3	12
3	13
6	15
1	5
# tree 28
0	1
1	3
3	7
3	10
3	8
7	14
3	6
3	9
10	2
8	4
14	11
3	12
3	13
6	15
3	5
# tree 29
0	1
1	3
3	7
3	10
3	8
3	9
7	14
1	6
10	2
8	4
9	5
14	11
3	12
3	13
6	15
# tree 30
0	1
1	3
1	7
3	10
3	8
3	9
7	14
3	6
10	2
8	4
9	5
14	11
3	12
3	13
6	15
# tree 31
0	1
1	3
3	10
3	7
10	8
1	9
3	6
7	14
10	2
8	4
9	5
3	12
3	13
6	15
3	11
# tree 32
0	1
1	3
3	10
3	7
10	8
1	9
3	6
7	14
10	2
8	4
9	5
3	12
3	13
6	15
7	11
# tree 33
0	1
1	3
3	10
10	8
1	9
1	14
3	6
3	7
10	2
8	4
9	5
14	11
3	12
3	13
6	15
# tree 34
0	1
1	3
3	10
10	8
1	9
3	14
3	6
3	7
10	2
8	4
9	5
14	11
3	12
3	13
6	15
# tree 35
0	1
1	3
3	10
3	7
10	8
1	9
7	14
3	6
10	2
8	4
9	5
14	11
3	12
3	13
3	15
# tree 36
0	1
1	3
3	10
3	7
1	9
7	14
3	6
10	8
10	2
9	5
14	11
3	12
3	13
6	15
0	4
# tree 37
0	1
1	3
3	10
3	7
1	9
7	14
3	6
10	8
10	2
9	5
14	11
3	12
3	13
6	15
1	4
# tree 38
0	1
1	3
3	10
3	7
1	9
7	14
3	6
10	8
10	2
9	5
14	11
3	12
3	13
6	15
10	4
# tree 39
0	1
1	3
3	10
3	7
1	9
7	14
3	6
10	8
10	2
9	5
14	11
3	12
3	13
6	15
3	4
# tree 40
0	1
1	3
3	10
3	7
10	8
7	14
3	6
1	9
10	2
8	4
14	11
3	12
3	13
6	15
3	5
# tree 41
0	1
1	3
3	10
3	7
10	8
1	9
7	14
1	6
10	2
8	4
9	5
14	11
3	12
3	13
6	15
# tree 42
0	1
1	3
3	10
1	7
10	8
1	9
7	14
3	6
10	2
8	4
9	5
14	11
3	12
3	13
6	15
# tree 43
0	1
1	3
3	10
10	8
3	9
3	6
3	7
10	2
8	4
9	5
3	12
3	13
6	15
7	11
1	14
# tree 44
0	1
1	3
3	10
10	8
3	9
3	6
3	7
10	2
8	4
9	5
3	12
3	13
6	15
7	11
3	14
# tree 45
0	1
1	3
3	10
3	7
10	8
3	9
3	6
7	14
10	2
8	4
9	5
3	12
3	13
7	11
3	15
# tree 46
0	1
1	3
3	10
3	7
3	9
3	6
10	8
7	14
10	2
9	5
3	12
3	13
6	15
7	11
0	4
# tree 47
0	1
1	3
3	10
3	7
3	9
3	6
10	8
7	14
10	2
9	5
3	12
3	13
6	15
7	11
1	4
# tree 48
0	1
1	3
3	10
3	7
3	9
3	6
10	8
7	14
10	2
9	5
3	12
3	13
6	15
7	11
10	4
# tree 49
0	1
1	3
3	10
3	7
3	9
3	6
10	8
7	14
10	2
9	5
3	12
3	13
6	15
7	11
3	4
# tree 50
0	1
1	3
3	10
3	7
10	8
3	6
3	9
7	14
10	2
8	4
3	12
3	13
6	15
7	11
1	5
# tree 51
0	1
1	3
3	10
3	7
10	8
3	6
3	9
7	14
10	2
8	4
3	12
3	13
6	15
7	11
3	5
# tree 52
0	1
1	3
3	10
3	7
10	8
3	9
1	6
7	14
10	2
8	4
9	5
3	12
3	13
6	15
7	11
# tree 53
0	1
1	3
3	10
1	7
10	8
3	9
3	6
7	14
10	2
8	4
9	5
3	12
3	13
6	15
7	11
# tree 54
0	1
1	3
3	10
10	8
3	9
3	14
3	6
3	7
10	2
8	4
9	5
14	11
3	12
3	13
3	15
# tree 55
0	1
1	3
3	10
3	9
3	14
3	6
10	8
3	7
10	2
9	5
14	11
3	12
3	13
6	15
0	4
# tree 56
0	1
1	3
3	10
3	9
3	14
3	6
10	8
3	7
10	2
9	5
14	11
3	12
3	13
6	15
1	4
# tree 57
0	1
1	3
3	10
3	9
3	14
3	6
10	8
3	7
10	2
9	5
14	11
3	12
3	13
6	15
10	4
# tree 58
0	1
1	3
3	10
3	9
3	14
3	6
10	8
3	7
10	2
9	5
14	11
3	12
3	13
6	15
3	4
# tree 59
0	1
1	3
3	10
10	8
3	14
3	6
3	9
3	7
10	2
8	4
14	11
3	12
3	13
6	15
1	5
# tree 60
0	1
1	3
3	10
10	8
3	14
3	6
3	9
3	7
10	2
8	4
14	11
3	12
3	13
6	15
3	5
# tree 61
0	1
1	3
3	10
10	8
3	9
3	14
1	6
3	7
10	2
8	4
9	5
14	11
3	12
3	13
6	15
# tree 62
0	1
1	3
3	10
10	8
3	9
3	14
3	6
10	2
8	4
9	5
14	11
3	12
3	13
6	15
1	7
# tree 63
0	1
1	3
3	10
3	7
3	9
7	14
10	8
3	6
10	2
9	5
14	11
3	12
3	13
3	15
0	4
# tree 64
0	1
1	3
3	10
3	7
3	9
7	14
10	8
3	6
10	2
9	5
14	11
3	12
3	13
3	15
1	4
# tree 65
0	1
1	3
3	10
3	7
3	9
7	14
10	8
3	6
10	2
9	5
14	11
3	12
3	13
3	15
10	4
# tree 66
0	1
1	3
3	10
3	7
3	9
7	14
10	8
3	6
10	2
9	5
14	11
3	12
3	13
3	15
3	4
# tree 67
0	1
1	3
3	10
3	7
10	8
7	14
3	9
3	6
10	2
8	4
14	11
3	12
3	13
3	15
1	5
# tree 68
0	1
1	3
3	10
3	7
10	8
7	14
3	9
3	6
10	2
8	4
14	11
3	12
3	13
3	15
3	5
# tree 69
0	1
1	3
3	10
3	7
10	8
3	9
7	14
10	2
8	4
9	5
14	11
3	12
3	13
3	15
1	6
# tree 70
0	1
1	3
3	10
1	7
10	8
3	9
7	14
3	6
10	2
8	4
9	5
14	11
3	12
3	13
3	15
# tree 71
0	1
1	3
3	7
3	10
7	14
3	6
3	9
10	8
10	2
14	11
3	12
3	13
6	15
3	4
1	5
# tree 72
0	1
1	3
3	7
3	10
7	14
3	6
3	9
10	8
10	2
14	11
3	12
3	13
6	15
3	4
3	5
# tree 73
0	1
1	3
3	7
3	10
3	9
7	14
1	6
10	8
10	2
9	5
14	11
3	12
3	13
6	15
3	4
# tree 74
0	1
1	3
1	7
3	10
3	9
7	14
3	6
10	8
10	2
9	5
14	11
3	12
3	13
6	15
3	4
# tree 75
0	1
1	3
3	10
3	7
10	8
7	14
1	6
3	9
10	2
8	4
14	11
3	12
3	13
6	15
3	5
# tree 76
0	1
1	3
3	10
1	7
10	8
7	14
3	6
3	9
10	2
8	4
14	11
3	12
3	13
6	15
3	5
# tree 77
0	1
1	3
3	10
1	7
10	8
3	9
7	14
1	6
10	2
8	4
9	5
14	11
3	12
3	13
6	15
# tree 78
0	1
1	3
3	7
3	10
3	8
1	9
3	6
7	14
10	2
8	4
9	5
3	12
3	13
6	15
3	11
# tree 79
0	1
1	3
3	7
3	10
3	8
1	9
3	6
7	14
10	2
8	4
9	5
3	12
3	13
6	15
7	11
# tree 80
0	1
1	3
3	10
3	8
1	9
1	14
3	6
3	7
10	2
8	4
9	5
14	11
3	12
3	13
6	15
# tree 81
0	1
1	3
3	10
3	8
1	9
3	14
3	6
3	7
10	2
8	4
9	5
14	11
3	12
3	13
6	15
# tree 82
0	1
1	3
3	7
3	10
3	8
1	9
7	14
3	6
10	2
8	4
9	5
14	11
3	12
3	13
3	15
# tree 83
0	1
1	3
3	7
3	10
1	9
7	14
3	6
3	8
10	2
9	5
14	11
3	12
3	13
6	15
0	4
# tree 84
0	1
1	3
3	7
3	10
1	9
7	14
3	6
3	8
10	2
9	5
14	11
3	12
3	13
6	15
1	4
# tree 85
0	1
1	3
3	7
3	10
1	9
7	14
3	6
3	8
10	2
9	5
14	11
3	12
3	13
6	15
10	4
# tree 86
0	1
1	3
3	7
3	10
1	9
7	14
3	6
3	8
10	2
9	5
14	11
3	12
3	13
6	15
3	4
# tree 87
0	1
1	3
3	7
3	10
3	8
7	14
3	6
1	9
10	2
8	4
14	11
3	12
3	13
6	15
3	5
# tree 88
0	1
1	3
3	7
3	10
3	8
1	9
7	14
1	6
10	2
8	4
9	5
14	11
3	12
3	13
6	15
# tree 89
0	1
1	3
1	7
3	10
3	8
1	9
7	14
3	6
10	2
8	4
9	5
14	11
3	12
3	13
6	15
# tree 90
0	1
1	3
3	10
3	8
3	9
3	6
3	7
10	2
8	4
9	5
3	12
3	13
6	15
7	11
1	14
# tree 91
0	1
1	3
3	10
3	8
3	9
3	6
3	7
10	2
8	4
9	5
3	12
3	13
6	15
7	11
3	14
# tree 92
0	1
1	3
3	7
3	10
3	8
3	9
3	6
7	14
10	2
8	4
9	5
3	12
3	13
7	11
3	15
# tree 93
0	1
1	3
3	7
3	10
3	9
3	6
3	8
7	14
10	2
9	5
3	12
3	13
6	15
7	11
0	4
# tree 94
0	1
1	3
3	7
3	10
3	9
3	6
3	8
7	14
10	2
9	5
3	12
3	13
6	15
7	11
1	4
# tree 95
0	1
1	3
3	7
3	10
3	9
3	6
3	8
7	14
10	2
9	5
3	12
3	13
6	15
7	11
10	4
# tree 96
0	1
1	3
3	7
3	10
3	9
3	6
3	8
7	14
10	2
9	5
3	12
3	13
6	15
7	11
3	4
# tree 97
0	1
1	3
3	7
3	10
3	8
3	6
3	9
7	14
10	2
8	4
3	12
3	13
6	15
7	11
1	5
# tree 98
0	1
1	3
3	7
3	10
3	8
3	6
3	9
7	14
10	2
8	4
3	12
3	13
6	15
7	11
3	5
# tree 99
0	1
1	3
3	7
3	10
3	8
3	9
1	6
7	14
10	2
8	4
9	5
3	12
3	13
6	15
7	11
# tree 100
0	1
1	3
1	7
3	10
3	8
3	9
3	6
7	14
10	2
8	4
9	5
3	12
3	13
6	15
7	11
# tree 101
0	1
1	3
3	10
3	8
3	9
3	14
3	6
3	7
10	2
8	4
9	5
14	11
3	12
3	13
3	15
# tree 102
0	1
1	3
3	10
3	9
3	14
3	6
3	8
3	7
10	2
9	5
14	11
3	12
3	13
6	15
0	4
# tree 103
0	1
1	3
3	10
3	9
3	14
3	6
3	8
3	7
10	2
9	5
14	11
3	12
3	13
6	15
1	4
# tree 104
0	1
1	3
3	10
3	9
3	14
3	6
3	8
3	7
10	2
9	5
14	11
3	12
3	13
6	15
10	4
# tree 105
0	1
1	3
3	10
3	9
3	14
3	6
3	8
3	7
10	2
9	5
14	11
3	12
3	13
6	15
3	4
# tree 106
0	1
1	3
3	10
3	8
3	14
3	6
3	9
3	7
10	2
8	4
14	11
3	12
3	13
6	15
1	5
# tree 107
0	1
1	3
3	10
3	8
3	14
3	6
3	9
3	7
10	2
8	4
14	11
3	12
3	13
6	15
3	5
# tree 108
0	1
1	3
3	10
3	8
3	9
3	14
1	6
3	7
10	2
8	4
9	5
14	11
3	12
3	13
6	15
# tree 109
0	1
1	3
3	10
3	8
3	9
3	14
3	6
10	2
8	4
9	5
14	11
3	12
3	13
6	15
1	7
# tree 110
0	1
1	3
3	7
3	10
3	9
7	14
3	8
3	6
10	2
9	5
14	11
3	12
3	13
3	15
0	4
# tree 111
0	1
1	3
3	7
3	10
3	9
7	14
3	8
3	6
10	2
9	5
14	11
3	12
3	13
3	15
1	4
# tree 112
0	1
1	3
3	7
3	10
3	9
7	14
3	8
3	6
10	2
9	5
14	11
3	12
3	13
3	15
10	4
# tree 113
0	1
1	3
3	7
3	10
3	9
7	14
3	8
3	6
10	2
9	5
14	11
3	12
3	13
3	15
3	4
# tree 114
0	1
1	3
3	7
3	10
3	8
7	14
3	9
3	6
10	2
8	4
14	11
3	12
3	13
3	15
1	5
# tree 115
0	1
1	3
3	7
3	10
3	8
7	14
3	9
3	6
10	2
8	4
14	11
3	12
3	13
3	15
3	5
# tree 116
0	1
1	3
3	7
3	10
3	8
3	9
7	14
10	2
8	4
9	5
14	11
3	12
3	13
3	15
1	6
# tree 117
0	1
1	3
1	7
3	10
3	8
3	9
7	14
3	6
10	2
8	4
9	5
14	11
3	12
3	13
3	15
# tree 118
0	1
1	3
3	7
3	10
7	14
3	6
3	9
3	8
10	2
14	11
3	12
3	13
6	15
3	4
1	5
# tree 119
0	1
1	3
3	7
3	10
7	14
3	6
3	9
3	8
10	2
14	11
3	12
3	13
6	15
3	4
3	5
# tree 120
0	1
1	3
3	7
3	10
3	9
7	14
1	6
3	8
10	2
9	5
14	11
3	12
3	13
6	15
3	4
# tree 121
0	1
1	3
1	7
3	10
3	9
7	14
3	6
3	8
10	2
9	5
14	11
3	12
3	13
6	15
3	4
# tree 122
0	1
1	3
3	7
3	10
3	8
7	14
1	6
3	9
10	2
8	4
14	11
3	12
3	13
6	15
3	5
# tree 123
0	1
1	3
1	7
3	10
3	8
7	14
3	6
3	9
10	2
8	4
14	11
3	12
3	13
6	15
3	5
# tree 124
0	1
1	3
1	7
3	10
3	8
3	9
7	14
1	6
10	2
8	4
9	5
14	11
3	12
3	13
6	15
# tree 125
0	1
1	3
3	10
10	8
1	9
3	6
3	7
10	2
8	4
9	5
3	12
3	13
6	15
7	11
1	14
# tree 126
0	1
1	3
3	10
10	8
1	9
3	6
3	7
10	2
8	4
9	5
3	12
3	13
6	15
7	11
3	14
# tree 127
0	1
1	3
3	10
3	7
10	8
1	9
3	6
7	14
10	2
8	4
9	5
3	12
3	13
7	11
3	15
# tree 128
0	1
1	3
3	10
3	7
1	9
3	6
10	8
7	14
10	2
9	5
3	12
3	13
6	15
7	11
0	4
# tree 129
0	1
1	3
3	10
3	7
1	9
3	6
10	8
7	14
10	2
9	5
3	12
3	13
6	15
7	11
1	4
# tree 130
0	1
1	3
3	10
3	7
1	9
3	6
10	8
7	14
10	2
9	5
3	12
3	13
6	15
7	11
10	4
# tree 131
0	1
1	3
3	10
3	7
1	9
3	6
10	8
7	14
10	2
9	5
3	12
3	13
6	15
7	11
3	4
# tree 132
0	1
1	3
3	10
3	7
10	8
3	6
1	9
7	14
10	2
8	4
3	12
3	13
6	15
7	11
3	5
# tree 133
0	1
1	3
3	10
3	7
10	8
1	9
1	6
7	14
10	2
8	4
9	5
3	12
3	13
6	15
7	11
# tree 134
0	1
1	3
3	10
1	7
10	8
1	9
3	6
7	14
10	2
8	4
9	5
3	12
3	13
6	15
7	11
# tree 135
0	1
1	3
3	10
10	8
1	9
3	14
3	6
3	7
10	2
8	4
9	5
14	11
3	12
3	13
3	15
# tree 136
0	1
1	3
3	10
1	9
3	14
3	6
10	8
3	7
10	2
9	5
14	11
3	12
3	13
6	15
0	4
# tree 137
0	1
1	3
3	10
1	9
3	14
3	6
10	8
3	7
10	2
9	5
14	11
3	12
3	13
6	15
1	4
# tree 138
0	1
1	3
3	10
1	9
3	14
3	6
10	8
3	7
10	2
9	5
14	11
3	12
3	13
6	15
10	4
# tree 139
0	1
1	3
3	10
1	9
3	14
3	6
10	8
3	7
10	2
9	5
14	11
3	12
3	13
6	15
3	4
# tree 140
0	1
1	3
3	10
10	8
3	14
3	6
1	9
3	7
10	2
8	4
14	11
3	12
3	13
6	15
3	5
# tree 141
0	1
1	3
3	10
10	8
1	9
3	14
1	6
3	7
10	2
8	4
9	5
14	11
3	12
3	13
6	15
# tree 142
0	1
1	3
3	10
10	8
1	9
3	14
3	6
10	2
8	4
9	5
14	11
3	12
3	13
6	15
1	7
# tree 143
0	1
1	3
3	10
3	7
1	9
7	14
10	8
3	6
10	2
9	5
14	11
3	12
3	13
3	15
0	4
# tree 144
0	1
1	3
3	10
3	7
1	9
7	14
10	8
3	6
10	2
9	5
14	11
3	12
3	13
3	15
1	4
# tree 145
0	1
1	3
3	10
3	7
1	9
7	14
10	8
3	6
10	2
9	5
14	11
3	12
3	13
3	15
10	4
# tree 146
0	1
1	3
3	10
3	7
1	9
7	14
10	8
3	6
10	2
9	5
14	11
3	12
3	13
3	15
3	4
# tree 147
0	1
1	3
3	10
3	7
10	8
7	14
1	9
3	6
10	2
8	4
14	11
3	12
3	13
3	15
3	5
# tree 148
0	1
1	3
3	10
3	7
10	8
1	9
7	14
10	2
8	4
9	5
14	11
3	12
3	13
3	15
1	6
# tree 149
0	1
1	3
3	10
1	7
10	8
1	9
7	14
3	6
10	2
8	4
9	5
14	11
3	12
3	13
3	15
# tree 150
0	1
1	3
3	7
3	10
7	14
3	6
1	9
10	8
10	2
14	11
3	12
3	13
6	15
3	4
3	5
# tree 151
0	1
1	3
3	7
3	10
1	9
7	14
1	6
10	8
10	2
9	5
14	11
3	12
3	13
6	15
3	4
# tree 152
0	1
1	3
1	7
3	10
1	9
7	14
3	6
10	8
10	2
9	5
14	11
3	12
3	13
6	15
3	4
# tree 153
0	1
1	3
3	10
3	7
10	8
7	14
1	6
1	9
10	2
8	4
14	11
3	12
3	13
6	15
3	5
# tree 154
0	1
1	3
3	10
1	7
10	8
7	14
3	6
1	9
10	2
8	4
14	11
3	12
3	13
6	15
3	5
# tree 155
0	1
1	3
3	10
1	7
10	8
1	9
7	14
1	6
10	2
8	4
9	5
14	11
3	12
3	13
6	15
# tree 156
0	1
1	3
3	10
10	8
3	9
3	7
3	6
10	2
8	4
9	5
3	12
3	13
7	11
3	14
3	15
# tree 157
0	1
1	3
3	10
3	9
3	6
3	7
10	8
10	2
9	5
3	12
3	13
6	15
7	11
3	14
0	4
# tree 158
0	1
1	3
3	10
3	9
3	6
3	7
10	8
10	2
9	5
3	12
3	13
6	15
7	11
3	14
1	4
# tree 159
0	1
1	3
3	10
3	9
3	6
3	7
10	8
10	2
9	5
3	12
3	13
6	15
7	11
3	14
10	4
# tree 160
0	1
1	3
3	10
3	9
3	6
3	7
10	8
10	2
9	5
3	12
3	13
6	15
7	11
3	14
3	4
# tree 161
0	1
1	3
3	10
10	8
3	6
3	7
3	9
10	2
8	4
3	12
3	13
6	15
7	11
3	14
1	5
# tree 162
0	1
1	3
3	10
10	8
3	6
3	7
3	9
10	2
8	4
3	12
3	13
6	15
7	11
3	14
3	5
# tree 163
0	1
1	3
3	10
10	8
3	9
1	6
3	7
10	2
8	4
9	5
3	12
3	13
6	15
7	11
3	14
# tree 164
0	1
1	3
3	10
10	8
3	9
3	6
1	7
10	2
8	4
9	5
3	12
3	13
6	15
7	11
3	14
# tree 165
0	1
1	3
3	10
3	7
3	9
10	8
3	6
7	14
10	2
9	5
3	12
3	13
7	11
3	15
0	4
# tree 166
0	1
1	3
3	10
3	7
3	9
10	8
3	6
7	14
10	2
9	5
3	12
3	13
7	11
3	15
1	4
# tree 167
0	1
1	3
3	10
3	7
3	9
10	8
3	6
7	14
10	2
9	5
3	12
3	13
7	11
3	15
10	4
# tree 168
0	1
1	3
3	10
3	7
3	9
10	8
3	6
7	14
10	2
9	5
3	12
3	13
7	11
3	15
3	4
# tree 169
0	1
1	3
3	10
3	7
10	8
3	9
3	6
7	14
10	2
8	4
3	12
3	13
7	11
3	15
1	5
# tree 170
0	1
1	3
3	10
3	7
10	8
3	9
3	6
7	14
10	2
8	4
3	12
3	13
7	11
3	15
3	5
# tree 171
0	1
1	3
3	10
3	7
10	8
3	9
7	14
10	2
8	4
9	5
3	12
3	13
7	11
3	15
1	6
# tree 172
0	1
1	3
3	10
1	7
10	8
3	9
3	6
7	14
10	2
8	4
9	5
3	12
3	13
7	11
3	15
# tree 173
0	1
1	3
3	10
3	7
3	6
3	9
10	8
7	14
10	2
3	12
3	13
6	15
7	11
3	4
1	5
# tree 174
0	1
1	3
3	10
3	7
3	6
3	9
10	8
7	14
10	2
3	12
3	13
6	15
7	11
3	4
3	5
# tree 175
0	1
1	3
3	10
3	7
3	9
1	6
10	8
7	14
10	2
9	5
3	12
3	13
6	15
7	11
3	4
# tree 176
0	1
1	3
3	10
1	7
3	9
3	6
10	8
7	14
10	2
9	5
3	12
3	13
6	15
7	11
3	4
# tree 177
0	1
1	3
3	10
3	7
10	8
1	6
3	9
7	14
10	2
8	4
3	12
3	13
6	15
7	11
3	5
# tree 178
0	1
1	3
3	10
1	7
10	8
3	6
3	9
7	14
10	2
8	4
3	12
3	13
6	15
7	11
3	5
# tree 179
0	1
1	3
3	10
1	7
10	8
3	9
1	6
7	14
10	2
8	4
9	5
3	12
3	13
6	15
7	11
# tree 180
0	1
1	3
3	10
3	9
3	14
10	8
3	6
3	7
10	2
9	5
14	11
3	12
3	13
3	15
0	4
# tree 181
0	1
1	3
3	10
3	9
3	14
10	8
3	6
3	7
10	2
9	5
14	11
3	12
3	13
3	15
1	4
# tree 182
0	1
1	3
3	10
3	9
3	14
10	8
3	6
3	7
10	2
9	5
14	11
3	12
3	13
3	15
10	4
# tree 183
0	1
1	3
3	10
3	9
3	14
10	8
3	6
3	7
10	2
9	5
14	11
3	12
3	13
3	15
3	4
# tree 184
0	1
1	3
3	10
10	8
3	14
3	9
3	6
3	7
10	2
8	4
14	11
3	12
3	13
3	15
1	5
# tree 185
0	1
1	3
3	10
10	8
3	14
3	9
3	6
3	7
10	2
8	4
14	11
3	12
3	13
3	15
3	5
# tree 186
0	1
1	3
3	10
10	8
3	9
3	14
3	7
10	2
8	4
9	5
14	11
3	12
3	13
3	15
1	6
# tree 187
0	1
1	3
3	10
10	8
3	9
3	14
3	6
10	2
8	4
9	5
14	11
3	12
3	13
3	15
1	7
# tree 188
0	1
1	3
3	10
3	14
3	6
3	9
10	8
3	7
10	2
14	11
3	12
3	13
6	15
3	4
1	5
# tree 189
0	1
1	3
3	10
3	14
3	6
3	9
10	8
3	7
10	2
14	11
3	12
3	13
6	15
3	4
3	5
# tree 190
0	1
1	3
3	10
3	9
3	14
1	6
10	8
3	7
10	2
9	5
14	11
3	12
3	13
6	15
3	4
# tree 191
0	1
1	3
3	10
3	9
3	14
3	6
10	8
10	2
9	5
14	11
3	12
3	13
6	15
3	4
1	7
# tree 192
0	1
1	3
3	10
10	8
3	14
1	6
3	9
3	7
10	2
8	4
14	11
3	12
3	13
6	15
3	5
# tree 193
0	1
1	3
3	10
10	8
3	14
3	6
3	9
10	2
8	4
14	11
3	12
3	13
6	15
3	5
1	7
# tree 194
0	1
1	3
3	10
10	8
3	9
3	14
1	6
10	2
8	4
9	5
14	11
3	12
3	13
6	15
1	7
# tree 195
0	1
1	3
3	7
3	10
7	14
3	9
10	8
3	6
10	2
14	11
3	12
3	13
3	15
3	4
1	5
# tree 196
0	1
1	3
3	7
3	10
7	14
3	9
10	8
3	6
10	2
14	11
3	12
3	13
3	15
3	4
3	5
# tree 197
0	1
1	3
3	7
3	10
3	9
7	14
10	8
10	2
9	5
14	11
3	12
3	13
3	15
3	4
1	6
# tree 198
0	1
1	3
1	7
3	10
3	9
7	14
10	8
3	6
10	2
9	5
14	11
3	12
3	13
3	15
3	4
# tree 199
0	1
1	3
3	10
3	7
10	8
7	14
3	9
10	2
8	4
14	11
3	12
3	13
3	15
3	5
1	6
# tree 200
0	1
1	3
3	10
1	7
10	8
7	14
3	9
3	6
10	2
8	4
14	11
3	12
3	13
3	15
3	5
# tree 201
0	1
1	3
3	10
1	7
10	8
3	9
7	14
10	2
8	4
9	5
14	11
3	12
3	13
3	15
1	6
# tree 202
0	1
1	3
3	7
3	10
7	14
1	6
3	9
10	8
10	2
14	11
3	12
3	13
6	15
3	4
3	5
# tree 203
0	1
1	3
1	7
3	10
7	14
3	6
3	9
10	8
10	2
14	11
3	12
3	13
6	15
3	4
3	5
# tree 204
0	1
1	3
1	7
3	10
3	9
7	14
1	6
10	8
10	2
9	5
14	11
3	12
3	13
6	15
3	4
# tree 205
0	1
1	3
3	10
1	7
10	8
7	14
1	6
3	9
10	2
8	4
14	11
3	12
3	13
6	15
3	5
# tree 206
0	1
1	3
3	10
3	8
1	9
3	6
3	7
10	2
8	4
9	5
3	12
3	13
6	15
7	11
1	14
# tree 207
0	1
1	3
3	10
3	8
1	9
3	6
3	7
10	2
8	4
9	5
3	12
3	13
6	15
7	11
3	14
# tree 208
0	1
1	3
3	7
3	10
3	8
1	9
3	6
7	14
10	2
8	4
9	5
3	12
3	13
7	11
3	15
# tree 209
0	1
1	3
3	7
3	10
1	9
3	6
3	8
7	14
10	2
9	5
3	12
3	13
6	15
7	11
0	4
# tree 210
0	1
1	3
3	7
3	10
1	9
3	6
3	8
7	14
10	2
9	5
3	12
3	13
6	15
7	11
1	4
# tree 211
0	1
1	3
3	7
3	10
1	9
3	6
3	8
7	14
10	2
9	5
3	12
3	13
6	15
7	11
10	4
# tree 212
0	1
1	3
3	7
3	10
1	9
3	6
3	8
7	14
10	2
9	5
3	12
3	13
6	15
7	11
3	4
# tree 213
0	1
1	3
3	7
3	10
3	8
3	6
1	9
7	14
10	2
8	4
3	12
3	13
6	15
7	11
3	5
# tree 214
0	1
1	3
3	7
3	10
3	8
1	9
1	6
7	14
10	2
8	4
9	5
3	12
3	13
6	15
7	11
# tree 215
0	1
1	3
1	7
3	10
3	8
1	9
3	6
7	14
10	2
8	4
9	5
3	12
3	13
6	15
7	11
# tree 216
0	1
1	3
3	10
3	8
1	9
3	14
3	6
3	7
10	2
8	4
9	5
14	11
3	12
3	13
3	15
# tree 217
0	1
1	3
3	10
1	9
3	14
3	6
3	8
3	7
10	2
9	5
14	11
3	12
3	13
6	15
0	4
# tree 218
0	1
1	3
3	10
1	9
3	14
3	6
3	8
3	7
10	2
9	5
14	11
3	12
3	13
6	15
1	4
# tree 219
0	1
1	3
3	10
1	9
3	14
3	6
3	8
3	7
10	2
9	5
14	11
3	12
3	13
6	15
10	4
# tree 220
0	1
1	3
3	10
1	9
3	14
3	6
3	8
3	7
10	2
9	5
14	11
3	12
3	13
6	15
3	4
# tree 221
0	1
1	3
3	10
3	8
3	14
3	6
1	9
3	7
10	2
8	4
14	11
3	12
3	13
6	15
3	5
# tree 222
0	1
1	3
3	10
3	8
1	9
3	14
1	6
3	7
10	2
8	4
9	5
14	11
3	12
3	13
6	15
# tree 223
0	1
1	3
3	10
3	8
1	9
3	14
3	6
10	2
8	4
9	5
14	11
3	12
3	13
6	15
1	7
# tree 224
0	1
1	3
3	7
3	10
1	9
7	14
3	8
3	6
10	2
9	5
14	11
3	12
3	13
3	15
0	4
# tree 225
0	1
1	3
3	7
3	10
1	9
7	14
3	8
3	6
10	2
9	5
14	11
3	12
3	13
3	15
1	4
# tree 226
0	1
1	3
3	7
3	10
1	9
7	14
3	8
3	6
10	2
9	5
14	11
3	12
3	13
3	15
10	4
# tree 227
0	1
1	3
3	7
3	10
1	9
7	14
3	8
3	6
10	2
9	5
14	11
3	12
3	13
3	15
3	4
# tree 228
0	1
1	3
3	7
3	10
3	8
7	14
1	9
3	6
10	2
8	4
14	11
3	12
3	13
3	15
3	5
# tree 229
0	1
1	3
3	7
3	10
3	8
1	9
7	14
10	2
8	4
9	5
14	11
3	12
3	13
3	15
1	6
# tree 230
0	1
1	3
1	7
3	10
3	8
1	9
7	14
3	6
10	2
8	4
9	5
14	11
3	12
3	13
3	15
# tree 231
0	1
1	3
3	7
3	10
7	14
3	6
1	9
3	8
10	2
14	11
3	12
3	13
6	15
3	4
3	5
# tree 232
0	1
1	3
3	7
3	10
1	9
7	14
1	6
3	8
10	2
9	5
14	11
3	12
3	13
6	15
3	4
# tree 233
0	1
1	3
1	7
3	10
1	9
7	14
3	6
3	8
10	2
9	5
14	11
3	12
3	13
6	15
3	4
# tree 234
0	1
1	3
3	7
3	10
3	8
7	14
1	6
1	9
10	2
8	4
14	11
3	12
3	13
6	15
3	5
# tree 235
0	1
1	3
1	7
3	10
3	8
7	14
3	6
1	9
10	2
8	4
14	11
3	12
3	13
6	15
3	5
# tree 236
0	1
1	3
1	7
3	10
3	8
1	9
7	14
1	6
10	2
8	4
9	5
14	11
3	12
3	13
6	15
# tree 237
0	1
1	3
3	10
3	8
3	9
3	7
3	6
10	2
8	4
9	5
3	12
3	13
7	11
3	14
3	15
# tree 238
0	1
1	3
3	10
3	9
3	6
3	7
3	8
10	2
9	5
3	12
3	13
6	15
7	11
3	14
0	4
# tree 239
0	1
1	3
3	10
3	9
3	6
3	7
3	8
10	2
9	5
3	12
3	13
6	15
7	11
3	14
1	4
# tree 240
0	1
1	3
3	10
3	9
3	6
3	7
3	8
10	2
9	5
3	12
3	13
6	15
7	11
3	14
10	4
# tree 241
0	1
1	3
3	10
3	9
3	6
3	7
3	8
10	2
9	5
3	12
3	13
6	15
7	11
3	14
3	4
# tree 242
0	1
1	3
3	10
3	8
3	6
3	7
3	9
10	2
8	4
3	12
3	13
6	15
7	11
3	14
1	5
# tree 243
0	1
1	3
3	10
3	8
3	6
3	7
3	9
10	2
8	4
3	12
3	13
6	15
7	11
3	14
3	5
# tree 244
0	1
1	3
3	10
3	8
3	9
1	6
3	7
10	2
8	4
9	5
3	12
3	13
6	15
7	11
3	14
# tree 245
0	1
1	3
3	10
3	8
3	9
3	6
1	7
10	2
8	4
9	5
3	12
3	13
6	15
7	11
3	14
# tree 246
0	1
1	3
3	7
3	10
3	9
3	8
3	6
7	14
10	2
9	5
3	12
3	13
7	11
3	15
0	4
# tree 247
0	1
1	3
3	7
3	10
3	9
3	8
3	6
7	14
10	2
9	5
3	12
3	13
7	11
3	15
1	4
# tree 248
0	1
1	3
3	7
3	10
3	9
3	8
3	6
7	14
10	2
9	5
3	12
3	13
7	11
3	15
10	4
# tree 249
0	1
1	3
3	7
3	10
3	9
3	8
3	6
7	14
10	2
9	5
3	12
3	13
7	11
3	15
3	4
# tree 250
0	1
1	3
3	7
3	10
3	8
3	9
3	6
7	14
10	2
8	4
3	12
3	13
7	11
3	15
1	5
# tree 251
0	1
1	3
3	7
3	10
3	8
3	9
3	6
7	14
10	2
8	4
3	12
3	13
7	11
3	15
3	5
# tree 252
0	1
1	3
3	7
3	10
3	8
3	9
7	14
10	2
8	4
9	5
3	12
3	13
7	11
3	15
1	6
# tree 253
0	1
1	3
1	7
3	10
3	8
3	9
3	6
7	14
10	2
8	4
9	5
3	12
3	13
7	11
3	15
# tree 254
0	1
1	3
3	7
3	10
3	6
3	9
3	8
7	14
10	2
3	12
3	13
6	15
7	11
3	4
1	5
# tree 255
0	1
1	3
3	7
3	10
3	6
3	9
3	8
7	14
10	2
3	12
3	13
6	15
7	11
3	4
3	5
# tree 256
0	1
1	3
3	7
3	10
3	9
1	6
3	8
7	14
10	2
9	5
3	12
3	13
6	15
7	11
3	4
# tree 257
0	1
1	3
1	7
3	10
3	9
3	6
3	8
7	14
10	2
9	5
3	12
3	13
6	15
7	11
3	4
# tree 258
0	1
1	3
3	7
3	10
3	8
1	6
3	9
7	14
10	2
8	4
3	12
3	13
6	15
7	11
3	5
# tree 259
0	1
1	3
1	7
3	10
3	8
3	6
3	9
7	14
10	2
8	4
3	12
3	13
6	15
7	11
3	5
# tree 260
0	1
1	3
1	7
3	10
3	8
3	9
1	6
7	14
10	2
8	4
9	5
3	12
3	13
6	15
7	11
# tree 261
0	1
1	3
3	10
3	9
3	14
3	8
3	6
3	7
10	2
9	5
14	11
3	12
3	13
3	15
0	4
# tree 262
0	1
1	3
3	10
3	9
3	14
3	8
3	6
3	7
10	2
9	5
14	11
3	12
3	13
3	15
1	4
# tree 263
0	1
1	3
3	10
3	9
3	14
3	8
3	6
3	7
10	2
9	5
14	11
3	12
3	13
3	15
10	4
# tree 264
0	1
1	3
3	10
3	9
3	14
3	8
3	6
3	7
10	2
9	5
14	11
3	12
3	13
3	15
3	4
# tree 265
0	1
1	3
3	10
3	8
3	14
3	9
3	6
3	7
10	2
8	4
14	11
3	12
3	13
3	15
1	5
# tree 266
0	1
1	3
3	10
3	8
3	14
3	9
3	6
3	7
10	2
8	4
14	11
3	12
3	13
3	15
3	5
# tree 267
0	1
1	3
3	10
3	8
3	9
3	14
3	7
10	2
8	4
9	5
14	11
3	12
3	13
3	15
1	6
# tree 268
0	1
1	3
3	10
3	8
3	9
3	14
3	6
10	2
8	4
9	5
14	11
3	12
3	13
3	15
1	7
# tree 269
0	1
1	3
3	10
3	14
3	6
3	9
3	8
3	7
10	2
14	11
3	12
3	13
6	15
3	4
1	5
# tree 270
0	1
1	3
3	10
3	14
3	6
3	9
3	8
3	7
10	2
14	11
3	12
3	13
6	15
3	4
3	5
# tree 271
0	1
1	3
3	10
3	9
3	14
1	6
3	8
3	7
10	2
9	5
14	11
3	12
3	13
6	15
3	4
# tree 272
0	1
1	3
3	10
3	9
3	14
3	6
3	8
10	2
9	5
14	11
3	12
3	13
6	15
3	4
1	7
# tree 273
0	1
1	3
3	10
3	8
3	14
1	6
3	9
3	7
10	2
8	4
14	11
3	12
3	13
6	15
3	5
# tree 274
0	1
1	3
3	10
3	8
3	14
3	6
3	9
10	2
8	4
14	11
3	12
3	13
6	15
3	5
1	7
# tree 275
0	1
1	3
3	10
3	8
3	9
3	14
1	6
10	2
8	4
9	5
14	11
3	12
3	13
6	15
1	7
# tree 276
0	1
1	3
3	7
3	10
7	14
3	9
3	8
3	6
10	2
14	11
3	12
3	13
3	15
3	4
1	5
# tree 277
0	1
1	3
3	7
3	10
7	14
3	9
3	8
3	6
10	2
14	11
3	12
3	13
3	15
3	4
3	5
# tree 278
0	1
1	3
3	7
3	10
3	9
7	14
3	8
10	2
9	5
14	11
3	12
3	13
3	15
3	4
1	6
# tree 279
0	1
1	3
1	7
3	10
3	9
7	14
3	8
3	6
10	2
9	5
14	11
3	12
3	13
3	15
3	4
# tree 280
0	1
1	3
3	7
3	10
3	8
7	14
3	9
10	2
8	4
14	11
3	12
3	13
3	15
3	5
1	6
# tree 281
0	1
1	3
1	7
3	10
3	8
7	14
3	9
3	6
10	2
8	4
14	11
3	12
3	13
3	15
3	5
# tree 282
0	1
1	3
1	7
3	10
3	8
3	9
7	14
10	2
8	4
9	5
14	11
3	12
3	13
3	15
1	6
# tree 283
0	1
1	3
3	7
3	10
7	14
1	6
3	9
3	8
10	2
14	11
3	12
3	13
6	15
3	4
3	5
# tree 284
0	1
1	3
1	7
3	10
7	14
3	6
3	9
3	8
10	2
14	11
3	12
3	13
6	15
3	4
3	5
# tree 285
0	1
1	3
1	7
3	10
3	9
7	14
1	6
3	8
10	2
9	5
14	11
3	12
3	13
6	15
3	4
# tree 286
0	1
1	3
1	7
3	10
3	8
7	14
1	6
3	9
10	2
8	4
14	11
3	12
3	13
6	15
3	5
# tree 287
0	1
1	3
3	10
10	8
1	9
3	7
3	6
10	2
8	4
9	5
3	12
3	13
7	11
3	14
3	15
# tree 288
0	1
1	3
3	10
1	9
3	6
3	7
10	8
10	2
9	5
3	12
3	13
6	15
7	11
3	14
0	4
# tree 289
0	1
1	3
3	10
1	9
3	6
3	7
10	8
10	2
9	5
3	12
3	13
6	15
7	11
3	14
1	4
# tree 290
0	1
1	3
3	10
1	9
3	6
3	7
10	8
10	2
9	5
3	12
3	13
6	15
7	11
3	14
10	4
# tree 291
0	1
1	3
3	10
1	9
3	6
3	7
10	8
10	2
9	5
3	12
3	13
6	15
7	11
3	14
3	4
# tree 292
0	1
1	3
3	10
10	8
3	6
3	7
1	9
10	2
8	4
3	12
3	13
6	15
7	11
3	14
3	5
# tree 293
0	1
1	3
3	10
10	8
1	9
1	6
3	7
10	2
8	4
9	5
3	12
3	13
6	15
7	11
3	14
# tree 294
0	1
1	3
3	10
10	8
1	9
3	6
1	7
10	2
8	4
9	5
3	12
3	13
6	15
7	11
3	14
# tree 295
0	1
1	3
3	10
3	7
1	9
10	8
3	6
7	14
10	2
9	5
3	12
3	13
7	11
3	15
0	4
# tree 296
0	1
1	3
3	10
3	7
1	9
10	8
3	6
7	14
10	2
9	5
3	12
3	13
7	11
3	15
1	4
# tree 297
0	1
1	3
3	10
3	7
1	9
10	8
3	6
7	14
10	2
9	5
3	12
3	13
7	11
3	15
10	4
# tree 298
0	1
1	3
3	10
3	7
1	9
10	8
3	6
7	14
10	2
9	5
3	12
3	13
7	11
3	15
3	4
# tree 299
0	1
1	3
3	10
3	7
10	8
1	9
3	6
7	14
10	2
8	4
3	12
3	13
7	11
3	15
3	5
# tree 300
0	1
1	3
3	10
3	7
10	8
1	9
7	14
10	2
8	4
9	5
3	12
3	13
7	11
3	15
1	6
# tree 301
0	1
1	3
3	10
1	7
10	8
1	9
3	6
7	14
10	2
8	4
9	5
3	12
3	13
7	11
3	15
# tree 302
0	1
1	3
3	10
3	7
3	6
1	9
10	8
7	14
10	2
3	12
3	13
6	15
7	11
3	4
3	5
# tree 303
0	1
1	3
3	10
3	7
1	9
1	6
10	8
7	14
10	2
9	5
3	12
3	13
6	15
7	11
3	4
# tree 304
0	1
1	3
3	10
1	7
1	9
3	6
10	8
7	14
10	2
9	5
3	12
3	13
6	15
7	11
3	4
# tree 305
0	1
1	3
3	10
3	7
10	8
1	6
1	9
7	14
10	2
8	4
3	12
3	13
6	15
7	11
3	5
# tree 306
0	1
1	3
3	10
1	7
10	8
3	6
1	9
7	14
10	2
8	4
3	12
3	13
6	15
7	11
3	5
# tree 307
0	1
1	3
3	10
1	7
10	8
1	9
1	6
7	14
10	2
8	4
9	5
3	12
3	13
6	15
7	11
# tree 308
0	1
1	3
3	10
1	9
3	14
10	8
3	6
3	7
10	2
9	5
14	11
3	12
3	13
3	15
0	4
# tree 309
0	1
1	3
3	10
1	9
3	14
10	8
3	6
3	7
10	2
9	5
14	11
3	12
3	13
3	15
1	4
# tree 310
0	1
1	3
3	10
1	9
3	14
10	8
3	6
3	7
10	2
9	5
14	11
3	12
3	13
3	15
10	4
# tree 311
0	1
1	3
3	10
1	9
3	14
10	8
3	6
3	7
10	2
9	5
14	11
3	12
3	13
3	15
3	4
# tree 312
0	1
1	3
3	10
10	8
3	14
1	9
3	6
3	7
10	2
8	4
14	11
3	12
3	13
3	15
3	5
# tree 313
0	1
1	3
3	10
10	8
1	9
3	14
3	7
10	2
8	4
9	5
14	11
3	12
3	13
3	15
1	6
# tree 314
0	1
1	3
3	10
10	8
1	9
3	14
3	6
10	2
8	4
9	5
14	11
3	12
3	13
3	15
1	7
# tree 315
0	1
1	3
3	10
3	14
3	6
1	9
10	8
3	7
10	2
14	11
3	12
3	13
6	15
3	4
3	5
# tree 316
0	1
1	3
3	10
1	9
3	14
1	6
10	8
3	7
10	2
9	5
14	11
3	12
3	13
6	15
3	4
# tree 317
0	1
1	3
3	10
1	9
3	14
3	6
10	8
10	2
9	5
14	11
3	12
3	13
6	15
3	4
1	7
# tree 318
0	1
1	3
3	10
10	8
3	14
1	6
1	9
3	7
10	2
8	4
14	11
3	12
3	13
6	15
3	5
# tree 319
0	1
1	3
3	10
10	8
3	14
3	6
1	9
10	2
8	4
14	11
3	12
3	13
6	15
3	5
1	7
# tree 320
0	1
1	3
3	10
10	8
1	9
3	14
1	6
10	2
8	4
9	5
14	11
3	12
3	13
6	15
1	7
# tree 321
0	1
1	3
3	7
3	10
7	14
1	9
10	8
3	6
10	2
14	11
3	12
3	13
3	15
3	4
3	5
# tree 322
0	1
1	3
3	7
3	10
1	9
7	14
10	8
10	2
9	5
14	11
3	12
3	13
3	15
3	4
1	6
# tree 323
0	1
1	3
1	7
3	10
1	9
7	14
10	8
3	6
10	2
9	5
14	11
3	12
3	13
3	15
3	4
# tree 324
0	1
1	3
3	10
3	7
10	8
7	14
1	9
10	2
8	4
14	11
3	12
3	13
3	15
3	5
1	6
# tree 325
0	1
1	3
3	10
1	7
10	8
7	14
1	9
3	6
10	2
8	4
14	11
3	12
3	13
3	15
3	5
# tree 326
0	1
1	3
3	10
1	7
10	8
1	9
7	14
10	2
8	4
9	5
14	11
3	12
3	13
3	15
1	6
# tree 327
0	1
1	3
3	7
3	10
7	14
1	6
1	9
10	8
10	2
14	11
3	12
3	13
6	15
3	4
3	5
# tree 328
0	1
1	3
1	7
3	10
7	14
3	6
1	9
10	8
10	2
14	11
3	12
3	13
6	15
3	4
3	5
# tree 329
0	1
1	3
1	7
3	10
1	9
7	14
1	6
10	8
10	2
9	5
14	11
3	12
3	13
6	15
3	4
# tree 330
0	1
1	3
3	10
1	7
10	8
7	14
1	6
1	9
10	2
8	4
14	11
3	12
3	13
6	15
3	5
# tree 331
0	1
1	3
3	10
3	9
3	7
10	8
3	6
10	2
9	5
3	12
3	13
7	11
3	14
3	15
0	4
# tree 332
0	1
1	3
3	10
3	9
3	7
10	8
3	6
10	2
9	5
3	12
3	13
7	11
3	14
3	15
1	4
# tree 333
0	1
1	3
3	10
3	9
3	7
10	8
3	6
10	2
9	5
3	12
3	13
7	11
3	14
3	15
10	4
# tree 334
0	1
1	3
3	10
3	9
3	7
10	8
3	6
10	2
9	5
3	12
3	13
7	11
3	14
3	15
3	4
# tree 335
0	1
1	3
3	10
10	8
3	7
3	9
3	6
10	2
8	4
3	12
3	13
7	11
3	14
3	15
1	5
# tree 336
0	1
1	3
3	10
10	8
3	7
3	9
3	6
10	2
8	4
3	12
3	13
7	11
3	14
3	15
3	5
# tree 337
0	1
1	3
3	10
10	8
3	9
3	7
10	2
8	4
9	5
3	12
3	13
7	11
3	14
3	15
1	6
# tree 338
0	1
1	3
3	10
10	8
3	9
1	7
3	6
10	2
8	4
9	5
3	12
3	13
7	11
3	14
3	15
# tree 339
0	1
1	3
3	10
3	6
3	7
3	9
10	8
10	2
3	12
3	13
6	15
7	11
3	14
3	4
1	5
# tree 340
0	1
1	3
3	10
3	6
3	7
3	9
10	8
10	2
3	12
3	13
6	15
7	11
3	14
3	4
3	5
# tree 341
0	1
1	3
3	10
3	9
1	6
3	7
10	8
10	2
9	5
3	12
3	13
6	15
7	11
3	14
3	4
# tree 342
0	1
1	3
3	10
3	9
3	6
1	7
10	8
10	2
9	5
3	12
3	13
6	15
7	11
3	14
3	4
# tree 343
0	1
1	3
3	10
10	8
1	6
3	7
3	9
10	2
8	4
3	12
3	13
6	15
7	11
3	14
3	5
# tree 344
0	1
1	3
3	10
10	8
3	6
1	7
3	9
10	2
8	4
3	12
3	13
6	15
7	11
3	14
3	5
# tree 345
0	1
1	3
3	10
10	8
3	9
1	6
1	7
10	2
8	4
9	5
3	12
3	13
6	15
7	11
3	14
# tree 346
0	1
1	3
3	10
3	7
3	9
10	8
3	6
7	14
10	2
3	12
3	13
7	11
3	15
3	4
1	5
# tree 347
0	1
1	3
3	10
3	7
3	9
10	8
3	6
7	14
10	2
3	12
3	13
7	11
3	15
3	4
3	5
# tree 348
0	1
1	3
3	10
3	7
3	9
10	8
7	14
10	2
9	5
3	12
3	13
7	11
3	15
3	4
1	6
# tree 349
0	1
1	3
3	10
1	7
3	9
10	8
3	6
7	14
10	2
9	5
3	12
3	13
7	11
3	15
3	4
# tree 350
0	1
1	3
3	10
3	7
10	8
3	9
7	14
10	2
8	4
3	12
3	13
7	11
3	15
3	5
1	6
# tree 351
0	1
1	3
3	10
1	7
10	8
3	9
3	6
7	14
10	2
8	4
3	12
3	13
7	11
3	15
3	5
# tree 352
0	1
1	3
3	10
1	7
10	8
3	9
7	14
10	2
8	4
9	5
3	12
3	13
7	11
3	15
1	6
# tree 353
0	1
1	3
3	10
3	7
1	6
3	9
10	8
7	14
10	2
3	12
3	13
6	15
7	11
3	4
3	5
# tree 354
0	1
1	3
3	10
1	7
3	6
3	9
10	8
7	14
10	2
3	12
3	13
6	15
7	11
3	4
3	5
# tree 355
0	1
1	3
3	10
1	7
3	9
1	6
10	8
7	14
10	2
9	5
3	12
3	13
6	15
7	11
3	4
# tree 356
0	1
1	3
3	10
1	7
10	8
1	6
3	9
7	14
10	2
8	4
3	12
3	13
6	15
7	11
3	5
# tree 357
0	1
1	3
3	10
3	14
3	9
10	8
3	6
3	7
10	2
14	11
3	12
3	13
3	15
3	4
1	5
# tree 358
0	1
1	3
3	10
3	14
3	9
10	8
3	6
3	7
10	2
14	11
3	12
3	13
3	15
3	4
3	5
# tree 359
0	1
1	3
3	10
3	9
3	14
10	8
3	7
10	2
9	5
14	11
3	12
3	13
3	15
3	4
1	6
# tree 360
0	1
1	3
3	10
3	9
3	14
10	8
3	6
10	2
9	5
14	11
3	12
3	13
3	15
3	4
1	7
# tree 361
0	1
1	3
3	10
10	8
3	14
3	9
3	7
10	2
8	4
14	11
3	12
3	13
3	15
3	5
1	6
# tree 362
0	1
1	3
3	10
10	8
3	14
3	9
3	6
10	2
8	4
14	11
3	12
3	13
3	15
3	5
1	7
# tree 363
0	1
1	3
3	10
10	8
3	9
3	14
10	2
8	4
9	5
14	11
3	12
3	13
3	15
1	6
1	7
# tree 364
0	1
1	3
3	10
3	14
1	6
3	9
10	8
3	7
10	2
14	11
3	12
3	13
6	15
3	4
3	5
# tree 365
0	1
1	3
3	10
3	14
3	6
3	9
10	8
10	2
14	11
3	12
3	13
6	15
3	4
3	5
1	7
# tree 366
0	1
1	3
3	10
3	9
3	14
1	6
10	8
10	2
9	5
14	11
3	12
3	13
6	15
3	4
1	7
# tree 367
0	1
1	3
3	10
10	8
3	14
1	6
3	9
10	2
8	4
14	11
3	12
3	13
6	15
3	5
1	7
# tree 368
0	1
1	3
3	7
3	10
7	14
3	9
10	8
10	2
14	11
3	12
3	13
3	15
3	4
3	5
1	6
# tree 369
0	1
1	3
1	7
3	10
7	14
3	9
10	8
3	6
10	2
14	11
3	12
3	13
3	15
3	4
3	5
# tree 370
0	1
1	3
1	7
3	10
3	9
7	14
10	8
10	2
9	5
14	11
3	12
3	13
3	15
3	4
1	6
# tree 371
0	1
1	3
3	10
1	7
10	8
7	14
3	9
10	2
8	4
14	11
3	12
3	13
3	15
3	5
1	6
# tree 372
0	1
1	3
1	7
3	10
7	14
1	6
3	9
10	8
10	2
14	11
3	12
3	13
6	15
3	4
3	5
# tree 373
0	1
1	3
3	10
3	8
1	9
3	7
3	6
10	2
8	4
9	5
3	12
3	13
7	11
3	14
3	15
# tree 374
0	1
1	3
3	10
1	9
3	6
3	7
3	8
10	2
9	5
3	12
3	13
6	15
7	11
3	14
0	4
# tree 375
0	1
1	3
3	10
1	9
3	6
3	7
3	8
10	2
9	5
3	12
3	13
6	15
7	11
3	14
1	4
# tree 376
0	1
1	3
3	10
1	9
3	6
3	7
3	8
10	2
9	5
3	12
3	13
6	15
7	11
3	14
10	4
# tree 377
0	1
1	3
3	10
1	9
3	6
3	7
3	8
10	2
9	5
3	12
3	13
6	15
7	11
3	14
3	4
# tree 378
0	1
1	3
3	10
3	8
3	6
3	7
1	9
10	2
8	4
3	12
3	13
6	15
7	11
3	14
3	5
# tree 379
0	1
1	3
3	10
3	8
1	9
1	6
3	7
10	2
8	4
9	5
3	12
3	13
6	15
7	11
3	14
# tree 380
0	1
1	3
3	10
3	8
1	9
3	6
1	7
10	2
8	4
9	5
3	12
3	13
6	15
7	11
3	14
# tree 381
0	1
1	3
3	7
3	10
1	9
3	8
3	6
7	14
10	2
9	5
3	12
3	13
7	11
3	15
0	4
# tree 382
0	1
1	3
3	7
3	10
1	9
3	8
3	6
7	14
10	2
9	5
3	12
3	13
7	11
3	15
1	4
# tree 383
0	1
1	3
3	7
3	10
1	9
3	8
3	6
7	14
10	2
9	5
3	12
3	13
7	11
3	15
10	4
# tree 384
0	1
1	3
3	7
3	10
1	9
3	8
3	6
7	14
10	2
9	5
3	12
3	13
7	11
3	15
3	4
# tree 385
0	1
1	3
3	7
3	10
3	8
1	9
3	6
7	14
10	2
8	4
3	12
3	13
7	11
3	15
3	5
# tree 386
0	1
1	3
3	7
3	10
3	8
1	9
7	14
10	2
8	4
9	5
3	12
3	13
7	11
3	15
1	6
# tree 387
0	1
1	3
1	7
3	10
3	8
1	9
3	6
7	14
10	2
8	4
9	5
3	12
3	13
7	11
3	15
# tree 388
0	1
1	3
3	7
3	10
3	6
1	9
3	8
7	14
10	2
3	12
3	13
6	15
7	11
3	4
3	5
# tree 389
0	1
1	3
3	7
3	10
1	9
1	6
3	8
7	14
10	2
9	5
3	12
3	13
6	15
7	11
3	4
# tree 390
0	1
1	3
1	7
3	10
1	9
3	6
3	8
7	14
10	2
9	5
3	12
3	13
6	15
7	11
3	4
# tree 391
0	1
1	3
3	7
3	10
3	8
1	6
1	9
7	14
10	2
8	4
3	12
3	13
6	15
7	11
3	5
# tree 392
0	1
1	3
1	7
3	10
3	8
3	6
1	9
7	14
10	2
8	4
3	12
3	13
6	15
7	11
3	5
# tree 393
0	1
1	3
1	7
3	10
3	8
1	9
1	6
7	14
10	2
8	4
9	5
3	12
3	13
6	15
7	11
# tree 394
0	1
1	3
3	10
1	9
3	14
3	8
3	6
3	7
10	2
9	5
14	11
3	12
3	13
3	15
0	4
# tree 395
0	1
1	3
3	10
1	9
3	14
3	8
3	6
3	7
10	2
9	5
14	11
3	12
3	13
3	15
1	4
# tree 396
0	1
1	3
3	10
1	9
3	14
3	8
3	6
3	7
10	2
9	5
14	11
3	12
3	13
3	15
10	4
# tree 397
0	1
1	3
3	10
1	9
3	14
3	8
3	6
3	7
10	2
9	5
14	11
3	12
3	13
3	15
3	4
# tree 398
0	1
1	3
3	10
3	8
3	14
1	9
3	6
3	7
10	2
8	4
14	11
3	12
3	13
3	15
3	5
# tree 399
0	1
1	3
3	10
3	8
1	9
3	14
3	7
10	2
8	4
9	5
14	11
3	12
3	13
3	15
1	6
# tree 400
0	1
1	3
3	10
3	8
1	9
3	14
3	6
10	2
8	4
9	5
14	11
3	12
3	13
3	15
1	7
# tree 401
0	1
1	3
3	10
3	14
3	6
1	9
3	8
3	7
10	2
14	11
3	12
3	13
6	15
3	4
3	5
# tree 402
0	1
1	3
3	10
1	9
3	14
1	6
3	8
3	7
10	2
9	5
14	11
3	12
3	13
6	15
3	4
# tree 403
0	1
1	3
3	10
1	9
3	14
3	6
3	8
10	2
9	5
14	11
3	12
3	13
6	15
3	4
1	7
# tree 404
0	1
1	3
3	10
3	8
3	14
1	6
1	9
3	7
10	2
8	4
14	11
3	12
3	13
6	15
3	5
# tree 405
0	1
1	3
3	10
3	8
3	14
3	6
1	9
10	2
8	4
14	11
3	12
3	13
6	15
3	5
1	7
# tree 406
0	1
1	3
3	10
3	8
1	9
3	14
1	6
10	2
8	4
9	5
14	11
3	12
3	13
6	15
1	7
# tree 407
0	1
1	3
3	7
3	10
7	14
1	9
3	8
3	6
10	2
14	11
3	12
3	13
3	15
3	4
3	5
# tree 408
0	1
1	3
3	7
3	10
1	9
7	14
3	8
10	2
9	5
14	11
3	12
3	13
3	15
3	4
1	6
# tree 409
0	1
1	3
1	7
3	10
1	9
7	14
3	8
3	6
10	2
9	5
14	11
3	12
3	13
3	15
3	4
# tree 410
0	1
1	3
3	7
3	10
3	8
7	14
1	9
10	2
8	4
14	11
3	12
3	13
3	15
3	5
1	6
# tree 411
0	1
1	3
1	7
3	10
3	8
7	14
1	9
3	6
10	2
8	4
14	11
3	12
3	13
3	15
3	5
# tree 412
0	1
1	3
1	7
3	10
3	8
1	9
7	14
10	2
8	4
9	5
14	11
3	12
3	13
3	15
1	6
# tree 413
0	1
1	3
3	7
3	10
7	14
1	6
1	9
3	8
10	2
14	11
3	12
3	13
6	15
3	4
3	5
# tree 414
0	1
1	3
1	7
3	10
7	14
3	6
1	9
3	8
10	2
14	11
3	12
3	13
6	15
3	4
3	5
# tree 415
0	1
1	3
1	7
3	10
1	9
7	14
1	6
3	8
10	2
9	5
14	11
3	12
3	13
6	15
3	4
# tree 416
0	1
1	3
1	7
3	10
3	8
7	14
1	6
1	9
10	2
8	4
14	11
3	12
3	13
6	15
3	5
# tree 417
0	1
1	3
3	10
3	9
3	7
3	8
3	6
10	2
9	5
3	12
3	13
7	11
3	14
3	15
0	4
# tree 418
0	1
1	3
3	10
3	9
3	7
3	8
3	6
10	2
9	5
3	12
3	13
7	11
3	14
3	15
1	4
# tree 419
0	1
1	3
3	10
3	9
3	7
3	8
3	6
10	2
9	5
3	12
3	13
7	11
3	14
3	15
10	4
# tree 420
0	1
1	3
3	10
3	9
3	7
3	8
3	6
10	2
9	5
3	12
3	13
7	11
3	14
3	15
3	4
# tree 421
0	1
1	3
3	10
3	8
3	7
3	9
3	6
10	2
8	4
3	12
3	13
7	11
3	14
3	15
1	5
# tree 422
0	1
1	3
3	10
3	8
3	7
3	9
3	6
10	2
8	4
3	12
3	13
7	11
3	14
3	15
3	5
# tree 423
0	1
1	3
3	10
3	8
3	9
3	7
10	2
8	4
9	5
3	12
3	13
7	11
3	14
3	15
1	6
# tree 424
0	1
1	3
3	10
3	8
3	9
1	7
3	6
10	2
8	4
9	5
3	12
3	13
7	11
3	14
3	15
# tree 425
0	1
1	3
3	10
3	6
3	7
3	9
3	8
10	2
3	12
3	13
6	15
7	11
3	14
3	4
1	5
# tree 426
0	1
1	3
3	10
3	6
3	7
3	9
3	8
10	2
3	12
3	13
6	15
7	11
3	14
3	4
3	5
# tree 427
0	1
1	3
3	10
3	9
1	6
3	7
3	8
10	2
9	5
3	12
3	13
6	15
7	11
3	14
3	4
# tree 428
0	1
1	3
3	10
3	9
3	6
1	7
3	8
10	2
9	5
3	12
3	13
6	15
7	11
3	14
3	4
# tree 429
0	1
1	3
3	10
3	8
1	6
3	7
3	9
10	2
8	4
3	12
3	13
6	15
7	11
3	14
3	5
# tree 430
0	1
1	3
3	10
3	8
3	6
1	7
3	9
10	2
8	4
3	12
3	13
6	15
7	11
3	14
3	5
# tree 431
0	1
1	3
3	10
3	8
3	9
1	6
1	7
10	2
8	4
9	5
3	12
3	13
6	15
7	11
3	14
# tree 432
0	1
1	3
3	7
3	10
3	9
3	8
3	6
7	14
10	2
3	12
3	13
7	11
3	15
3	4
1	5
# tree 433
0	1
1	3
3	7
3	10
3	9
3	8
3	6
7	14
10	2
3	12
3	13
7	11
3	15
3	4
3	5
# tree 434
0	1
1	3
3	7
3	10
3	9
3	8
7	14
10	2
9	5
3	12
3	13
7	11
3	15
3	4
1	6
# tree 435
0	1
1	3
1	7
3	10
3	9
3	8
3	6
7	14
10	2
9	5
3	12
3	13
7	11
3	15
3	4
# tree 436
0	1
1	3
3	7
3	10
3	8
3	9
7	14
10	2
8	4
3	12
3	13
7	11
3	15
3	5
1	6
# tree 437
0	1
1	3
1	7
3	10
3	8
3	9
3	6
7	14
10	2
8	4
3	12
3	13
7	11
3	15
3	5
# tree 438
0	1
1	3
1	7
3	10
3	8
3	9
7	14
10	2
8	4
9	5
3	12
3	13
7	11
3	15
1	6
# tree 439
0	1
1	3
3	7
3	10
1	6
3	9
3	8
7	14
10	2
3	12
3	13
6	15
7	11
3	4
3	5
# tree 440
0	1
1	3
1	7
3	10
3	6
3	9
3	8
7	14
10	2
3	12
3	13
6	15
7	11
3	4
3	5
# tree 441
0	1
1	3
1	7
3	10
3	9
1	6
3	8
7	14
10	2
9	5
3	12
3	13
6	15
7	11
3	4
# tree 442
0	1
1	3
1	7
3	10
3	8
1	6
3	9
7	14
10	2
8	4
3	12
3	13
6	15
7	11
3	5
# tree 443
0	1
1	3
3	10
3	14
3	9
3	8
3	6
3	7
10	2
14	11
3	12
3	13
3	15
3	4
1	5
# tree 444
0	1
1	3
3	10
3	14
3	9
3	8
3	6
3	7
10	2
14	11
3	12
3	13
3	15
3	4
3	5
# tree 445
0	1
1	3
3	10
3	9
3	14
3	8
3	7
10	2
9	5
14	11
3	12
3	13
3	15
3	4
1	6
# tree 446
0	1
1	3
3	10
3	9
3	14
3	8
3	6
10	2
9	5
14	11
3	12
3	13
3	15
3	4
1	7
# tree 447
0	1
1	3
3	10
3	8
3	14
3	9
3	7
10	2
8	4
14	11
3	12
3	13
3	15
3	5
1	6
# tree 448
0	1
1	3
3	10
3	8
3	14
3	9
3	6
10	2
8	4
14	11
3	12
3	13
3	15
3	5
1	7
# tree 449
0	1
1	3
3	10
3	8
3	9
3	14
10	2
8	4
9	5
14	11
3	12
3	13
3	15
1	6
1	7
# tree 450
0	1
1	3
3	10
3	14
1	6
3	9
3	8
3	7
10	2
14	11
3	12
3	13
6	15
3	4
3	5
# tree 451
0	1
1	3
3	10
3	14
3	6
3	9
3	8
10	2
14	11
3	12
3	13
6	15
3	4
3	5
1	7
# tree 452
0	1
1	3
3	10
3	9
3	14
1	6
3	8
10	2
9	5
14	11
3	12
3	13
6	15
3	4
1	7
# tree 453
0	1
1	3
3	10
3	8
3	14
1	6
3	9
10	2
8	4
14	11
3	12
3	13
6	15
3	5
1	7
# tree 454
0	1
1	3
3	7
3	10
7	14
3	9
3	8
10	2
14	11
3	12
3	13
3	15
3	4
3	5
1	6
# tree 455
0	1
1	3
1	7
3	10
7	14
3	9
3	8
3	6
10	2
14	11
3	12
3	13
3	15
3	4
3	5
# tree 456
0	1
1	3
1	7
3	10
3	9
7	14
3	8
10	2
9	5
14	11
3	12
3	13
3	15
3	4
1	6
# tree 457
0	1
1	3
1	7
3	10
3	8
7	14
3	9
10	2
8	4
14	11
3	12
3	13
3	15
3	5
1	6
# tree 458
0	1
1	3
1	7
3	10
7	14
1	6
3	9
3	8
10	2
14	11
3	12
3	13
6	15
3	4
3	5
# tree 459
0	1
1	3
3	10
1	9
3	7
10	8
3	6
10	2
9	5
3	12
3	13
7	11
3	14
3	15
0	4
# tree 460
0	1
1	3
3	10
1	9
3	7
10	8
3	6
10	2
9	5
3	12
3	13
7	11
3	14
3	15
1	4
# tree 461
0	1
1	3
3	10
1	9
3	7
10	8
3	6
10	2
9	5
3	12
3	13
7	11
3	14
3	15
10	4
# tree 462
0	1
1	3
3	10
1	9
3	7
10	8
3	6
10	2
9	5
3	12
3	13
7	11
3	14
3	15
3	4
# tree 463
0	1
1	3
3	10
10	8
3	7
1	9
3	6
10	2
8	4
3	12
3	13
7	11
3	14
3	15
3	5
# tree 464
0	1
1	3
3	10
10	8
1	9
3	7
10	2
8	4
9	5
3	12
3	13
7	11
3	14
3	15
1	6
# tree 465
0	1
1	3
3	10
10	8
1	9
1	7
3	6
10	2
8	4
9	5
3	12
3	13
7	11
3	14
3	15
# tree 466
0	1
1	3
3	10
3	6
3	7
1	9
10	8
10	2
3	12
3	13
6	15
7	11
3	14
3	4
3	5
# tree 467
0	1
1	3
3	10
1	9
1	6
3	7
10	8
10	2
9	5
3	12
3	13
6	15
7	11
3	14
3	4
# tree 468
0	1
1	3
3	10
1	9
3	6
1	7
10	8
10	2
9	5
3	12
3	13
6	15
7	11
3	14
3	4
# tree 469
0	1
1	3
3	10
10	8
1	6
3	7
1	9
10	2
8	4
3	12
3	13
6	15
7	11
3	14
3	5
# tree 470
0	1
1	3
3	10
10	8
3	6
1	7
1	9
10	2
8	4
3	12
3	13
6	15
7	11
3	14
3	5
# tree 471
0	1
1	3
3	10
10	8
1	9
1	6
1	7
10	2
8	4
9	5
3	12
3	13
6	15
7	11
3	14
# tree 472
0	1
1	3
3	10
3	7
1	9
10	8
3	6
7	14
10	2
3	12
3	13
7	11
3	15
3	4
3	5
# tree 473
0	1
1	3
3	10
3	7
1	9
10	8
7	14
10	2
9	5
3	12
3	13
7	11
3	15
3	4
1	6
# tree 474
0	1
1	3
3	10
1	7
1	9
10	8
3	6
7	14
10	2
9	5
3	12
3	13
7	11
3	15
3	4
# tree 475
0	1
1	3
3	10
3	7
10	8
1	9
7	14
10	2
8	4
3	12
3	13
7	11
3	15
3	5
1	6
# tree 476
0	1
1	3
3	10
1	7
10	8
1	9
3	6
7	14
10	2
8	4
3	12
3	13
7	11
3	15
3	5
# tree 477
0	1
1	3
3	10
1	7
10	8
1	9
7	14
10	2
8	4
9	5
3	12
3	13
7	11
3	15
1	6
# tree 478
0	1
1	3
3	10
3	7
1	6
1	9
10	8
7	14
10	2
3	12
3	13
6	15
7	11
3	4
3	5
# tree 479
0	1
1	3
3	10
1	7
3	6
1	9
10	8
7	14
10	2
3	12
3	13
6	15
7	11
3	4
3	5
# tree 480
0	1
1	3
3	10
1	7
1	9
1	6
10	8
7	14
10	2
9	5
3	12
3	13
6	15
7	11
3	4
# tree 481
0	1
1	3
3	10
1	7
10	8
1	6
1	9
7	14
10	2
8	4
3	12
3	13
6	15
7	11
3	5
# tree 482
0	1
1	3
3	10
3	14
1	9
10	8
3	6
3	7
10	2
14	11
3	12
3	13
3	15
3	4
3	5
# tree 483
0	1
1	3
3	10
1	9
3	14
10	8
3	7
10	2
9	5
14	11
3	12
3	13
3	15
3	4
1	6
# tree 484
0	1
1	3
3	10
1	9
3	14
10	8
3	6
10	2
9	5
14	11
3	12
3	13
3	15
3	4
1	7
# tree 485
0	1
1	3
3	10
10	8
3	14
1	9
3	7
10	2
8	4
14	11
3	12
3	13
3	15
3	5
1	6
# tree 486
0	1
1	3
3	10
10	8
3	14
1	9
3	6
10	2
8	4
14	11
3	12
3	13
3	15
3	5
1	7
# tree 487
0	1
1	3
3	10
10	8
1	9
3	14
10	2
8	4
9	5
14	11
3	12
3	13
3	15
1	6
1	7
# tree 488
0	1
1	3
3	10
3	14
1	6
1	9
10	8
3	7
10	2
14	11
3	12
3	13
6	15
3	4
3	5
# tree 489
0	1
1	3
3	10
3	14
3	6
1	9
10	8
10	2
14	11
3	12
3	13
6	15
3	4
3	5
1	7
# tree 490
0	1
1	3
3	10
1	9
3	14
1	6
10	8
10	2
9	5
14	11
3	12
3	13
6	15
3	4
1	7
# tree 491
0	1
1	3
3	10
10	8
3	14
1	6
1	9
10	2
8	4
14	11
3	12
3	13
6	15
3	5
1	7
# tree 492
0	1
1	3
3	7
3	10
7	14
1	9
10	8
10	2
14	11
3	12
3	13
3	15
3	4
3	5
1	6
# tree 493
0	1
1	3
1	7
3	10
7	14
1	9
10	8
3	6
10	2
14	11
3	12
3	13
3	15
3	4
3	5
# tree 494
0	1
1	3
1	7
3	10
1	9
7	14
10	8
10	2
9	5
14	11
3	12
3	13
3	15
3	4
1	6
# tree 495
0	1
1	3
3	10
1	7
10	8
7	14
1	9
10	2
8	4
14	11
3	12
3	13
3	15
3	5
1	6
# tree 496
0	1
1	3
1	7
3	10
7	14
1	6
1	9
10	8
10	2
14	11
3	12
3	13
6	15
3	4
3	5
# tree 497
0	1
1	3
3	10
3	7
3	9
10	8
3	6
10	2
3	12
3	13
7	11
3	14
3	15
3	4
1	5
# tree 498
0	1
1	3
3	10
3	7
3	9
10	8
3	6
10	2
3	12
3	13
7	11
3	14
3	15
3	4
3	5
# tree 499
0	1
1	3
3	10
3	9
3	7
10	8
10	2
9	5
3	12
3	13
7	11
3	14
3	15
3	4
1	6
# tree 500
0	1
1	3
3	10
3	9
1	7
10	8
3	6
10	2
9	5
3	12
3	13
7	11
3	14
3	15
3	4
# tree 501
0	1
1	3
3	10
10	8
3	7
3	9
10	2
8	4
3	12
3	13
7	11
3	14
3	15
3	5
1	6
# tree 502
0	1
1	3
3	10
10	8
1	7
3	9
3	6
10	2
8	4
3	12
3	13
7	11
3	14
3	15
3	5
# tree 503
0	1
1	3
3	10
10	8
3	9
1	7
10	2
8	4
9	5
3	12
3	13
7	11
3	14
3	15
1	6
# tree 504
0	1
1	3
3	10
1	6
3	7
3	9
10	8
10	2
3	12
3	13
6	15
7	11
3	14
3	4
3	5
# tree 505
0	1
1	3
3	10
3	6
1	7
3	9
10	8
10	2
3	12
3	13
6	15
7	11
3	14
3	4
3	5
# tree 506
0	1
1	3
3	10
3	9
1	6
1	7
10	8
10	2
9	5
3	12
3	13
6	15
7	11
3	14
3	4
# tree 507
0	1
1	3
3	10
10	8
1	6
1	7
3	9
10	2
8	4
3	12
3	13
6	15
7	11
3	14
3	5
# tree 508
0	1
1	3
3	10
3	7
3	9
10	8
7	14
10	2
3	12
3	13
7	11
3	15
3	4
3	5
1	6
# tree 509
0	1
1	3
3	10
1	7
3	9
10	8
3	6
7	14
10	2
3	12
3	13
7	11
3	15
3	4
3	5
# tree 510
0	1
1	3
3	10
1	7
3	9
10	8
7	14
10	2
9	5
3	12
3	13
7	11
3	15
3	4
1	6
# tree 511
0	1
1	3
3	10
1	7
10	8
3	9
7	14
10	2
8	4
3	12
3	13
7	11
3	15
3	5
1	6
# tree 512
0	1
1	3
3	10
1	7
1	6
3	9
10	8
7	14
10	2
3	12
3	13
6	15
7	11
3	4
3	5
# tree 513
0	1
1	3
3	10
3	14
3	9
10	8
3	7
10	2
14	11
3	12
3	13
3	15
3	4
3	5
1	6
# tree 514
0	1
1	3
3	10
3	14
3	9
10	8
3	6
10	2
14	11
3	12
3	13
3	15
3	4
3	5
1	7
# tree 515
0	1
1	3
3	10
3	9
3	14
10	8
10	2
9	5
14	11
3	12
3	13
3	15
3	4
1	6
1	7
# tree 516
0	1
1	3
3	10
10	8
3	14
3	9
10	2
8	4
14	11
3	12
3	13
3	15
3	5
1	6
1	7
# tree 517
0	1
1	3
3	10
3	14
1	6
3	9
10	8
10	2
14	11
3	12
3	13
6	15
3	4
3	5
1	7
# tree 518
0	1
1	3
1	7
3	10
7	14
3	9
10	8
10	2
14	11
3	12
3	13
3	15
3	4
3	5
1	6
