### 448 trees
# tree 1
1	2
27	4
10	5
14	7
19	8
10	9
15	10
5	12
7	13
15	14
1	15
2	18
18	19
15	20
9	22
20	24
24	27
4	3
8	6
13	21
22	23
12	25
# tree 2
24	27
15	10
15	14
18	19
1	15
10	5
14	7
1	2
2	18
10	9
15	20
20	24
19	8
7	13
9	22
5	12
27	4
8	6
13	21
22	23
12	25
27	3
# tree 3
24	27
15	10
15	14
18	19
1	15
10	5
14	7
1	2
2	18
10	9
15	20
20	24
19	8
7	13
9	22
5	12
27	4
8	6
13	21
22	23
12	25
14	3
# tree 4
15	10
15	14
18	19
1	15
10	5
14	7
1	2
2	18
10	9
15	20
20	24
20	4
19	8
7	13
9	22
5	12
24	27
4	3
8	6
13	21
22	23
12	25
# tree 5
15	10
15	14
18	19
1	15
10	5
14	7
1	2
2	18
10	9
15	20
20	24
24	4
19	8
7	13
9	22
5	12
24	27
4	3
8	6
13	21
22	23
12	25
# tree 6
24	27
15	14
18	19
15	10
1	15
15	5
14	7
1	2
2	18
10	9
15	20
20	24
27	4
19	8
7	13
9	22
5	12
4	3
8	6
13	21
22	23
12	25
# tree 7
24	27
15	10
15	14
18	19
1	15
10	5
14	7
1	2
2	18
10	9
15	20
20	24
27	4
7	13
9	22
5	12
19	8
4	3
13	21
22	23
12	25
19	6
# tree 8
24	27
15	10
15	14
18	19
1	15
10	5
14	7
1	2
2	18
10	9
15	20
20	24
27	4
7	13
9	22
5	12
19	8
4	3
13	21
22	23
12	25
2	6
# tree 9
24	27
15	10
15	14
18	19
1	15
10	5
14	7
1	2
2	18
10	9
15	20
20	24
27	4
7	13
9	22
5	12
19	8
4	3
13	21
22	23
12	25
18	6
# tree 10
24	27
15	10
15	14
1	15
10	5
14	7
1	2
2	18
10	9
15	20
20	24
27	4
2	8
7	13
9	22
5	12
18	19
4	3
8	6
13	21
22	23
12	25
# tree 11
24	27
15	10
15	14
1	15
10	5
14	7
1	2
2	18
10	9
15	20
20	24
27	4
18	8
7	13
9	22
5	12
18	19
4	3
8	6
13	21
22	23
12	25
# tree 12
24	27
15	10
15	14
18	19
1	15
14	7
1	2
2	18
10	9
15	20
20	24
27	4
19	8
7	13
9	22
10	12
10	5
4	3
8	6
13	21
22	23
12	25
# tree 13
24	27
15	10
15	14
18	19
1	15
10	5
14	7
1	2
2	18
15	20
20	24
27	4
19	8
7	13
10	22
5	12
10	9
4	3
8	6
13	21
22	23
12	25
# tree 14
24	27
15	10
15	14
18	19
1	15
10	5
14	7
1	2
2	18
10	9
15	20
20	24
27	4
19	8
7	13
5	12
9	22
4	3
8	6
13	21
12	25
10	23
# tree 15
24	27
15	10
15	14
18	19
1	15
10	5
14	7
1	2
2	18
10	9
15	20
20	24
27	4
19	8
7	13
5	12
9	22
4	3
8	6
13	21
12	25
15	23
# tree 16
24	27
15	10
15	14
18	19
1	15
10	5
14	7
1	2
2	18
10	9
15	20
20	24
27	4
19	8
7	13
5	12
9	22
4	3
8	6
13	21
12	25
9	23
# tree 17
24	27
15	10
15	14
18	19
1	15
10	5
14	7
1	2
2	18
10	9
15	20
20	24
27	4
19	8
7	13
9	22
5	12
4	3
8	6
13	21
22	23
10	25
# tree 18
24	27
15	10
15	14
18	19
1	15
10	5
14	7
1	2
2	18
10	9
15	20
20	24
27	4
19	8
7	13
9	22
5	12
4	3
8	6
13	21
22	23
15	25
# tree 19
24	27
15	10
15	14
18	19
1	15
10	5
14	7
1	2
2	18
10	9
15	20
20	24
27	4
19	8
7	13
9	22
5	12
4	3
8	6
13	21
22	23
5	25
# tree 20
24	27
15	10
15	14
18	19
1	15
10	5
14	7
1	2
2	18
10	9
15	20
20	24
27	4
19	8
7	13
9	22
5	12
4	3
8	6
13	21
22	23
1	25
# tree 21
20	24
1	15
2	18
15	14
1	2
15	10
15	20
24	27
18	19
14	7
27	4
19	8
7	13
10	22
10	12
10	9
10	5
4	3
8	6
13	21
22	23
12	25
# tree 22
20	24
1	15
2	18
15	14
1	2
15	10
15	20
24	27
18	19
14	7
10	9
27	4
19	8
7	13
10	12
9	22
10	5
4	3
8	6
13	21
12	25
10	23
# tree 23
20	24
1	15
2	18
15	14
1	2
15	10
15	20
24	27
18	19
14	7
10	9
27	4
19	8
7	13
10	12
9	22
10	5
4	3
8	6
13	21
12	25
15	23
# tree 24
20	24
1	15
2	18
15	14
1	2
15	10
15	20
24	27
18	19
14	7
10	9
27	4
19	8
7	13
10	12
9	22
10	5
4	3
8	6
13	21
12	25
9	23
# tree 25
20	24
1	15
2	18
15	14
1	2
15	10
15	20
24	27
18	19
14	7
10	9
27	4
19	8
7	13
9	22
10	12
10	5
4	3
8	6
13	21
22	23
10	25
# tree 26
20	24
1	15
2	18
15	14
1	2
15	10
15	20
24	27
18	19
14	7
10	9
27	4
19	8
7	13
9	22
10	12
10	5
4	3
8	6
13	21
22	23
15	25
# tree 27
20	24
1	15
2	18
15	14
1	2
15	10
15	20
24	27
18	19
14	7
10	9
27	4
19	8
7	13
9	22
10	5
10	12
4	3
8	6
13	21
22	23
5	25
# tree 28
20	24
1	15
2	18
15	14
1	2
15	10
15	20
24	27
18	19
14	7
10	9
27	4
19	8
7	13
9	22
10	12
10	5
4	3
8	6
13	21
22	23
1	25
# tree 29
20	24
1	15
2	18
15	14
1	2
15	10
15	20
24	27
18	19
14	7
10	9
19	8
7	13
9	22
10	12
27	4
10	5
8	6
13	21
22	23
12	25
27	3
# tree 30
20	24
1	15
2	18
15	14
1	2
15	10
15	20
24	27
18	19
14	7
10	9
19	8
7	13
9	22
10	12
27	4
10	5
8	6
13	21
22	23
12	25
1	3
# tree 31
20	24
1	15
2	18
15	14
1	2
15	10
15	20
24	27
18	19
14	7
10	9
19	8
7	13
9	22
10	12
27	4
10	5
8	6
13	21
22	23
12	25
20	3
# tree 32
20	24
1	15
2	18
15	14
1	2
15	10
15	20
24	27
18	19
14	7
10	9
19	8
7	13
9	22
10	12
27	4
10	5
8	6
13	21
22	23
12	25
24	3
# tree 33
20	24
1	15
2	18
15	14
1	2
15	10
15	20
18	19
14	7
10	9
20	4
19	8
7	13
9	22
10	12
24	27
10	5
4	3
8	6
13	21
22	23
12	25
# tree 34
20	24
1	15
2	18
15	14
1	2
15	10
15	20
18	19
14	7
10	9
24	4
19	8
7	13
9	22
10	12
24	27
10	5
4	3
8	6
13	21
22	23
12	25
# tree 35
20	24
1	15
2	18
15	14
1	2
15	10
15	20
24	27
18	19
14	7
10	9
27	4
19	8
7	13
9	22
10	12
4	3
8	6
13	21
22	23
12	25
15	5
# tree 36
20	24
1	15
2	18
15	14
1	2
15	10
15	20
24	27
18	19
14	7
10	9
27	4
7	13
9	22
10	12
19	8
10	5
4	3
13	21
22	23
12	25
19	6
# tree 37
20	24
1	15
2	18
15	14
1	2
15	10
15	20
24	27
18	19
14	7
10	9
27	4
7	13
9	22
10	12
19	8
10	5
4	3
13	21
22	23
12	25
2	6
# tree 38
20	24
1	15
2	18
15	14
1	2
15	10
15	20
24	27
18	19
14	7
10	9
27	4
7	13
9	22
10	12
19	8
10	5
4	3
13	21
22	23
12	25
18	6
# tree 39
20	24
1	15
2	18
15	14
1	2
15	10
15	20
24	27
14	7
10	9
27	4
2	8
7	13
9	22
10	12
18	19
10	5
4	3
8	6
13	21
22	23
12	25
# tree 40
20	24
1	15
2	18
15	14
1	2
15	10
15	20
24	27
14	7
10	9
27	4
18	8
7	13
9	22
10	12
18	19
10	5
4	3
8	6
13	21
22	23
12	25
# tree 41
20	24
1	15
2	18
15	10
15	14
1	2
15	20
24	27
18	19
14	7
10	9
10	5
19	8
7	13
9	22
5	12
27	4
8	6
13	21
22	23
12	25
1	3
# tree 42
20	24
1	15
2	18
15	10
15	14
1	2
15	20
24	27
18	19
14	7
10	9
10	5
19	8
7	13
9	22
5	12
27	4
8	6
13	21
22	23
12	25
20	3
# tree 43
20	24
1	15
2	18
15	10
15	14
1	2
15	20
24	27
18	19
14	7
10	9
10	5
19	8
7	13
9	22
5	12
27	4
8	6
13	21
22	23
12	25
24	3
# tree 44
20	24
1	15
2	18
15	10
15	14
1	2
15	20
24	27
18	19
14	7
10	5
10	9
27	4
19	8
7	13
5	12
9	22
4	3
8	6
13	21
9	23
10	25
# tree 45
20	24
1	15
2	18
15	10
15	14
1	2
15	20
24	27
18	19
14	7
10	5
10	9
27	4
19	8
7	13
5	12
9	22
4	3
8	6
13	21
9	23
15	25
# tree 46
20	24
1	15
2	18
15	10
15	14
1	2
15	20
24	27
18	19
14	7
10	5
10	9
27	4
19	8
7	13
5	12
9	22
4	3
8	6
13	21
9	23
5	25
# tree 47
20	24
1	15
2	18
15	10
15	14
1	2
15	20
24	27
18	19
14	7
10	5
10	9
27	4
19	8
7	13
5	12
9	22
4	3
8	6
13	21
9	23
1	25
# tree 48
20	24
1	15
2	18
15	10
15	14
1	2
15	20
24	27
18	19
14	7
10	5
10	9
19	8
7	13
5	12
27	4
9	22
8	6
13	21
12	25
9	23
27	3
# tree 49
20	24
1	15
2	18
15	10
15	14
1	2
15	20
24	27
18	19
14	7
10	5
10	9
19	8
7	13
5	12
27	4
9	22
8	6
13	21
12	25
9	23
1	3
# tree 50
20	24
1	15
2	18
15	10
15	14
1	2
15	20
24	27
18	19
14	7
10	5
10	9
19	8
7	13
5	12
27	4
9	22
8	6
13	21
12	25
9	23
20	3
# tree 51
20	24
1	15
2	18
15	10
15	14
1	2
15	20
24	27
18	19
14	7
10	5
10	9
19	8
7	13
5	12
27	4
9	22
8	6
13	21
12	25
9	23
24	3
# tree 52
20	24
1	15
2	18
15	10
15	14
1	2
15	20
18	19
14	7
10	5
10	9
20	4
19	8
7	13
5	12
24	27
9	22
4	3
8	6
13	21
12	25
9	23
# tree 53
20	24
1	15
2	18
15	10
15	14
1	2
15	20
18	19
14	7
10	5
10	9
24	4
19	8
7	13
5	12
24	27
9	22
4	3
8	6
13	21
12	25
9	23
# tree 54
20	24
1	15
2	18
15	14
1	2
15	10
15	20
24	27
18	19
14	7
15	5
10	9
27	4
19	8
7	13
5	12
9	22
4	3
8	6
13	21
12	25
9	23
# tree 55
20	24
1	15
2	18
15	10
15	14
1	2
15	20
24	27
18	19
14	7
10	5
10	9
27	4
7	13
5	12
19	8
9	22
4	3
13	21
12	25
9	23
19	6
# tree 56
20	24
1	15
2	18
15	10
15	14
1	2
15	20
24	27
18	19
14	7
10	5
10	9
27	4
7	13
5	12
19	8
9	22
4	3
13	21
12	25
9	23
2	6
# tree 57
20	24
1	15
2	18
15	10
15	14
1	2
15	20
24	27
18	19
14	7
10	5
10	9
27	4
7	13
5	12
19	8
9	22
4	3
13	21
12	25
9	23
18	6
# tree 58
20	24
1	15
2	18
15	10
15	14
1	2
15	20
24	27
14	7
10	5
10	9
27	4
2	8
7	13
5	12
18	19
9	22
4	3
8	6
13	21
12	25
9	23
# tree 59
20	24
1	15
2	18
15	10
15	14
1	2
15	20
24	27
14	7
10	5
10	9
27	4
18	8
7	13
5	12
18	19
9	22
4	3
8	6
13	21
12	25
9	23
# tree 60
20	24
1	15
2	18
15	10
15	14
1	2
15	20
24	27
18	19
14	7
10	9
10	5
19	8
7	13
9	22
27	4
5	12
8	6
13	21
22	23
1	25
27	3
# tree 61
20	24
1	15
2	18
15	10
15	14
1	2
15	20
24	27
18	19
14	7
10	9
10	5
19	8
7	13
9	22
27	4
5	12
8	6
13	21
22	23
1	25
1	3
# tree 62
20	24
1	15
2	18
15	10
15	14
1	2
15	20
24	27
18	19
14	7
10	9
10	5
19	8
7	13
9	22
27	4
5	12
8	6
13	21
22	23
1	25
20	3
# tree 63
20	24
1	15
2	18
15	10
15	14
1	2
15	20
24	27
18	19
14	7
10	9
10	5
19	8
7	13
9	22
27	4
5	12
8	6
13	21
22	23
1	25
24	3
# tree 64
20	24
1	15
2	18
15	10
15	14
1	2
15	20
18	19
14	7
10	9
10	5
20	4
19	8
7	13
9	22
24	27
5	12
4	3
8	6
13	21
22	23
1	25
# tree 65
20	24
1	15
2	18
15	10
15	14
1	2
15	20
18	19
14	7
10	9
10	5
24	4
19	8
7	13
9	22
24	27
5	12
4	3
8	6
13	21
22	23
1	25
# tree 66
20	24
1	15
2	18
15	14
1	2
15	10
15	20
24	27
18	19
14	7
10	9
15	5
27	4
19	8
7	13
9	22
5	12
4	3
8	6
13	21
22	23
1	25
# tree 67
20	24
1	15
2	18
15	10
15	14
1	2
15	20
24	27
18	19
14	7
10	9
10	5
27	4
7	13
9	22
19	8
5	12
4	3
13	21
22	23
1	25
19	6
# tree 68
20	24
1	15
2	18
15	10
15	14
1	2
15	20
24	27
18	19
14	7
10	9
10	5
27	4
7	13
9	22
19	8
5	12
4	3
13	21
22	23
1	25
2	6
# tree 69
20	24
1	15
2	18
15	10
15	14
1	2
15	20
24	27
18	19
14	7
10	9
10	5
27	4
7	13
9	22
19	8
5	12
4	3
13	21
22	23
1	25
18	6
# tree 70
20	24
1	15
2	18
15	10
15	14
1	2
15	20
24	27
14	7
10	9
10	5
27	4
2	8
7	13
9	22
18	19
5	12
4	3
8	6
13	21
22	23
1	25
# tree 71
20	24
1	15
2	18
15	10
15	14
1	2
15	20
24	27
14	7
10	9
10	5
27	4
18	8
7	13
9	22
18	19
5	12
4	3
8	6
13	21
22	23
1	25
# tree 72
1	15
2	18
15	14
1	2
15	10
15	20
20	24
18	19
14	7
10	9
15	5
24	4
19	8
7	13
9	22
5	12
24	27
4	3
8	6
13	21
22	23
12	25
# tree 73
1	15
2	18
15	10
15	14
1	2
15	20
20	24
18	19
14	7
10	9
10	5
24	4
7	13
9	22
5	12
19	8
24	27
4	3
13	21
22	23
12	25
19	6
# tree 74
1	15
2	18
15	10
15	14
1	2
15	20
20	24
18	19
14	7
10	9
10	5
24	4
7	13
9	22
5	12
19	8
24	27
4	3
13	21
22	23
12	25
2	6
# tree 75
1	15
2	18
15	10
15	14
1	2
15	20
20	24
18	19
14	7
10	9
10	5
24	4
7	13
9	22
5	12
19	8
24	27
4	3
13	21
22	23
12	25
18	6
# tree 76
1	15
2	18
15	10
15	14
1	2
15	20
20	24
14	7
10	9
10	5
24	4
2	8
7	13
9	22
5	12
18	19
24	27
4	3
8	6
13	21
22	23
12	25
# tree 77
1	15
2	18
15	10
15	14
1	2
15	20
20	24
14	7
10	9
10	5
24	4
18	8
7	13
9	22
5	12
18	19
24	27
4	3
8	6
13	21
22	23
12	25
# tree 78
20	24
1	15
2	18
15	14
1	2
15	10
15	20
24	27
18	19
14	7
10	9
15	5
27	4
7	13
9	22
5	12
19	8
4	3
13	21
22	23
12	25
19	6
# tree 79
20	24
1	15
2	18
15	14
1	2
15	10
15	20
24	27
18	19
14	7
10	9
15	5
27	4
7	13
9	22
5	12
19	8
4	3
13	21
22	23
12	25
2	6
# tree 80
20	24
1	15
2	18
15	14
1	2
15	10
15	20
24	27
18	19
14	7
10	9
15	5
27	4
7	13
9	22
5	12
19	8
4	3
13	21
22	23
12	25
18	6
# tree 81
20	24
1	15
2	18
15	14
1	2
15	10
15	20
24	27
14	7
10	9
15	5
27	4
2	8
7	13
9	22
5	12
18	19
4	3
8	6
13	21
22	23
12	25
# tree 82
20	24
1	15
2	18
15	14
1	2
15	10
15	20
24	27
14	7
10	9
15	5
27	4
18	8
7	13
9	22
5	12
18	19
4	3
8	6
13	21
22	23
12	25
# tree 83
20	24
1	15
2	18
15	10
15	14
1	2
15	20
24	27
14	7
10	9
10	5
27	4
7	13
9	22
5	12
18	19
4	3
13	21
22	23
12	25
18	6
2	8
# tree 84
15	20
1	2
1	15
20	24
2	18
15	14
15	10
24	27
18	19
14	7
10	9
27	4
19	8
7	13
10	12
9	22
10	5
4	3
8	6
13	21
9	23
10	25
# tree 85
15	20
1	2
1	15
20	24
2	18
15	14
15	10
24	27
18	19
14	7
10	9
27	4
19	8
7	13
10	12
9	22
10	5
4	3
8	6
13	21
9	23
15	25
# tree 86
15	20
1	2
1	15
20	24
2	18
15	14
15	10
24	27
18	19
14	7
10	9
27	4
19	8
7	13
10	5
10	12
9	22
4	3
8	6
13	21
9	23
5	25
# tree 87
15	20
1	2
1	15
20	24
2	18
15	14
15	10
24	27
18	19
14	7
10	9
27	4
19	8
7	13
10	12
9	22
10	5
4	3
8	6
13	21
9	23
1	25
# tree 88
15	20
1	2
1	15
20	24
2	18
15	14
15	10
24	27
18	19
14	7
10	9
19	8
7	13
10	12
27	4
9	22
10	5
8	6
13	21
12	25
9	23
27	3
# tree 89
15	20
1	2
1	15
20	24
2	18
15	14
15	10
24	27
18	19
14	7
10	9
19	8
7	13
10	12
27	4
9	22
10	5
8	6
13	21
12	25
9	23
1	3
# tree 90
15	20
1	2
1	15
20	24
2	18
15	14
15	10
24	27
18	19
14	7
10	9
19	8
7	13
10	12
27	4
9	22
10	5
8	6
13	21
12	25
9	23
20	3
# tree 91
15	20
1	2
1	15
20	24
2	18
15	14
15	10
24	27
18	19
14	7
10	9
19	8
7	13
10	12
27	4
9	22
10	5
8	6
13	21
12	25
9	23
24	3
# tree 92
15	20
1	2
1	15
20	24
2	18
15	14
15	10
18	19
14	7
10	9
20	4
19	8
7	13
10	12
24	27
9	22
10	5
4	3
8	6
13	21
12	25
9	23
# tree 93
15	20
1	2
1	15
20	24
2	18
15	14
15	10
18	19
14	7
10	9
24	4
19	8
7	13
10	12
24	27
9	22
10	5
4	3
8	6
13	21
12	25
9	23
# tree 94
15	20
1	2
1	15
20	24
2	18
15	14
15	10
24	27
18	19
14	7
10	9
27	4
19	8
7	13
10	12
9	22
4	3
8	6
13	21
12	25
9	23
15	5
# tree 95
15	20
1	2
1	15
20	24
2	18
15	14
15	10
24	27
18	19
14	7
10	9
27	4
7	13
10	12
19	8
9	22
10	5
4	3
13	21
12	25
9	23
19	6
# tree 96
15	20
1	2
1	15
20	24
2	18
15	14
15	10
24	27
18	19
14	7
10	9
27	4
7	13
10	12
19	8
9	22
10	5
4	3
13	21
12	25
9	23
2	6
# tree 97
15	20
1	2
1	15
20	24
2	18
15	14
15	10
24	27
18	19
14	7
10	9
27	4
7	13
10	12
19	8
9	22
10	5
4	3
13	21
12	25
9	23
18	6
# tree 98
15	20
1	2
1	15
20	24
2	18
15	14
15	10
24	27
14	7
10	9
27	4
2	8
7	13
10	12
18	19
9	22
10	5
4	3
8	6
13	21
12	25
9	23
# tree 99
15	20
1	2
1	15
20	24
2	18
15	14
15	10
24	27
14	7
10	9
27	4
18	8
7	13
10	12
18	19
9	22
10	5
4	3
8	6
13	21
12	25
9	23
# tree 100
15	20
1	2
1	15
20	24
2	18
15	14
15	10
24	27
18	19
14	7
10	9
19	8
7	13
9	22
27	4
10	12
10	5
8	6
13	21
22	23
1	25
27	3
# tree 101
15	20
1	2
1	15
20	24
2	18
15	14
15	10
24	27
18	19
14	7
10	9
19	8
7	13
9	22
27	4
10	12
10	5
8	6
13	21
22	23
1	25
1	3
# tree 102
15	20
1	2
1	15
20	24
2	18
15	14
15	10
24	27
18	19
14	7
10	9
19	8
7	13
9	22
27	4
10	12
10	5
8	6
13	21
22	23
1	25
20	3
# tree 103
15	20
1	2
1	15
20	24
2	18
15	14
15	10
24	27
18	19
14	7
10	9
19	8
7	13
9	22
27	4
10	12
10	5
8	6
13	21
22	23
1	25
24	3
# tree 104
15	20
1	2
1	15
20	24
2	18
15	14
15	10
18	19
14	7
10	9
20	4
19	8
7	13
9	22
24	27
10	12
10	5
4	3
8	6
13	21
22	23
1	25
# tree 105
15	20
1	2
1	15
20	24
2	18
15	14
15	10
18	19
14	7
10	9
24	4
19	8
7	13
9	22
24	27
10	12
10	5
4	3
8	6
13	21
22	23
1	25
# tree 106
15	20
1	2
1	15
20	24
2	18
15	14
15	10
24	27
18	19
14	7
10	9
27	4
19	8
7	13
9	22
10	12
4	3
8	6
13	21
22	23
1	25
15	5
# tree 107
15	20
1	2
1	15
20	24
2	18
15	14
15	10
24	27
18	19
14	7
10	9
27	4
7	13
9	22
19	8
10	12
10	5
4	3
13	21
22	23
1	25
19	6
# tree 108
15	20
1	2
1	15
20	24
2	18
15	14
15	10
24	27
18	19
14	7
10	9
27	4
7	13
9	22
19	8
10	12
10	5
4	3
13	21
22	23
1	25
2	6
# tree 109
15	20
1	2
1	15
20	24
2	18
15	14
15	10
24	27
18	19
14	7
10	9
27	4
7	13
9	22
19	8
10	12
10	5
4	3
13	21
22	23
1	25
18	6
# tree 110
15	20
1	2
1	15
20	24
2	18
15	14
15	10
24	27
14	7
10	9
27	4
2	8
7	13
9	22
18	19
10	12
10	5
4	3
8	6
13	21
22	23
1	25
# tree 111
15	20
1	2
1	15
20	24
2	18
15	14
15	10
24	27
14	7
10	9
27	4
18	8
7	13
9	22
18	19
10	12
10	5
4	3
8	6
13	21
22	23
1	25
# tree 112
15	20
1	2
1	15
20	24
2	18
15	14
15	10
18	19
14	7
10	9
19	8
7	13
9	22
10	12
24	27
10	5
8	6
13	21
22	23
12	25
24	3
20	4
# tree 113
15	20
1	2
1	15
20	24
2	18
15	14
15	10
18	19
14	7
10	9
19	8
7	13
9	22
10	12
24	27
10	5
8	6
13	21
22	23
12	25
24	3
24	4
# tree 114
15	20
1	2
1	15
20	24
2	18
15	14
15	10
18	19
14	7
10	9
24	27
19	8
7	13
9	22
10	12
27	4
8	6
13	21
22	23
12	25
24	3
15	5
# tree 115
15	20
1	2
1	15
20	24
2	18
15	14
15	10
18	19
14	7
10	9
24	27
7	13
9	22
10	12
19	8
27	4
10	5
13	21
22	23
12	25
24	3
19	6
# tree 116
15	20
1	2
1	15
20	24
2	18
15	14
15	10
18	19
14	7
10	9
24	27
7	13
9	22
10	12
19	8
27	4
10	5
13	21
22	23
12	25
24	3
2	6
# tree 117
15	20
1	2
1	15
20	24
2	18
15	14
15	10
18	19
14	7
10	9
24	27
7	13
9	22
10	12
19	8
27	4
10	5
13	21
22	23
12	25
24	3
18	6
# tree 118
15	20
1	2
1	15
20	24
2	18
15	14
15	10
14	7
10	9
24	27
2	8
7	13
9	22
10	12
18	19
27	4
10	5
8	6
13	21
22	23
12	25
24	3
# tree 119
15	20
1	2
1	15
20	24
2	18
15	14
15	10
14	7
10	9
24	27
18	8
7	13
9	22
10	12
18	19
27	4
10	5
8	6
13	21
22	23
12	25
24	3
# tree 120
15	20
1	2
1	15
2	18
15	14
15	10
20	24
18	19
14	7
10	9
24	4
19	8
7	13
9	22
10	12
24	27
4	3
8	6
13	21
22	23
12	25
15	5
# tree 121
15	20
1	2
1	15
2	18
15	14
15	10
20	24
18	19
14	7
10	9
24	4
7	13
9	22
10	12
19	8
24	27
10	5
4	3
13	21
22	23
12	25
19	6
# tree 122
15	20
1	2
1	15
2	18
15	14
15	10
20	24
18	19
14	7
10	9
24	4
7	13
9	22
10	12
19	8
24	27
10	5
4	3
13	21
22	23
12	25
2	6
# tree 123
15	20
1	2
1	15
2	18
15	14
15	10
20	24
18	19
14	7
10	9
24	4
7	13
9	22
10	12
19	8
24	27
10	5
4	3
13	21
22	23
12	25
18	6
# tree 124
15	20
1	2
1	15
2	18
15	14
15	10
20	24
14	7
10	9
24	4
2	8
7	13
9	22
10	12
18	19
24	27
10	5
4	3
8	6
13	21
22	23
12	25
# tree 125
15	20
1	2
1	15
2	18
15	14
15	10
20	24
14	7
10	9
24	4
18	8
7	13
9	22
10	12
18	19
24	27
10	5
4	3
8	6
13	21
22	23
12	25
# tree 126
15	20
1	2
1	15
20	24
2	18
15	14
15	10
24	27
18	19
14	7
10	9
27	4
7	13
9	22
10	12
19	8
4	3
13	21
22	23
12	25
15	5
19	6
# tree 127
15	20
1	2
1	15
20	24
2	18
15	14
15	10
24	27
18	19
14	7
10	9
27	4
7	13
9	22
10	12
19	8
4	3
13	21
22	23
12	25
15	5
2	6
# tree 128
15	20
1	2
1	15
20	24
2	18
15	14
15	10
24	27
18	19
14	7
10	9
27	4
7	13
9	22
10	12
19	8
4	3
13	21
22	23
12	25
15	5
18	6
# tree 129
15	20
1	2
1	15
20	24
2	18
15	14
15	10
24	27
14	7
10	9
27	4
2	8
7	13
9	22
10	12
18	19
4	3
8	6
13	21
22	23
12	25
15	5
# tree 130
15	20
1	2
1	15
20	24
2	18
15	14
15	10
24	27
14	7
10	9
27	4
18	8
7	13
9	22
10	12
18	19
4	3
8	6
13	21
22	23
12	25
15	5
# tree 131
15	20
1	2
1	15
20	24
2	18
15	14
15	10
24	27
14	7
10	9
27	4
7	13
9	22
10	12
18	19
10	5
4	3
13	21
22	23
12	25
18	6
2	8
# tree 132
15	20
1	2
1	15
20	24
2	18
15	14
15	10
18	19
14	7
10	9
10	5
19	8
7	13
9	22
5	12
24	27
8	6
13	21
22	23
12	25
24	3
20	4
# tree 133
15	20
1	2
1	15
20	24
2	18
15	14
15	10
18	19
14	7
10	9
10	5
19	8
7	13
9	22
5	12
24	27
8	6
13	21
22	23
12	25
24	3
24	4
# tree 134
15	20
1	2
1	15
20	24
2	18
15	14
15	10
18	19
14	7
10	9
15	5
24	27
19	8
7	13
9	22
5	12
27	4
8	6
13	21
22	23
12	25
24	3
# tree 135
15	20
1	2
1	15
20	24
2	18
15	14
15	10
18	19
14	7
10	9
10	5
24	27
7	13
9	22
5	12
19	8
27	4
13	21
22	23
12	25
24	3
19	6
# tree 136
15	20
1	2
1	15
20	24
2	18
15	14
15	10
18	19
14	7
10	9
10	5
24	27
7	13
9	22
5	12
19	8
27	4
13	21
22	23
12	25
24	3
2	6
# tree 137
15	20
1	2
1	15
20	24
2	18
15	14
15	10
18	19
14	7
10	9
10	5
24	27
7	13
9	22
5	12
19	8
27	4
13	21
22	23
12	25
24	3
18	6
# tree 138
15	20
1	2
1	15
20	24
2	18
15	14
15	10
14	7
10	9
10	5
24	27
2	8
7	13
9	22
5	12
18	19
27	4
8	6
13	21
22	23
12	25
24	3
# tree 139
15	20
1	2
1	15
20	24
2	18
15	14
15	10
14	7
10	9
10	5
24	27
18	8
7	13
9	22
5	12
18	19
27	4
8	6
13	21
22	23
12	25
24	3
# tree 140
15	20
1	2
1	15
20	24
2	18
15	14
15	10
24	27
18	19
14	7
10	5
10	9
19	8
7	13
27	4
5	12
9	22
8	6
13	21
9	23
1	25
27	3
# tree 141
15	20
1	2
1	15
20	24
2	18
15	14
15	10
24	27
18	19
14	7
10	5
10	9
19	8
7	13
27	4
5	12
9	22
8	6
13	21
9	23
1	25
1	3
# tree 142
15	20
1	2
1	15
20	24
2	18
15	14
15	10
24	27
18	19
14	7
10	5
10	9
19	8
7	13
27	4
5	12
9	22
8	6
13	21
9	23
1	25
20	3
# tree 143
15	20
1	2
1	15
20	24
2	18
15	14
15	10
24	27
18	19
14	7
10	5
10	9
19	8
7	13
27	4
5	12
9	22
8	6
13	21
9	23
1	25
24	3
# tree 144
15	20
1	2
1	15
20	24
2	18
15	14
15	10
18	19
14	7
10	5
10	9
20	4
19	8
7	13
24	27
5	12
9	22
4	3
8	6
13	21
9	23
1	25
# tree 145
15	20
1	2
1	15
20	24
2	18
15	14
15	10
18	19
14	7
10	5
10	9
24	4
19	8
7	13
24	27
5	12
9	22
4	3
8	6
13	21
9	23
1	25
# tree 146
15	20
1	2
1	15
20	24
2	18
15	14
15	10
24	27
18	19
14	7
15	5
10	9
27	4
19	8
7	13
5	12
9	22
4	3
8	6
13	21
9	23
1	25
# tree 147
15	20
1	2
1	15
20	24
2	18
15	14
15	10
24	27
18	19
14	7
10	5
10	9
27	4
7	13
19	8
5	12
9	22
4	3
13	21
9	23
1	25
19	6
# tree 148
15	20
1	2
1	15
20	24
2	18
15	14
15	10
24	27
18	19
14	7
10	5
10	9
27	4
7	13
19	8
5	12
9	22
4	3
13	21
9	23
1	25
2	6
# tree 149
15	20
1	2
1	15
20	24
2	18
15	14
15	10
24	27
18	19
14	7
10	5
10	9
27	4
7	13
19	8
5	12
9	22
4	3
13	21
9	23
1	25
18	6
# tree 150
15	20
1	2
1	15
20	24
2	18
15	14
15	10
24	27
14	7
10	5
10	9
27	4
2	8
7	13
18	19
5	12
9	22
4	3
8	6
13	21
9	23
1	25
# tree 151
15	20
1	2
1	15
20	24
2	18
15	14
15	10
24	27
14	7
10	5
10	9
27	4
18	8
7	13
18	19
5	12
9	22
4	3
8	6
13	21
9	23
1	25
# tree 152
15	20
1	2
1	15
20	24
2	18
15	14
15	10
18	19
14	7
10	5
10	9
19	8
7	13
5	12
24	27
9	22
8	6
13	21
12	25
9	23
24	3
20	4
# tree 153
15	20
1	2
1	15
20	24
2	18
15	14
15	10
18	19
14	7
10	5
10	9
19	8
7	13
5	12
24	27
9	22
8	6
13	21
12	25
9	23
24	3
24	4
# tree 154
15	20
1	2
1	15
20	24
2	18
15	14
15	10
18	19
14	7
15	5
24	27
10	9
19	8
7	13
5	12
27	4
9	22
8	6
13	21
12	25
9	23
24	3
# tree 155
15	20
1	2
1	15
20	24
2	18
15	14
15	10
18	19
14	7
10	5
24	27
10	9
7	13
5	12
19	8
27	4
9	22
13	21
12	25
9	23
24	3
19	6
# tree 156
15	20
1	2
1	15
20	24
2	18
15	14
15	10
18	19
14	7
10	5
24	27
10	9
7	13
5	12
19	8
27	4
9	22
13	21
12	25
9	23
24	3
2	6
# tree 157
15	20
1	2
1	15
20	24
2	18
15	14
15	10
18	19
14	7
10	5
24	27
10	9
7	13
5	12
19	8
27	4
9	22
13	21
12	25
9	23
24	3
18	6
# tree 158
15	20
1	2
1	15
20	24
2	18
15	14
15	10
14	7
10	5
24	27
10	9
2	8
7	13
5	12
18	19
27	4
9	22
8	6
13	21
12	25
9	23
24	3
# tree 159
15	20
1	2
1	15
20	24
2	18
15	14
15	10
14	7
10	5
24	27
10	9
18	8
7	13
5	12
18	19
27	4
9	22
8	6
13	21
12	25
9	23
24	3
# tree 160
15	20
1	2
1	15
2	18
15	14
15	10
20	24
18	19
14	7
15	5
10	9
24	4
19	8
7	13
5	12
24	27
9	22
4	3
8	6
13	21
12	25
9	23
# tree 161
15	20
1	2
1	15
2	18
15	14
15	10
20	24
18	19
14	7
10	5
10	9
24	4
7	13
5	12
19	8
24	27
9	22
4	3
13	21
12	25
9	23
19	6
# tree 162
15	20
1	2
1	15
2	18
15	14
15	10
20	24
18	19
14	7
10	5
10	9
24	4
7	13
5	12
19	8
24	27
9	22
4	3
13	21
12	25
9	23
2	6
# tree 163
15	20
1	2
1	15
2	18
15	14
15	10
20	24
18	19
14	7
10	5
10	9
24	4
7	13
5	12
19	8
24	27
9	22
4	3
13	21
12	25
9	23
18	6
# tree 164
15	20
1	2
1	15
2	18
15	14
15	10
20	24
14	7
10	5
10	9
24	4
2	8
7	13
5	12
18	19
24	27
9	22
4	3
8	6
13	21
12	25
9	23
# tree 165
15	20
1	2
1	15
2	18
15	14
15	10
20	24
14	7
10	5
10	9
24	4
18	8
7	13
5	12
18	19
24	27
9	22
4	3
8	6
13	21
12	25
9	23
# tree 166
15	20
1	2
1	15
20	24
2	18
15	14
15	10
24	27
18	19
14	7
15	5
10	9
27	4
7	13
5	12
19	8
9	22
4	3
13	21
12	25
9	23
19	6
# tree 167
15	20
1	2
1	15
20	24
2	18
15	14
15	10
24	27
18	19
14	7
15	5
10	9
27	4
7	13
5	12
19	8
9	22
4	3
13	21
12	25
9	23
2	6
# tree 168
15	20
1	2
1	15
20	24
2	18
15	14
15	10
24	27
18	19
14	7
15	5
10	9
27	4
7	13
5	12
19	8
9	22
4	3
13	21
12	25
9	23
18	6
# tree 169
15	20
1	2
1	15
20	24
2	18
15	14
15	10
24	27
14	7
15	5
10	9
27	4
2	8
7	13
5	12
18	19
9	22
4	3
8	6
13	21
12	25
9	23
# tree 170
15	20
1	2
1	15
20	24
2	18
15	14
15	10
24	27
14	7
15	5
10	9
27	4
18	8
7	13
5	12
18	19
9	22
4	3
8	6
13	21
12	25
9	23
# tree 171
15	20
1	2
1	15
20	24
2	18
15	14
15	10
24	27
14	7
10	5
10	9
27	4
7	13
5	12
18	19
9	22
4	3
13	21
12	25
9	23
18	6
2	8
# tree 172
15	20
1	2
1	15
20	24
2	18
15	14
15	10
18	19
14	7
10	9
10	5
19	8
7	13
9	22
24	27
5	12
8	6
13	21
22	23
1	25
24	3
20	4
# tree 173
15	20
1	2
1	15
20	24
2	18
15	14
15	10
18	19
14	7
10	9
10	5
19	8
7	13
9	22
24	27
5	12
8	6
13	21
22	23
1	25
24	3
24	4
# tree 174
15	20
1	2
1	15
20	24
2	18
15	14
15	10
18	19
14	7
10	9
24	27
15	5
19	8
7	13
9	22
27	4
5	12
8	6
13	21
22	23
1	25
24	3
# tree 175
15	20
1	2
1	15
20	24
2	18
15	14
15	10
18	19
14	7
10	9
24	27
10	5
7	13
9	22
19	8
27	4
5	12
13	21
22	23
1	25
24	3
19	6
# tree 176
15	20
1	2
1	15
20	24
2	18
15	14
15	10
18	19
14	7
10	9
24	27
10	5
7	13
9	22
19	8
27	4
5	12
13	21
22	23
1	25
24	3
2	6
# tree 177
15	20
1	2
1	15
20	24
2	18
15	14
15	10
18	19
14	7
10	9
24	27
10	5
7	13
9	22
19	8
27	4
5	12
13	21
22	23
1	25
24	3
18	6
# tree 178
15	20
1	2
1	15
20	24
2	18
15	14
15	10
14	7
10	9
24	27
10	5
2	8
7	13
9	22
18	19
27	4
5	12
8	6
13	21
22	23
1	25
24	3
# tree 179
15	20
1	2
1	15
20	24
2	18
15	14
15	10
14	7
10	9
24	27
10	5
18	8
7	13
9	22
18	19
27	4
5	12
8	6
13	21
22	23
1	25
24	3
# tree 180
15	20
1	2
1	15
2	18
15	14
15	10
20	24
18	19
14	7
10	9
15	5
24	4
19	8
7	13
9	22
24	27
5	12
4	3
8	6
13	21
22	23
1	25
# tree 181
15	20
1	2
1	15
2	18
15	14
15	10
20	24
18	19
14	7
10	9
10	5
24	4
7	13
9	22
19	8
24	27
5	12
4	3
13	21
22	23
1	25
19	6
# tree 182
15	20
1	2
1	15
2	18
15	14
15	10
20	24
18	19
14	7
10	9
10	5
24	4
7	13
9	22
19	8
24	27
5	12
4	3
13	21
22	23
1	25
2	6
# tree 183
15	20
1	2
1	15
2	18
15	14
15	10
20	24
18	19
14	7
10	9
10	5
24	4
7	13
9	22
19	8
24	27
5	12
4	3
13	21
22	23
1	25
18	6
# tree 184
15	20
1	2
1	15
2	18
15	14
15	10
20	24
14	7
10	9
10	5
24	4
2	8
7	13
9	22
18	19
24	27
5	12
4	3
8	6
13	21
22	23
1	25
# tree 185
15	20
1	2
1	15
2	18
15	14
15	10
20	24
14	7
10	9
10	5
24	4
18	8
7	13
9	22
18	19
24	27
5	12
4	3
8	6
13	21
22	23
1	25
# tree 186
15	20
1	2
1	15
20	24
2	18
15	14
15	10
24	27
18	19
14	7
10	9
15	5
27	4
7	13
9	22
19	8
5	12
4	3
13	21
22	23
1	25
19	6
# tree 187
15	20
1	2
1	15
20	24
2	18
15	14
15	10
24	27
18	19
14	7
10	9
15	5
27	4
7	13
9	22
19	8
5	12
4	3
13	21
22	23
1	25
2	6
# tree 188
15	20
1	2
1	15
20	24
2	18
15	14
15	10
24	27
18	19
14	7
10	9
15	5
27	4
7	13
9	22
19	8
5	12
4	3
13	21
22	23
1	25
18	6
# tree 189
15	20
1	2
1	15
20	24
2	18
15	14
15	10
24	27
14	7
10	9
15	5
27	4
2	8
7	13
9	22
18	19
5	12
4	3
8	6
13	21
22	23
1	25
# tree 190
15	20
1	2
1	15
20	24
2	18
15	14
15	10
24	27
14	7
10	9
15	5
27	4
18	8
7	13
9	22
18	19
5	12
4	3
8	6
13	21
22	23
1	25
# tree 191
15	20
1	2
1	15
20	24
2	18
15	14
15	10
24	27
14	7
10	9
10	5
27	4
7	13
9	22
18	19
5	12
4	3
13	21
22	23
1	25
18	6
2	8
# tree 192
1	2
1	15
15	20
2	18
15	14
15	10
20	24
18	19
14	7
10	9
15	5
24	4
7	13
9	22
5	12
19	8
24	27
4	3
13	21
22	23
12	25
19	6
# tree 193
1	2
1	15
15	20
2	18
15	14
15	10
20	24
18	19
14	7
10	9
15	5
24	4
7	13
9	22
5	12
19	8
24	27
4	3
13	21
22	23
12	25
2	6
# tree 194
1	2
1	15
15	20
2	18
15	14
15	10
20	24
18	19
14	7
10	9
15	5
24	4
7	13
9	22
5	12
19	8
24	27
4	3
13	21
22	23
12	25
18	6
# tree 195
1	2
1	15
15	20
2	18
15	14
15	10
20	24
14	7
10	9
15	5
24	4
2	8
7	13
9	22
5	12
18	19
24	27
4	3
8	6
13	21
22	23
12	25
# tree 196
1	2
1	15
15	20
2	18
15	14
15	10
20	24
14	7
10	9
15	5
24	4
18	8
7	13
9	22
5	12
18	19
24	27
4	3
8	6
13	21
22	23
12	25
# tree 197
1	2
1	15
15	20
2	18
15	14
15	10
20	24
14	7
10	9
10	5
24	4
7	13
9	22
5	12
18	19
24	27
4	3
13	21
22	23
12	25
18	6
2	8
# tree 198
15	20
1	2
1	15
20	24
2	18
15	14
15	10
24	27
14	7
10	9
15	5
27	4
7	13
9	22
5	12
18	19
4	3
13	21
22	23
12	25
18	6
2	8
# tree 199
1	15
15	20
1	2
20	24
2	18
15	14
15	10
24	27
18	19
14	7
10	9
19	8
7	13
27	4
10	12
9	22
10	5
8	6
13	21
9	23
1	25
27	3
# tree 200
1	15
15	20
1	2
20	24
2	18
15	14
15	10
24	27
18	19
14	7
10	9
19	8
7	13
27	4
10	12
9	22
10	5
8	6
13	21
9	23
1	25
1	3
# tree 201
1	15
15	20
1	2
20	24
2	18
15	14
15	10
24	27
18	19
14	7
10	9
19	8
7	13
27	4
10	12
9	22
10	5
8	6
13	21
9	23
1	25
20	3
# tree 202
1	15
15	20
1	2
20	24
2	18
15	14
15	10
24	27
18	19
14	7
10	9
19	8
7	13
27	4
10	12
9	22
10	5
8	6
13	21
9	23
1	25
24	3
# tree 203
1	15
15	20
1	2
20	24
2	18
15	14
15	10
18	19
14	7
10	9
20	4
19	8
7	13
24	27
10	12
9	22
10	5
4	3
8	6
13	21
9	23
1	25
# tree 204
1	15
15	20
1	2
20	24
2	18
15	14
15	10
18	19
14	7
10	9
24	4
19	8
7	13
24	27
10	12
9	22
10	5
4	3
8	6
13	21
9	23
1	25
# tree 205
1	15
15	20
1	2
20	24
2	18
15	14
15	10
24	27
18	19
14	7
10	9
27	4
19	8
7	13
10	12
9	22
4	3
8	6
13	21
9	23
1	25
15	5
# tree 206
1	15
15	20
1	2
20	24
2	18
15	14
15	10
24	27
18	19
14	7
10	9
27	4
7	13
19	8
10	12
9	22
10	5
4	3
13	21
9	23
1	25
19	6
# tree 207
1	15
15	20
1	2
20	24
2	18
15	14
15	10
24	27
18	19
14	7
10	9
27	4
7	13
19	8
10	12
9	22
10	5
4	3
13	21
9	23
1	25
2	6
# tree 208
1	15
15	20
1	2
20	24
2	18
15	14
15	10
24	27
18	19
14	7
10	9
27	4
7	13
19	8
10	12
9	22
10	5
4	3
13	21
9	23
1	25
18	6
# tree 209
1	15
15	20
1	2
20	24
2	18
15	14
15	10
24	27
14	7
10	9
27	4
2	8
7	13
18	19
10	12
9	22
10	5
4	3
8	6
13	21
9	23
1	25
# tree 210
1	15
15	20
1	2
20	24
2	18
15	14
15	10
24	27
14	7
10	9
27	4
18	8
7	13
18	19
10	12
9	22
10	5
4	3
8	6
13	21
9	23
1	25
# tree 211
1	15
15	20
1	2
20	24
2	18
15	14
15	10
18	19
14	7
10	9
19	8
7	13
10	12
24	27
9	22
10	5
8	6
13	21
12	25
9	23
24	3
20	4
# tree 212
1	15
15	20
1	2
20	24
2	18
15	14
15	10
18	19
14	7
10	9
19	8
7	13
10	12
24	27
9	22
10	5
8	6
13	21
12	25
9	23
24	3
24	4
# tree 213
1	15
15	20
1	2
20	24
2	18
15	14
15	10
18	19
14	7
24	27
10	9
19	8
7	13
10	12
27	4
9	22
8	6
13	21
12	25
9	23
24	3
15	5
# tree 214
1	15
15	20
1	2
20	24
2	18
15	14
15	10
18	19
14	7
24	27
10	9
7	13
10	12
19	8
27	4
9	22
10	5
13	21
12	25
9	23
24	3
19	6
# tree 215
1	15
15	20
1	2
20	24
2	18
15	14
15	10
18	19
14	7
24	27
10	9
7	13
10	12
19	8
27	4
9	22
10	5
13	21
12	25
9	23
24	3
2	6
# tree 216
1	15
15	20
1	2
20	24
2	18
15	14
15	10
18	19
14	7
24	27
10	9
7	13
10	12
19	8
27	4
9	22
10	5
13	21
12	25
9	23
24	3
18	6
# tree 217
1	15
15	20
1	2
20	24
2	18
15	14
15	10
14	7
24	27
10	9
2	8
7	13
10	12
18	19
27	4
9	22
10	5
8	6
13	21
12	25
9	23
24	3
# tree 218
1	15
15	20
1	2
20	24
2	18
15	14
15	10
14	7
24	27
10	9
18	8
7	13
10	12
18	19
27	4
9	22
10	5
8	6
13	21
12	25
9	23
24	3
# tree 219
1	15
15	20
1	2
2	18
15	14
15	10
20	24
18	19
14	7
10	9
24	4
19	8
7	13
10	12
24	27
9	22
4	3
8	6
13	21
12	25
9	23
15	5
# tree 220
1	15
15	20
1	2
2	18
15	14
15	10
20	24
18	19
14	7
10	9
24	4
7	13
10	12
19	8
24	27
9	22
10	5
4	3
13	21
12	25
9	23
19	6
# tree 221
1	15
15	20
1	2
2	18
15	14
15	10
20	24
18	19
14	7
10	9
24	4
7	13
10	12
19	8
24	27
9	22
10	5
4	3
13	21
12	25
9	23
2	6
# tree 222
1	15
15	20
1	2
2	18
15	14
15	10
20	24
18	19
14	7
10	9
24	4
7	13
10	12
19	8
24	27
9	22
10	5
4	3
13	21
12	25
9	23
18	6
# tree 223
1	15
15	20
1	2
2	18
15	14
15	10
20	24
14	7
10	9
24	4
2	8
7	13
10	12
18	19
24	27
9	22
10	5
4	3
8	6
13	21
12	25
9	23
# tree 224
1	15
15	20
1	2
2	18
15	14
15	10
20	24
14	7
10	9
24	4
18	8
7	13
10	12
18	19
24	27
9	22
10	5
4	3
8	6
13	21
12	25
9	23
# tree 225
1	15
15	20
1	2
20	24
2	18
15	14
15	10
24	27
18	19
14	7
10	9
27	4
7	13
10	12
19	8
9	22
4	3
13	21
12	25
9	23
15	5
19	6
# tree 226
1	15
15	20
1	2
20	24
2	18
15	14
15	10
24	27
18	19
14	7
10	9
27	4
7	13
10	12
19	8
9	22
4	3
13	21
12	25
9	23
15	5
2	6
# tree 227
1	15
15	20
1	2
20	24
2	18
15	14
15	10
24	27
18	19
14	7
10	9
27	4
7	13
10	12
19	8
9	22
4	3
13	21
12	25
9	23
15	5
18	6
# tree 228
1	15
15	20
1	2
20	24
2	18
15	14
15	10
24	27
14	7
10	9
27	4
2	8
7	13
10	12
18	19
9	22
4	3
8	6
13	21
12	25
9	23
15	5
# tree 229
1	15
15	20
1	2
20	24
2	18
15	14
15	10
24	27
14	7
10	9
27	4
18	8
7	13
10	12
18	19
9	22
4	3
8	6
13	21
12	25
9	23
15	5
# tree 230
1	15
15	20
1	2
20	24
2	18
15	14
15	10
24	27
14	7
10	9
27	4
7	13
10	12
18	19
9	22
10	5
4	3
13	21
12	25
9	23
18	6
2	8
# tree 231
1	15
15	20
1	2
20	24
2	18
15	14
15	10
18	19
14	7
10	9
19	8
7	13
9	22
24	27
10	12
10	5
8	6
13	21
22	23
1	25
24	3
20	4
# tree 232
1	15
15	20
1	2
20	24
2	18
15	14
15	10
18	19
14	7
10	9
19	8
7	13
9	22
24	27
10	12
10	5
8	6
13	21
22	23
1	25
24	3
24	4
# tree 233
1	15
15	20
1	2
20	24
2	18
15	14
15	10
18	19
14	7
10	9
24	27
19	8
7	13
9	22
27	4
10	12
8	6
13	21
22	23
1	25
24	3
15	5
# tree 234
1	15
15	20
1	2
20	24
2	18
15	14
15	10
18	19
14	7
10	9
24	27
7	13
9	22
19	8
27	4
10	12
10	5
13	21
22	23
1	25
24	3
19	6
# tree 235
1	15
15	20
1	2
20	24
2	18
15	14
15	10
18	19
14	7
10	9
24	27
7	13
9	22
19	8
27	4
10	12
10	5
13	21
22	23
1	25
24	3
2	6
# tree 236
1	15
15	20
1	2
20	24
2	18
15	14
15	10
18	19
14	7
10	9
24	27
7	13
9	22
19	8
27	4
10	12
10	5
13	21
22	23
1	25
24	3
18	6
# tree 237
1	15
15	20
1	2
20	24
2	18
15	14
15	10
14	7
10	9
24	27
2	8
7	13
9	22
18	19
27	4
10	12
10	5
8	6
13	21
22	23
1	25
24	3
# tree 238
1	15
15	20
1	2
20	24
2	18
15	14
15	10
14	7
10	9
24	27
18	8
7	13
9	22
18	19
27	4
10	12
10	5
8	6
13	21
22	23
1	25
24	3
# tree 239
1	15
15	20
1	2
2	18
15	14
15	10
20	24
18	19
14	7
10	9
24	4
19	8
7	13
9	22
24	27
10	12
4	3
8	6
13	21
22	23
1	25
15	5
# tree 240
1	15
15	20
1	2
2	18
15	14
15	10
20	24
18	19
14	7
10	9
24	4
7	13
9	22
19	8
24	27
10	12
10	5
4	3
13	21
22	23
1	25
19	6
# tree 241
1	15
15	20
1	2
2	18
15	14
15	10
20	24
18	19
14	7
10	9
24	4
7	13
9	22
19	8
24	27
10	12
10	5
4	3
13	21
22	23
1	25
2	6
# tree 242
1	15
15	20
1	2
2	18
15	14
15	10
20	24
18	19
14	7
10	9
24	4
7	13
9	22
19	8
24	27
10	12
10	5
4	3
13	21
22	23
1	25
18	6
# tree 243
1	15
15	20
1	2
2	18
15	14
15	10
20	24
14	7
10	9
24	4
2	8
7	13
9	22
18	19
24	27
10	12
10	5
4	3
8	6
13	21
22	23
1	25
# tree 244
1	15
15	20
1	2
2	18
15	14
15	10
20	24
14	7
10	9
24	4
18	8
7	13
9	22
18	19
24	27
10	12
10	5
4	3
8	6
13	21
22	23
1	25
# tree 245
1	15
15	20
1	2
20	24
2	18
15	14
15	10
24	27
18	19
14	7
10	9
27	4
7	13
9	22
19	8
10	12
4	3
13	21
22	23
1	25
15	5
19	6
# tree 246
1	15
15	20
1	2
20	24
2	18
15	14
15	10
24	27
18	19
14	7
10	9
27	4
7	13
9	22
19	8
10	12
4	3
13	21
22	23
1	25
15	5
2	6
# tree 247
1	15
15	20
1	2
20	24
2	18
15	14
15	10
24	27
18	19
14	7
10	9
27	4
7	13
9	22
19	8
10	12
4	3
13	21
22	23
1	25
15	5
18	6
# tree 248
1	15
15	20
1	2
20	24
2	18
15	14
15	10
24	27
14	7
10	9
27	4
2	8
7	13
9	22
18	19
10	12
4	3
8	6
13	21
22	23
1	25
15	5
# tree 249
1	15
15	20
1	2
20	24
2	18
15	14
15	10
24	27
14	7
10	9
27	4
18	8
7	13
9	22
18	19
10	12
4	3
8	6
13	21
22	23
1	25
15	5
# tree 250
1	15
15	20
1	2
20	24
2	18
15	14
15	10
24	27
14	7
10	9
27	4
7	13
9	22
18	19
10	12
10	5
4	3
13	21
22	23
1	25
18	6
2	8
# tree 251
1	15
15	20
1	2
2	18
15	14
15	10
18	19
14	7
10	9
20	24
19	8
7	13
9	22
10	12
24	27
8	6
13	21
22	23
12	25
24	3
24	4
15	5
# tree 252
1	15
15	20
1	2
2	18
15	14
15	10
18	19
14	7
10	9
20	24
7	13
9	22
10	12
19	8
24	27
10	5
13	21
22	23
12	25
24	3
24	4
19	6
# tree 253
1	15
15	20
1	2
2	18
15	14
15	10
18	19
14	7
10	9
20	24
7	13
9	22
10	12
19	8
24	27
10	5
13	21
22	23
12	25
24	3
24	4
2	6
# tree 254
1	15
15	20
1	2
2	18
15	14
15	10
18	19
14	7
10	9
20	24
7	13
9	22
10	12
19	8
24	27
10	5
13	21
22	23
12	25
24	3
24	4
18	6
# tree 255
1	15
15	20
1	2
2	18
15	14
15	10
14	7
10	9
20	24
2	8
7	13
9	22
10	12
18	19
24	27
10	5
8	6
13	21
22	23
12	25
24	3
24	4
# tree 256
1	15
15	20
1	2
2	18
15	14
15	10
14	7
10	9
20	24
18	8
7	13
9	22
10	12
18	19
24	27
10	5
8	6
13	21
22	23
12	25
24	3
24	4
# tree 257
1	15
15	20
1	2
2	18
15	14
15	10
20	24
18	19
14	7
10	9
24	27
7	13
9	22
10	12
19	8
27	4
13	21
22	23
12	25
24	3
15	5
19	6
# tree 258
1	15
15	20
1	2
2	18
15	14
15	10
20	24
18	19
14	7
10	9
24	27
7	13
9	22
10	12
19	8
27	4
13	21
22	23
12	25
24	3
15	5
2	6
# tree 259
1	15
15	20
1	2
2	18
15	14
15	10
20	24
18	19
14	7
10	9
24	27
7	13
9	22
10	12
19	8
27	4
13	21
22	23
12	25
24	3
15	5
18	6
# tree 260
1	15
15	20
1	2
2	18
15	14
15	10
20	24
14	7
10	9
24	27
2	8
7	13
9	22
10	12
18	19
27	4
8	6
13	21
22	23
12	25
24	3
15	5
# tree 261
1	15
15	20
1	2
2	18
15	14
15	10
20	24
14	7
10	9
24	27
18	8
7	13
9	22
10	12
18	19
27	4
8	6
13	21
22	23
12	25
24	3
15	5
# tree 262
1	15
15	20
1	2
2	18
15	14
15	10
20	24
14	7
10	9
24	27
7	13
9	22
10	12
18	19
27	4
10	5
13	21
22	23
12	25
24	3
18	6
2	8
# tree 263
1	15
1	2
15	20
2	18
15	14
15	10
20	24
18	19
14	7
10	9
24	4
7	13
9	22
10	12
19	8
24	27
4	3
13	21
22	23
12	25
15	5
19	6
# tree 264
1	15
1	2
15	20
2	18
15	14
15	10
20	24
18	19
14	7
10	9
24	4
7	13
9	22
10	12
19	8
24	27
4	3
13	21
22	23
12	25
15	5
2	6
# tree 265
1	15
1	2
15	20
2	18
15	14
15	10
20	24
18	19
14	7
10	9
24	4
7	13
9	22
10	12
19	8
24	27
4	3
13	21
22	23
12	25
15	5
18	6
# tree 266
1	15
1	2
15	20
2	18
15	14
15	10
20	24
14	7
10	9
24	4
2	8
7	13
9	22
10	12
18	19
24	27
4	3
8	6
13	21
22	23
12	25
15	5
# tree 267
1	15
1	2
15	20
2	18
15	14
15	10
20	24
14	7
10	9
24	4
18	8
7	13
9	22
10	12
18	19
24	27
4	3
8	6
13	21
22	23
12	25
15	5
# tree 268
1	15
1	2
15	20
2	18
15	14
15	10
20	24
14	7
10	9
24	4
7	13
9	22
10	12
18	19
24	27
10	5
4	3
13	21
22	23
12	25
18	6
2	8
# tree 269
1	15
15	20
1	2
20	24
2	18
15	14
15	10
24	27
14	7
10	9
27	4
7	13
9	22
10	12
18	19
4	3
13	21
22	23
12	25
15	5
18	6
2	8
# tree 270
1	15
15	20
1	2
2	18
15	14
15	10
18	19
14	7
10	9
15	5
20	24
19	8
7	13
9	22
5	12
24	27
8	6
13	21
22	23
12	25
24	3
24	4
# tree 271
1	15
15	20
1	2
2	18
15	14
15	10
18	19
14	7
10	9
10	5
20	24
7	13
9	22
5	12
19	8
24	27
13	21
22	23
12	25
24	3
24	4
19	6
# tree 272
1	15
15	20
1	2
2	18
15	14
15	10
18	19
14	7
10	9
10	5
20	24
7	13
9	22
5	12
19	8
24	27
13	21
22	23
12	25
24	3
24	4
2	6
# tree 273
1	15
15	20
1	2
2	18
15	14
15	10
18	19
14	7
10	9
10	5
20	24
7	13
9	22
5	12
19	8
24	27
13	21
22	23
12	25
24	3
24	4
18	6
# tree 274
1	15
15	20
1	2
2	18
15	14
15	10
14	7
10	9
10	5
20	24
2	8
7	13
9	22
5	12
18	19
24	27
8	6
13	21
22	23
12	25
24	3
24	4
# tree 275
1	15
15	20
1	2
2	18
15	14
15	10
14	7
10	9
10	5
20	24
18	8
7	13
9	22
5	12
18	19
24	27
8	6
13	21
22	23
12	25
24	3
24	4
# tree 276
1	15
15	20
1	2
2	18
15	14
15	10
20	24
18	19
14	7
10	9
15	5
24	27
7	13
9	22
5	12
19	8
27	4
13	21
22	23
12	25
24	3
19	6
# tree 277
1	15
15	20
1	2
2	18
15	14
15	10
20	24
18	19
14	7
10	9
15	5
24	27
7	13
9	22
5	12
19	8
27	4
13	21
22	23
12	25
24	3
2	6
# tree 278
1	15
15	20
1	2
2	18
15	14
15	10
20	24
18	19
14	7
10	9
15	5
24	27
7	13
9	22
5	12
19	8
27	4
13	21
22	23
12	25
24	3
18	6
# tree 279
1	15
15	20
1	2
2	18
15	14
15	10
20	24
14	7
10	9
15	5
24	27
2	8
7	13
9	22
5	12
18	19
27	4
8	6
13	21
22	23
12	25
24	3
# tree 280
1	15
15	20
1	2
2	18
15	14
15	10
20	24
14	7
10	9
15	5
24	27
18	8
7	13
9	22
5	12
18	19
27	4
8	6
13	21
22	23
12	25
24	3
# tree 281
1	15
15	20
1	2
2	18
15	14
15	10
20	24
14	7
10	9
10	5
24	27
7	13
9	22
5	12
18	19
27	4
13	21
22	23
12	25
24	3
18	6
2	8
# tree 282
1	15
15	20
1	2
20	24
2	18
15	14
15	10
18	19
14	7
10	5
10	9
19	8
7	13
24	27
5	12
9	22
8	6
13	21
9	23
1	25
24	3
20	4
# tree 283
1	15
15	20
1	2
20	24
2	18
15	14
15	10
18	19
14	7
10	5
10	9
19	8
7	13
24	27
5	12
9	22
8	6
13	21
9	23
1	25
24	3
24	4
# tree 284
1	15
15	20
1	2
20	24
2	18
15	14
15	10
18	19
14	7
24	27
15	5
10	9
19	8
7	13
27	4
5	12
9	22
8	6
13	21
9	23
1	25
24	3
# tree 285
1	15
15	20
1	2
20	24
2	18
15	14
15	10
18	19
14	7
24	27
10	5
10	9
7	13
19	8
27	4
5	12
9	22
13	21
9	23
1	25
24	3
19	6
# tree 286
1	15
15	20
1	2
20	24
2	18
15	14
15	10
18	19
14	7
24	27
10	5
10	9
7	13
19	8
27	4
5	12
9	22
13	21
9	23
1	25
24	3
2	6
# tree 287
1	15
15	20
1	2
20	24
2	18
15	14
15	10
18	19
14	7
24	27
10	5
10	9
7	13
19	8
27	4
5	12
9	22
13	21
9	23
1	25
24	3
18	6
# tree 288
1	15
15	20
1	2
20	24
2	18
15	14
15	10
14	7
24	27
10	5
10	9
2	8
7	13
18	19
27	4
5	12
9	22
8	6
13	21
9	23
1	25
24	3
# tree 289
1	15
15	20
1	2
20	24
2	18
15	14
15	10
14	7
24	27
10	5
10	9
18	8
7	13
18	19
27	4
5	12
9	22
8	6
13	21
9	23
1	25
24	3
# tree 290
1	15
15	20
1	2
2	18
15	14
15	10
20	24
18	19
14	7
15	5
10	9
24	4
19	8
7	13
24	27
5	12
9	22
4	3
8	6
13	21
9	23
1	25
# tree 291
1	15
15	20
1	2
2	18
15	14
15	10
20	24
18	19
14	7
10	5
10	9
24	4
7	13
19	8
24	27
5	12
9	22
4	3
13	21
9	23
1	25
19	6
# tree 292
1	15
15	20
1	2
2	18
15	14
15	10
20	24
18	19
14	7
10	5
10	9
24	4
7	13
19	8
24	27
5	12
9	22
4	3
13	21
9	23
1	25
2	6
# tree 293
1	15
15	20
1	2
2	18
15	14
15	10
20	24
18	19
14	7
10	5
10	9
24	4
7	13
19	8
24	27
5	12
9	22
4	3
13	21
9	23
1	25
18	6
# tree 294
1	15
15	20
1	2
2	18
15	14
15	10
20	24
14	7
10	5
10	9
24	4
2	8
7	13
18	19
24	27
5	12
9	22
4	3
8	6
13	21
9	23
1	25
# tree 295
1	15
15	20
1	2
2	18
15	14
15	10
20	24
14	7
10	5
10	9
24	4
18	8
7	13
18	19
24	27
5	12
9	22
4	3
8	6
13	21
9	23
1	25
# tree 296
1	15
15	20
1	2
20	24
2	18
15	14
15	10
24	27
18	19
14	7
15	5
10	9
27	4
7	13
19	8
5	12
9	22
4	3
13	21
9	23
1	25
19	6
# tree 297
1	15
15	20
1	2
20	24
2	18
15	14
15	10
24	27
18	19
14	7
15	5
10	9
27	4
7	13
19	8
5	12
9	22
4	3
13	21
9	23
1	25
2	6
# tree 298
1	15
15	20
1	2
20	24
2	18
15	14
15	10
24	27
18	19
14	7
15	5
10	9
27	4
7	13
19	8
5	12
9	22
4	3
13	21
9	23
1	25
18	6
# tree 299
1	15
15	20
1	2
20	24
2	18
15	14
15	10
24	27
14	7
15	5
10	9
27	4
2	8
7	13
18	19
5	12
9	22
4	3
8	6
13	21
9	23
1	25
# tree 300
1	15
15	20
1	2
20	24
2	18
15	14
15	10
24	27
14	7
15	5
10	9
27	4
18	8
7	13
18	19
5	12
9	22
4	3
8	6
13	21
9	23
1	25
# tree 301
1	15
15	20
1	2
20	24
2	18
15	14
15	10
24	27
14	7
10	5
10	9
27	4
7	13
18	19
5	12
9	22
4	3
13	21
9	23
1	25
18	6
2	8
# tree 302
1	15
15	20
1	2
2	18
15	14
15	10
18	19
14	7
15	5
20	24
10	9
19	8
7	13
5	12
24	27
9	22
8	6
13	21
12	25
9	23
24	3
24	4
# tree 303
1	15
15	20
1	2
2	18
15	14
15	10
18	19
14	7
10	5
20	24
10	9
7	13
5	12
19	8
24	27
9	22
13	21
12	25
9	23
24	3
24	4
19	6
# tree 304
1	15
15	20
1	2
2	18
15	14
15	10
18	19
14	7
10	5
20	24
10	9
7	13
5	12
19	8
24	27
9	22
13	21
12	25
9	23
24	3
24	4
2	6
# tree 305
1	15
15	20
1	2
2	18
15	14
15	10
18	19
14	7
10	5
20	24
10	9
7	13
5	12
19	8
24	27
9	22
13	21
12	25
9	23
24	3
24	4
18	6
# tree 306
1	15
15	20
1	2
2	18
15	14
15	10
14	7
10	5
20	24
10	9
2	8
7	13
5	12
18	19
24	27
9	22
8	6
13	21
12	25
9	23
24	3
24	4
# tree 307
1	15
15	20
1	2
2	18
15	14
15	10
14	7
10	5
20	24
10	9
18	8
7	13
5	12
18	19
24	27
9	22
8	6
13	21
12	25
9	23
24	3
24	4
# tree 308
1	15
15	20
1	2
2	18
15	14
20	24
15	10
18	19
14	7
15	5
24	27
10	9
7	13
5	12
19	8
27	4
9	22
13	21
12	25
9	23
24	3
19	6
# tree 309
1	15
15	20
1	2
2	18
15	14
20	24
15	10
18	19
14	7
15	5
24	27
10	9
7	13
5	12
19	8
27	4
9	22
13	21
12	25
9	23
24	3
2	6
# tree 310
1	15
15	20
1	2
2	18
15	14
20	24
15	10
18	19
14	7
15	5
24	27
10	9
7	13
5	12
19	8
27	4
9	22
13	21
12	25
9	23
24	3
18	6
# tree 311
1	15
15	20
1	2
2	18
15	14
20	24
15	10
14	7
15	5
24	27
10	9
2	8
7	13
5	12
18	19
27	4
9	22
8	6
13	21
12	25
9	23
24	3
# tree 312
1	15
15	20
1	2
2	18
15	14
20	24
15	10
14	7
15	5
24	27
10	9
18	8
7	13
5	12
18	19
27	4
9	22
8	6
13	21
12	25
9	23
24	3
# tree 313
1	15
15	20
1	2
2	18
15	14
15	10
20	24
14	7
10	5
24	27
10	9
7	13
5	12
18	19
27	4
9	22
13	21
12	25
9	23
24	3
18	6
2	8
# tree 314
1	15
1	2
15	20
2	18
15	14
15	10
20	24
18	19
14	7
15	5
10	9
24	4
7	13
5	12
19	8
24	27
9	22
4	3
13	21
12	25
9	23
19	6
# tree 315
1	15
1	2
15	20
2	18
15	14
15	10
20	24
18	19
14	7
15	5
10	9
24	4
7	13
5	12
19	8
24	27
9	22
4	3
13	21
12	25
9	23
2	6
# tree 316
1	15
1	2
15	20
2	18
15	14
15	10
20	24
18	19
14	7
15	5
10	9
24	4
7	13
5	12
19	8
24	27
9	22
4	3
13	21
12	25
9	23
18	6
# tree 317
1	15
1	2
15	20
2	18
15	14
15	10
20	24
14	7
15	5
10	9
24	4
2	8
7	13
5	12
18	19
24	27
9	22
4	3
8	6
13	21
12	25
9	23
# tree 318
1	15
1	2
15	20
2	18
15	14
15	10
20	24
14	7
15	5
10	9
24	4
18	8
7	13
5	12
18	19
24	27
9	22
4	3
8	6
13	21
12	25
9	23
# tree 319
1	15
1	2
15	20
2	18
15	14
15	10
20	24
14	7
10	5
10	9
24	4
7	13
5	12
18	19
24	27
9	22
4	3
13	21
12	25
9	23
18	6
2	8
# tree 320
1	15
15	20
1	2
20	24
2	18
15	14
15	10
24	27
14	7
15	5
10	9
27	4
7	13
5	12
18	19
9	22
4	3
13	21
12	25
9	23
18	6
2	8
# tree 321
1	15
15	20
1	2
2	18
15	14
15	10
18	19
14	7
10	9
20	24
15	5
19	8
7	13
9	22
24	27
5	12
8	6
13	21
22	23
1	25
24	3
24	4
# tree 322
1	15
15	20
1	2
2	18
15	14
15	10
18	19
14	7
10	9
20	24
10	5
7	13
9	22
19	8
24	27
5	12
13	21
22	23
1	25
24	3
24	4
19	6
# tree 323
1	15
15	20
1	2
2	18
15	14
15	10
18	19
14	7
10	9
20	24
10	5
7	13
9	22
19	8
24	27
5	12
13	21
22	23
1	25
24	3
24	4
2	6
# tree 324
1	15
15	20
1	2
2	18
15	14
15	10
18	19
14	7
10	9
20	24
10	5
7	13
9	22
19	8
24	27
5	12
13	21
22	23
1	25
24	3
24	4
18	6
# tree 325
1	15
15	20
1	2
2	18
15	14
15	10
14	7
10	9
20	24
10	5
2	8
7	13
9	22
18	19
24	27
5	12
8	6
13	21
22	23
1	25
24	3
24	4
# tree 326
1	15
15	20
1	2
2	18
15	14
15	10
14	7
10	9
20	24
10	5
18	8
7	13
9	22
18	19
24	27
5	12
8	6
13	21
22	23
1	25
24	3
24	4
# tree 327
1	15
15	20
1	2
2	18
15	14
15	10
20	24
18	19
14	7
10	9
24	27
15	5
7	13
9	22
19	8
27	4
5	12
13	21
22	23
1	25
24	3
19	6
# tree 328
1	15
15	20
1	2
2	18
15	14
15	10
20	24
18	19
14	7
10	9
24	27
15	5
7	13
9	22
19	8
27	4
5	12
13	21
22	23
1	25
24	3
2	6
# tree 329
1	15
15	20
1	2
2	18
15	14
15	10
20	24
18	19
14	7
10	9
24	27
15	5
7	13
9	22
19	8
27	4
5	12
13	21
22	23
1	25
24	3
18	6
# tree 330
1	15
15	20
1	2
2	18
15	14
15	10
20	24
14	7
10	9
24	27
15	5
2	8
7	13
9	22
18	19
27	4
5	12
8	6
13	21
22	23
1	25
24	3
# tree 331
1	15
15	20
1	2
2	18
15	14
15	10
20	24
14	7
10	9
24	27
15	5
18	8
7	13
9	22
18	19
27	4
5	12
8	6
13	21
22	23
1	25
24	3
# tree 332
1	15
15	20
1	2
2	18
15	14
15	10
20	24
14	7
10	9
24	27
10	5
7	13
9	22
18	19
27	4
5	12
13	21
22	23
1	25
24	3
18	6
2	8
# tree 333
1	15
1	2
15	20
2	18
15	14
15	10
20	24
18	19
14	7
10	9
15	5
24	4
7	13
9	22
19	8
24	27
5	12
4	3
13	21
22	23
1	25
19	6
# tree 334
1	15
1	2
15	20
2	18
15	14
15	10
20	24
18	19
14	7
10	9
15	5
24	4
7	13
9	22
19	8
24	27
5	12
4	3
13	21
22	23
1	25
2	6
# tree 335
1	15
1	2
15	20
2	18
15	14
15	10
20	24
18	19
14	7
10	9
15	5
24	4
7	13
9	22
19	8
24	27
5	12
4	3
13	21
22	23
1	25
18	6
# tree 336
1	15
1	2
15	20
2	18
15	14
15	10
20	24
14	7
10	9
15	5
24	4
2	8
7	13
9	22
18	19
24	27
5	12
4	3
8	6
13	21
22	23
1	25
# tree 337
1	15
1	2
15	20
2	18
15	14
15	10
20	24
14	7
10	9
15	5
24	4
18	8
7	13
9	22
18	19
24	27
5	12
4	3
8	6
13	21
22	23
1	25
# tree 338
1	15
1	2
15	20
2	18
15	14
15	10
20	24
14	7
10	9
10	5
24	4
7	13
9	22
18	19
24	27
5	12
4	3
13	21
22	23
1	25
18	6
2	8
# tree 339
1	15
15	20
1	2
20	24
2	18
15	14
15	10
24	27
14	7
10	9
15	5
27	4
7	13
9	22
18	19
5	12
4	3
13	21
22	23
1	25
18	6
2	8
# tree 340
1	15
1	2
15	20
2	18
15	14
15	10
20	24
14	7
10	9
15	5
24	4
7	13
9	22
5	12
18	19
24	27
4	3
13	21
22	23
12	25
18	6
2	8
# tree 341
1	15
15	20
1	2
20	24
2	18
15	14
15	10
18	19
14	7
10	9
19	8
7	13
24	27
10	12
9	22
10	5
8	6
13	21
9	23
1	25
24	3
20	4
# tree 342
1	15
15	20
1	2
20	24
2	18
15	14
15	10
18	19
14	7
10	9
19	8
7	13
24	27
10	12
9	22
10	5
8	6
13	21
9	23
1	25
24	3
24	4
# tree 343
1	15
15	20
1	2
20	24
2	18
15	14
15	10
18	19
14	7
24	27
10	9
19	8
7	13
27	4
10	12
9	22
8	6
13	21
9	23
1	25
24	3
15	5
# tree 344
1	15
15	20
1	2
20	24
2	18
15	14
15	10
18	19
14	7
24	27
10	9
7	13
19	8
27	4
10	12
9	22
10	5
13	21
9	23
1	25
24	3
19	6
# tree 345
1	15
15	20
1	2
20	24
2	18
15	14
15	10
18	19
14	7
24	27
10	9
7	13
19	8
27	4
10	12
9	22
10	5
13	21
9	23
1	25
24	3
2	6
# tree 346
1	15
15	20
1	2
20	24
2	18
15	14
15	10
18	19
14	7
24	27
10	9
7	13
19	8
27	4
10	12
9	22
10	5
13	21
9	23
1	25
24	3
18	6
# tree 347
1	15
15	20
1	2
20	24
2	18
15	14
15	10
14	7
24	27
10	9
2	8
7	13
18	19
27	4
10	12
9	22
10	5
8	6
13	21
9	23
1	25
24	3
# tree 348
1	15
15	20
1	2
20	24
2	18
15	14
15	10
14	7
24	27
10	9
18	8
7	13
18	19
27	4
10	12
9	22
10	5
8	6
13	21
9	23
1	25
24	3
# tree 349
1	15
15	20
1	2
2	18
15	14
15	10
20	24
18	19
14	7
10	9
24	4
19	8
7	13
24	27
10	12
9	22
4	3
8	6
13	21
9	23
1	25
15	5
# tree 350
1	15
15	20
1	2
2	18
15	14
15	10
20	24
18	19
14	7
10	9
24	4
7	13
19	8
24	27
10	12
9	22
10	5
4	3
13	21
9	23
1	25
19	6
# tree 351
1	15
15	20
1	2
2	18
15	14
15	10
20	24
18	19
14	7
10	9
24	4
7	13
19	8
24	27
10	12
9	22
10	5
4	3
13	21
9	23
1	25
2	6
# tree 352
1	15
15	20
1	2
2	18
15	14
15	10
20	24
18	19
14	7
10	9
24	4
7	13
19	8
24	27
10	12
9	22
10	5
4	3
13	21
9	23
1	25
18	6
# tree 353
1	15
15	20
1	2
2	18
15	14
15	10
20	24
14	7
10	9
24	4
2	8
7	13
18	19
24	27
10	12
9	22
10	5
4	3
8	6
13	21
9	23
1	25
# tree 354
1	15
15	20
1	2
2	18
15	14
15	10
20	24
14	7
10	9
24	4
18	8
7	13
18	19
24	27
10	12
9	22
10	5
4	3
8	6
13	21
9	23
1	25
# tree 355
1	15
15	20
1	2
20	24
2	18
15	14
15	10
24	27
18	19
14	7
10	9
27	4
7	13
19	8
10	12
9	22
4	3
13	21
9	23
1	25
15	5
19	6
# tree 356
1	15
15	20
1	2
20	24
2	18
15	14
15	10
24	27
18	19
14	7
10	9
27	4
7	13
19	8
10	12
9	22
4	3
13	21
9	23
1	25
15	5
2	6
# tree 357
1	15
15	20
1	2
20	24
2	18
15	14
15	10
24	27
18	19
14	7
10	9
27	4
7	13
19	8
10	12
9	22
4	3
13	21
9	23
1	25
15	5
18	6
# tree 358
1	15
15	20
1	2
20	24
2	18
15	14
15	10
24	27
14	7
10	9
27	4
2	8
7	13
18	19
10	12
9	22
4	3
8	6
13	21
9	23
1	25
15	5
# tree 359
1	15
15	20
1	2
20	24
2	18
15	14
15	10
24	27
14	7
10	9
27	4
18	8
7	13
18	19
10	12
9	22
4	3
8	6
13	21
9	23
1	25
15	5
# tree 360
1	15
15	20
1	2
20	24
2	18
15	14
15	10
24	27
14	7
10	9
27	4
7	13
18	19
10	12
9	22
10	5
4	3
13	21
9	23
1	25
18	6
2	8
# tree 361
1	15
15	20
1	2
2	18
15	14
15	10
18	19
14	7
20	24
10	9
19	8
7	13
10	12
24	27
9	22
8	6
13	21
12	25
9	23
24	3
24	4
15	5
# tree 362
1	15
15	20
1	2
2	18
15	14
15	10
18	19
14	7
20	24
10	9
7	13
10	12
19	8
24	27
9	22
10	5
13	21
12	25
9	23
24	3
24	4
19	6
# tree 363
1	15
15	20
1	2
2	18
15	14
15	10
18	19
14	7
20	24
10	9
7	13
10	12
19	8
24	27
9	22
10	5
13	21
12	25
9	23
24	3
24	4
2	6
# tree 364
1	15
15	20
1	2
2	18
15	14
15	10
18	19
14	7
20	24
10	9
7	13
10	12
19	8
24	27
9	22
10	5
13	21
12	25
9	23
24	3
24	4
18	6
# tree 365
1	15
15	20
1	2
2	18
15	14
15	10
14	7
20	24
10	9
2	8
7	13
10	12
18	19
24	27
9	22
10	5
8	6
13	21
12	25
9	23
24	3
24	4
# tree 366
1	15
15	20
1	2
2	18
15	14
15	10
14	7
20	24
10	9
18	8
7	13
10	12
18	19
24	27
9	22
10	5
8	6
13	21
12	25
9	23
24	3
24	4
# tree 367
1	15
15	20
1	2
2	18
15	14
20	24
15	10
18	19
14	7
24	27
10	9
7	13
10	12
19	8
27	4
9	22
13	21
12	25
9	23
24	3
15	5
19	6
# tree 368
1	15
15	20
1	2
2	18
15	14
20	24
15	10
18	19
14	7
24	27
10	9
7	13
10	12
19	8
27	4
9	22
13	21
12	25
9	23
24	3
15	5
2	6
# tree 369
1	15
15	20
1	2
2	18
15	14
20	24
15	10
18	19
14	7
24	27
10	9
7	13
10	12
19	8
27	4
9	22
13	21
12	25
9	23
24	3
15	5
18	6
# tree 370
1	15
15	20
1	2
2	18
15	14
20	24
15	10
14	7
24	27
10	9
2	8
7	13
10	12
18	19
27	4
9	22
8	6
13	21
12	25
9	23
24	3
15	5
# tree 371
1	15
15	20
1	2
2	18
15	14
20	24
15	10
14	7
24	27
10	9
18	8
7	13
10	12
18	19
27	4
9	22
8	6
13	21
12	25
9	23
24	3
15	5
# tree 372
1	15
15	20
1	2
2	18
15	14
20	24
15	10
14	7
24	27
10	9
7	13
10	12
18	19
27	4
9	22
10	5
13	21
12	25
9	23
24	3
18	6
2	8
# tree 373
1	15
1	2
15	20
2	18
15	14
15	10
20	24
18	19
14	7
10	9
24	4
7	13
10	12
19	8
24	27
9	22
4	3
13	21
12	25
9	23
15	5
19	6
# tree 374
1	15
1	2
15	20
2	18
15	14
15	10
20	24
18	19
14	7
10	9
24	4
7	13
10	12
19	8
24	27
9	22
4	3
13	21
12	25
9	23
15	5
2	6
# tree 375
1	15
1	2
15	20
2	18
15	14
15	10
20	24
18	19
14	7
10	9
24	4
7	13
10	12
19	8
24	27
9	22
4	3
13	21
12	25
9	23
15	5
18	6
# tree 376
1	15
1	2
15	20
2	18
15	14
15	10
20	24
14	7
10	9
24	4
2	8
7	13
10	12
18	19
24	27
9	22
4	3
8	6
13	21
12	25
9	23
15	5
# tree 377
1	15
1	2
15	20
2	18
15	14
15	10
20	24
14	7
10	9
24	4
18	8
7	13
10	12
18	19
24	27
9	22
4	3
8	6
13	21
12	25
9	23
15	5
# tree 378
1	15
1	2
15	20
2	18
15	14
15	10
20	24
14	7
10	9
24	4
7	13
10	12
18	19
24	27
9	22
10	5
4	3
13	21
12	25
9	23
18	6
2	8
# tree 379
1	15
15	20
1	2
20	24
2	18
15	14
15	10
24	27
14	7
10	9
27	4
7	13
10	12
18	19
9	22
4	3
13	21
12	25
9	23
15	5
18	6
2	8
# tree 380
1	15
15	20
1	2
2	18
15	14
15	10
18	19
14	7
10	9
20	24
19	8
7	13
9	22
24	27
10	12
8	6
13	21
22	23
1	25
24	3
24	4
15	5
# tree 381
1	15
15	20
1	2
2	18
15	14
15	10
18	19
14	7
10	9
20	24
7	13
9	22
19	8
24	27
10	12
10	5
13	21
22	23
1	25
24	3
24	4
19	6
# tree 382
1	15
15	20
1	2
2	18
15	14
15	10
18	19
14	7
10	9
20	24
7	13
9	22
19	8
24	27
10	12
10	5
13	21
22	23
1	25
24	3
24	4
2	6
# tree 383
1	15
15	20
1	2
2	18
15	14
15	10
18	19
14	7
10	9
20	24
7	13
9	22
19	8
24	27
10	12
10	5
13	21
22	23
1	25
24	3
24	4
18	6
# tree 384
1	15
15	20
1	2
2	18
15	14
15	10
14	7
10	9
20	24
2	8
7	13
9	22
18	19
24	27
10	12
10	5
8	6
13	21
22	23
1	25
24	3
24	4
# tree 385
1	15
15	20
1	2
2	18
15	14
15	10
14	7
10	9
20	24
18	8
7	13
9	22
18	19
24	27
10	12
10	5
8	6
13	21
22	23
1	25
24	3
24	4
# tree 386
1	15
15	20
1	2
2	18
15	14
15	10
20	24
18	19
14	7
10	9
24	27
7	13
9	22
19	8
27	4
10	12
13	21
22	23
1	25
24	3
15	5
19	6
# tree 387
1	15
15	20
1	2
2	18
15	14
15	10
20	24
18	19
14	7
10	9
24	27
7	13
9	22
19	8
27	4
10	12
13	21
22	23
1	25
24	3
15	5
2	6
# tree 388
1	15
15	20
1	2
2	18
15	14
15	10
20	24
18	19
14	7
10	9
24	27
7	13
9	22
19	8
27	4
10	12
13	21
22	23
1	25
24	3
15	5
18	6
# tree 389
1	15
15	20
1	2
2	18
15	14
15	10
20	24
14	7
10	9
24	27
2	8
7	13
9	22
18	19
27	4
10	12
8	6
13	21
22	23
1	25
24	3
15	5
# tree 390
1	15
15	20
1	2
2	18
15	14
15	10
20	24
14	7
10	9
24	27
18	8
7	13
9	22
18	19
27	4
10	12
8	6
13	21
22	23
1	25
24	3
15	5
# tree 391
1	15
15	20
1	2
2	18
15	14
15	10
20	24
14	7
10	9
24	27
7	13
9	22
18	19
27	4
10	12
10	5
13	21
22	23
1	25
24	3
18	6
2	8
# tree 392
1	15
1	2
15	20
2	18
15	14
15	10
20	24
18	19
14	7
10	9
24	4
7	13
9	22
19	8
24	27
10	12
4	3
13	21
22	23
1	25
15	5
19	6
# tree 393
1	15
1	2
15	20
2	18
15	14
15	10
20	24
18	19
14	7
10	9
24	4
7	13
9	22
19	8
24	27
10	12
4	3
13	21
22	23
1	25
15	5
2	6
# tree 394
1	15
1	2
15	20
2	18
15	14
15	10
20	24
18	19
14	7
10	9
24	4
7	13
9	22
19	8
24	27
10	12
4	3
13	21
22	23
1	25
15	5
18	6
# tree 395
1	15
1	2
15	20
2	18
15	14
15	10
20	24
14	7
10	9
24	4
2	8
7	13
9	22
18	19
24	27
10	12
4	3
8	6
13	21
22	23
1	25
15	5
# tree 396
1	15
1	2
15	20
2	18
15	14
15	10
20	24
14	7
10	9
24	4
18	8
7	13
9	22
18	19
24	27
10	12
4	3
8	6
13	21
22	23
1	25
15	5
# tree 397
1	15
1	2
15	20
2	18
15	14
15	10
20	24
14	7
10	9
24	4
7	13
9	22
18	19
24	27
10	12
10	5
4	3
13	21
22	23
1	25
18	6
2	8
# tree 398
1	15
15	20
1	2
20	24
2	18
15	14
15	10
24	27
14	7
10	9
27	4
7	13
9	22
18	19
10	12
4	3
13	21
22	23
1	25
15	5
18	6
2	8
# tree 399
1	15
1	2
2	18
15	14
15	10
15	20
18	19
14	7
10	9
20	24
7	13
9	22
10	12
19	8
24	27
13	21
22	23
12	25
24	3
24	4
15	5
19	6
# tree 400
1	15
1	2
2	18
15	14
15	10
15	20
18	19
14	7
10	9
20	24
7	13
9	22
10	12
19	8
24	27
13	21
22	23
12	25
24	3
24	4
15	5
2	6
# tree 401
1	15
1	2
2	18
15	14
15	10
15	20
18	19
14	7
10	9
20	24
7	13
9	22
10	12
19	8
24	27
13	21
22	23
12	25
24	3
24	4
15	5
18	6
# tree 402
1	15
1	2
2	18
15	14
15	10
15	20
14	7
10	9
20	24
2	8
7	13
9	22
10	12
18	19
24	27
8	6
13	21
22	23
12	25
24	3
24	4
15	5
# tree 403
1	15
1	2
2	18
15	14
15	10
15	20
14	7
10	9
20	24
18	8
7	13
9	22
10	12
18	19
24	27
8	6
13	21
22	23
12	25
24	3
24	4
15	5
# tree 404
1	15
1	2
2	18
15	14
15	10
15	20
14	7
10	9
20	24
7	13
9	22
10	12
18	19
24	27
10	5
13	21
22	23
12	25
24	3
24	4
18	6
2	8
# tree 405
1	15
1	2
15	20
2	18
15	14
15	10
20	24
14	7
10	9
24	27
7	13
9	22
10	12
18	19
27	4
13	21
22	23
12	25
24	3
15	5
18	6
2	8
# tree 406
1	15
1	2
15	20
2	18
15	14
15	10
20	24
14	7
10	9
24	4
7	13
9	22
10	12
18	19
24	27
4	3
13	21
22	23
12	25
15	5
18	6
2	8
# tree 407
1	15
1	2
2	18
15	14
15	10
15	20
18	19
14	7
10	9
15	5
20	24
7	13
9	22
5	12
19	8
24	27
13	21
22	23
12	25
24	3
24	4
19	6
# tree 408
1	15
1	2
2	18
15	14
15	10
15	20
18	19
14	7
10	9
15	5
20	24
7	13
9	22
5	12
19	8
24	27
13	21
22	23
12	25
24	3
24	4
2	6
# tree 409
1	15
1	2
2	18
15	14
15	10
15	20
18	19
14	7
10	9
15	5
20	24
7	13
9	22
5	12
19	8
24	27
13	21
22	23
12	25
24	3
24	4
18	6
# tree 410
1	15
1	2
2	18
15	14
15	10
15	20
14	7
10	9
15	5
20	24
2	8
7	13
9	22
5	12
18	19
24	27
8	6
13	21
22	23
12	25
24	3
24	4
# tree 411
1	15
1	2
2	18
15	14
15	10
15	20
14	7
10	9
15	5
20	24
18	8
7	13
9	22
5	12
18	19
24	27
8	6
13	21
22	23
12	25
24	3
24	4
# tree 412
1	15
1	2
2	18
15	14
15	10
15	20
14	7
10	9
10	5
20	24
7	13
9	22
5	12
18	19
24	27
13	21
22	23
12	25
24	3
24	4
18	6
2	8
# tree 413
1	15
1	2
15	20
2	18
15	14
15	10
20	24
14	7
10	9
15	5
24	27
7	13
9	22
5	12
18	19
27	4
13	21
22	23
12	25
24	3
18	6
2	8
# tree 414
1	15
15	20
1	2
2	18
15	14
15	10
18	19
14	7
20	24
15	5
10	9
19	8
7	13
24	27
5	12
9	22
8	6
13	21
9	23
1	25
24	3
24	4
# tree 415
1	15
15	20
1	2
2	18
15	14
15	10
18	19
14	7
20	24
10	5
10	9
7	13
19	8
24	27
5	12
9	22
13	21
9	23
1	25
24	3
24	4
19	6
# tree 416
1	15
15	20
1	2
2	18
15	14
15	10
18	19
14	7
20	24
10	5
10	9
7	13
19	8
24	27
5	12
9	22
13	21
9	23
1	25
24	3
24	4
2	6
# tree 417
1	15
15	20
1	2
2	18
15	14
15	10
18	19
14	7
20	24
10	5
10	9
7	13
19	8
24	27
5	12
9	22
13	21
9	23
1	25
24	3
24	4
18	6
# tree 418
1	15
15	20
1	2
2	18
15	14
15	10
14	7
20	24
10	5
10	9
2	8
7	13
18	19
24	27
5	12
9	22
8	6
13	21
9	23
1	25
24	3
24	4
# tree 419
1	15
15	20
1	2
2	18
15	14
15	10
14	7
20	24
10	5
10	9
18	8
7	13
18	19
24	27
5	12
9	22
8	6
13	21
9	23
1	25
24	3
24	4
# tree 420
1	15
15	20
1	2
2	18
15	14
20	24
15	10
18	19
14	7
24	27
15	5
10	9
7	13
19	8
27	4
5	12
9	22
13	21
9	23
1	25
24	3
19	6
# tree 421
1	15
15	20
1	2
2	18
15	14
20	24
15	10
18	19
14	7
24	27
15	5
10	9
7	13
19	8
27	4
5	12
9	22
13	21
9	23
1	25
24	3
2	6
# tree 422
1	15
15	20
1	2
2	18
15	14
20	24
15	10
18	19
14	7
24	27
15	5
10	9
7	13
19	8
27	4
5	12
9	22
13	21
9	23
1	25
24	3
18	6
# tree 423
1	15
15	20
1	2
2	18
15	14
20	24
15	10
14	7
24	27
15	5
10	9
2	8
7	13
18	19
27	4
5	12
9	22
8	6
13	21
9	23
1	25
24	3
# tree 424
1	15
15	20
1	2
2	18
15	14
20	24
15	10
14	7
24	27
15	5
10	9
18	8
7	13
18	19
27	4
5	12
9	22
8	6
13	21
9	23
1	25
24	3
# tree 425
1	15
15	20
1	2
2	18
15	14
20	24
15	10
14	7
24	27
10	5
10	9
7	13
18	19
27	4
5	12
9	22
13	21
9	23
1	25
24	3
18	6
2	8
# tree 426
1	15
1	2
15	20
2	18
15	14
15	10
20	24
18	19
14	7
15	5
10	9
24	4
7	13
19	8
24	27
5	12
9	22
4	3
13	21
9	23
1	25
19	6
# tree 427
1	15
1	2
15	20
2	18
15	14
15	10
20	24
18	19
14	7
15	5
10	9
24	4
7	13
19	8
24	27
5	12
9	22
4	3
13	21
9	23
1	25
2	6
# tree 428
1	15
1	2
15	20
2	18
15	14
15	10
20	24
18	19
14	7
15	5
10	9
24	4
7	13
19	8
24	27
5	12
9	22
4	3
13	21
9	23
1	25
18	6
# tree 429
1	15
1	2
15	20
2	18
15	14
15	10
20	24
14	7
15	5
10	9
24	4
2	8
7	13
18	19
24	27
5	12
9	22
4	3
8	6
13	21
9	23
1	25
# tree 430
1	15
1	2
15	20
2	18
15	14
15	10
20	24
14	7
15	5
10	9
24	4
18	8
7	13
18	19
24	27
5	12
9	22
4	3
8	6
13	21
9	23
1	25
# tree 431
1	15
1	2
15	20
2	18
15	14
15	10
20	24
14	7
10	5
10	9
24	4
7	13
18	19
24	27
5	12
9	22
4	3
13	21
9	23
1	25
18	6
2	8
# tree 432
1	15
15	20
1	2
20	24
2	18
15	14
15	10
24	27
14	7
15	5
10	9
27	4
7	13
18	19
5	12
9	22
4	3
13	21
9	23
1	25
18	6
2	8
# tree 433
1	15
1	2
2	18
15	14
15	20
15	10
18	19
14	7
15	5
20	24
10	9
7	13
5	12
19	8
24	27
9	22
13	21
12	25
9	23
24	3
24	4
19	6
# tree 434
1	15
1	2
2	18
15	14
15	20
15	10
18	19
14	7
15	5
20	24
10	9
7	13
5	12
19	8
24	27
9	22
13	21
12	25
9	23
24	3
24	4
2	6
# tree 435
1	15
1	2
2	18
15	14
15	20
15	10
18	19
14	7
15	5
20	24
10	9
7	13
5	12
19	8
24	27
9	22
13	21
12	25
9	23
24	3
24	4
18	6
# tree 436
1	15
1	2
2	18
15	14
15	20
15	10
14	7
15	5
20	24
10	9
2	8
7	13
5	12
18	19
24	27
9	22
8	6
13	21
12	25
9	23
24	3
24	4
# tree 437
1	15
1	2
2	18
15	14
15	20
15	10
14	7
15	5
20	24
10	9
18	8
7	13
5	12
18	19
24	27
9	22
8	6
13	21
12	25
9	23
24	3
24	4
# tree 438
1	15
1	2
2	18
15	14
15	10
15	20
14	7
10	5
20	24
10	9
7	13
5	12
18	19
24	27
9	22
13	21
12	25
9	23
24	3
24	4
18	6
2	8
# tree 439
1	15
1	2
15	20
2	18
15	14
20	24
15	10
14	7
15	5
24	27
10	9
7	13
5	12
18	19
27	4
9	22
13	21
12	25
9	23
24	3
18	6
2	8
# tree 440
1	15
1	2
15	20
2	18
15	14
15	10
20	24
14	7
15	5
10	9
24	4
7	13
5	12
18	19
24	27
9	22
4	3
13	21
12	25
9	23
18	6
2	8
# tree 441
1	15
1	2
2	18
15	14
15	10
15	20
18	19
14	7
10	9
20	24
15	5
7	13
9	22
19	8
24	27
5	12
13	21
22	23
1	25
24	3
24	4
19	6
# tree 442
1	15
1	2
2	18
15	14
15	10
15	20
18	19
14	7
10	9
20	24
15	5
7	13
9	22
19	8
24	27
5	12
13	21
22	23
1	25
24	3
24	4
2	6
# tree 443
1	15
1	2
2	18
15	14
15	10
15	20
18	19
14	7
10	9
20	24
15	5
7	13
9	22
19	8
24	27
5	12
13	21
22	23
1	25
24	3
24	4
18	6
# tree 444
1	15
1	2
2	18
15	14
15	10
15	20
14	7
10	9
20	24
15	5
2	8
7	13
9	22
18	19
24	27
5	12
8	6
13	21
22	23
1	25
24	3
24	4
# tree 445
1	15
1	2
2	18
15	14
15	10
15	20
14	7
10	9
20	24
15	5
18	8
7	13
9	22
18	19
24	27
5	12
8	6
13	21
22	23
1	25
24	3
24	4
# tree 446
1	15
1	2
2	18
15	14
15	10
15	20
14	7
10	9
20	24
10	5
7	13
9	22
18	19
24	27
5	12
13	21
22	23
1	25
24	3
24	4
18	6
2	8
# tree 447
1	15
1	2
15	20
2	18
15	14
15	10
20	24
14	7
10	9
24	27
15	5
7	13
9	22
18	19
27	4
5	12
13	21
22	23
1	25
24	3
18	6
2	8
# tree 448
1	15
1	2
15	20
2	18
15	14
15	10
20	24
14	7
10	9
15	5
24	4
7	13
9	22
18	19
24	27
5	12
4	3
13	21
22	23
1	25
18	6
2	8
