### 370 trees
# tree 1
1	4
21	7
15	9
17	15
1	16
1	17
4	18
17	21
17	22
4	2
17	3
21	8
16	10
18	11
7	12
7	14
15	19
9	20
22	23
# tree 2
17	21
17	15
1	17
1	4
1	16
4	18
21	7
15	9
17	22
17	3
21	8
16	10
18	11
7	12
7	14
15	19
9	20
22	23
1	2
# tree 3
17	21
1	17
1	4
1	16
4	18
21	7
17	15
17	9
17	22
4	2
17	3
21	8
16	10
18	11
7	12
7	14
15	19
9	20
22	23
# tree 4
17	21
1	17
1	4
1	16
4	18
21	7
17	15
1	9
17	22
4	2
17	3
21	8
16	10
18	11
7	12
7	14
15	19
9	20
22	23
# tree 5
17	21
17	15
1	17
1	4
1	16
21	7
15	9
17	22
4	18
4	2
17	3
21	8
16	10
7	12
7	14
15	19
9	20
22	23
1	11
# tree 6
17	21
17	15
1	17
1	4
1	16
21	7
15	9
17	22
4	18
4	2
17	3
21	8
16	10
7	12
7	14
15	19
9	20
22	23
4	11
# tree 7
17	21
17	15
1	17
1	4
1	16
4	18
21	7
15	9
17	22
4	2
17	3
21	8
16	10
18	11
7	14
15	19
9	20
22	23
21	12
# tree 8
17	21
17	15
1	17
1	4
1	16
4	18
21	7
15	9
17	22
4	2
17	3
21	8
16	10
18	11
7	14
15	19
9	20
22	23
1	12
# tree 9
17	21
17	15
1	17
1	4
1	16
4	18
21	7
15	9
17	22
4	2
17	3
21	8
16	10
18	11
7	14
15	19
9	20
22	23
17	12
# tree 10
17	21
17	15
1	17
1	4
1	16
4	18
21	7
15	9
17	22
4	2
17	3
21	8
16	10
18	11
7	12
15	19
9	20
22	23
21	14
# tree 11
17	21
17	15
1	17
1	4
1	16
4	18
21	7
15	9
17	22
21	8
4	2
17	3
16	10
18	11
7	12
15	19
9	20
22	23
8	14
# tree 12
17	21
1	15
1	4
1	17
1	16
4	18
21	7
15	9
17	22
4	2
17	3
21	8
16	10
18	11
7	12
7	14
15	19
9	20
22	23
# tree 13
17	21
17	15
1	17
1	4
1	16
4	18
21	7
15	9
17	22
4	2
17	3
21	8
16	10
18	11
7	12
7	14
9	20
22	23
17	19
# tree 14
17	21
17	15
1	17
1	4
1	16
4	18
21	7
15	9
17	22
4	2
17	3
21	8
16	10
18	11
7	12
7	14
9	20
22	23
1	19
# tree 15
17	21
17	15
1	17
1	4
1	16
4	18
21	7
17	22
15	9
4	2
17	3
21	8
16	10
18	11
7	12
7	14
15	19
22	23
15	20
# tree 16
17	21
17	15
1	17
1	4
1	16
4	18
21	7
17	22
15	19
15	9
4	2
17	3
21	8
16	10
18	11
7	12
7	14
22	23
19	20
# tree 17
17	21
17	15
1	17
1	4
1	16
4	18
21	7
15	9
17	22
4	2
17	3
21	8
16	10
18	11
7	12
7	14
15	19
9	20
17	23
# tree 18
1	17
17	21
17	15
1	4
1	16
21	7
15	9
17	22
4	18
4	2
17	3
21	8
16	10
7	14
15	19
9	20
22	23
4	11
21	12
# tree 19
1	17
17	21
17	15
1	4
1	16
21	7
15	9
17	22
4	18
4	2
17	3
21	8
16	10
7	14
15	19
9	20
22	23
4	11
1	12
# tree 20
1	17
17	21
17	15
1	4
1	16
21	7
15	9
17	22
4	18
4	2
17	3
21	8
16	10
7	14
15	19
9	20
22	23
4	11
17	12
# tree 21
1	17
17	21
17	15
1	4
1	16
21	7
15	9
17	22
4	18
4	2
17	3
21	8
16	10
7	12
15	19
9	20
22	23
4	11
21	14
# tree 22
1	17
17	21
17	15
1	4
1	16
21	7
15	9
17	22
4	18
4	2
17	3
21	8
16	10
7	12
15	19
9	20
22	23
4	11
1	14
# tree 23
1	17
17	21
1	15
1	4
1	16
21	7
15	9
17	22
4	18
4	2
17	3
21	8
16	10
7	12
7	14
15	19
9	20
22	23
4	11
# tree 24
1	17
17	21
17	15
1	4
1	16
21	7
15	9
17	22
4	18
4	2
17	3
21	8
16	10
7	12
7	14
9	20
22	23
4	11
17	19
# tree 25
1	17
17	21
17	15
1	4
1	16
21	7
15	9
17	22
4	18
4	2
17	3
21	8
16	10
7	12
7	14
9	20
22	23
4	11
1	19
# tree 26
1	17
17	21
17	15
1	4
1	16
21	7
15	9
17	22
4	18
17	3
21	8
16	10
7	12
7	14
15	19
9	20
22	23
4	11
1	2
# tree 27
1	17
17	21
17	15
1	4
1	16
21	7
17	22
15	9
4	18
4	2
17	3
21	8
16	10
7	12
7	14
15	19
22	23
4	11
15	20
# tree 28
1	17
17	21
17	15
1	4
1	16
21	7
17	22
15	9
4	18
4	2
17	3
21	8
16	10
7	12
7	14
15	19
22	23
4	11
17	20
# tree 29
1	17
17	21
17	15
1	4
1	16
21	7
15	9
17	22
4	18
4	2
17	3
21	8
16	10
7	12
7	14
15	19
9	20
4	11
17	23
# tree 30
1	17
17	21
1	4
1	16
21	7
17	15
17	9
17	22
4	18
4	2
17	3
21	8
16	10
7	12
7	14
15	19
9	20
22	23
4	11
# tree 31
1	17
17	21
1	4
1	16
21	7
17	15
1	9
17	22
4	18
4	2
17	3
21	8
16	10
7	12
7	14
15	19
9	20
22	23
4	11
# tree 32
1	17
1	4
17	21
17	15
1	16
4	18
15	9
17	22
21	7
4	2
17	3
21	8
16	10
18	11
15	19
9	20
22	23
17	12
21	14
# tree 33
1	17
1	4
17	21
17	15
1	16
4	18
15	9
17	22
21	7
4	2
17	3
21	8
16	10
18	11
15	19
9	20
22	23
17	12
1	14
# tree 34
1	17
1	4
17	21
1	15
1	16
4	18
21	7
15	9
17	22
4	2
17	3
21	8
16	10
18	11
7	14
15	19
9	20
22	23
17	12
# tree 35
1	17
1	4
17	21
17	15
1	16
4	18
21	7
15	9
17	22
4	2
17	3
21	8
16	10
18	11
7	14
9	20
22	23
17	12
17	19
# tree 36
1	17
1	4
17	21
17	15
1	16
4	18
21	7
15	9
17	22
4	2
17	3
21	8
16	10
18	11
7	14
9	20
22	23
17	12
1	19
# tree 37
1	17
1	4
17	21
17	15
1	16
4	18
21	7
15	9
17	22
17	3
21	8
16	10
18	11
7	14
15	19
9	20
22	23
17	12
1	2
# tree 38
1	17
1	4
17	21
17	15
1	16
4	18
21	7
17	22
15	9
4	2
17	3
21	8
16	10
18	11
7	14
15	19
22	23
17	12
15	20
# tree 39
1	17
1	4
17	21
17	15
1	16
4	18
21	7
17	22
15	9
4	2
17	3
21	8
16	10
18	11
7	14
15	19
22	23
17	12
17	20
# tree 40
1	17
1	4
17	21
17	15
1	16
4	18
21	7
15	9
17	22
4	2
17	3
21	8
16	10
18	11
7	14
15	19
9	20
17	12
17	23
# tree 41
1	17
1	4
17	21
1	16
4	18
21	7
17	15
17	9
17	22
4	2
17	3
21	8
16	10
18	11
7	14
15	19
9	20
22	23
17	12
# tree 42
1	17
1	4
17	21
1	16
4	18
21	7
17	15
1	9
17	22
4	2
17	3
21	8
16	10
18	11
7	14
15	19
9	20
22	23
17	12
# tree 43
1	17
1	4
17	21
1	15
1	16
4	18
21	7
15	9
17	22
21	8
4	2
17	3
16	10
18	11
7	12
15	19
9	20
22	23
8	14
# tree 44
1	17
1	4
17	21
17	15
1	16
4	18
21	7
15	9
17	22
21	8
4	2
17	3
16	10
18	11
7	12
9	20
22	23
8	14
17	19
# tree 45
1	17
1	4
17	21
17	15
1	16
4	18
21	7
15	9
17	22
21	8
4	2
17	3
16	10
18	11
7	12
9	20
22	23
8	14
1	19
# tree 46
1	17
1	4
17	21
17	15
1	16
4	18
21	7
15	9
17	22
21	8
17	3
16	10
18	11
7	12
15	19
9	20
22	23
8	14
1	2
# tree 47
1	17
1	4
17	21
17	15
1	16
4	18
21	7
17	22
21	8
15	9
4	2
17	3
16	10
18	11
7	12
15	19
22	23
8	14
15	20
# tree 48
1	17
1	4
17	21
17	15
1	16
4	18
21	7
17	22
21	8
15	9
4	2
17	3
16	10
18	11
7	12
15	19
22	23
8	14
17	20
# tree 49
1	17
1	4
17	21
17	15
1	16
4	18
21	7
15	9
21	8
17	22
4	2
17	3
16	10
18	11
7	12
15	19
9	20
8	14
17	23
# tree 50
1	17
1	4
17	21
1	16
4	18
21	7
17	15
17	9
17	22
21	8
4	2
17	3
16	10
18	11
7	12
15	19
9	20
22	23
8	14
# tree 51
1	17
1	4
17	21
1	16
4	18
21	7
17	15
1	9
17	22
21	8
4	2
17	3
16	10
18	11
7	12
15	19
9	20
22	23
8	14
# tree 52
1	17
1	4
17	21
1	15
1	16
4	18
21	7
15	9
17	22
4	2
17	3
21	8
16	10
18	11
7	12
7	14
9	20
22	23
17	19
# tree 53
1	17
1	4
17	21
1	15
1	16
4	18
21	7
15	9
17	22
17	3
21	8
16	10
18	11
7	12
7	14
15	19
9	20
22	23
1	2
# tree 54
1	17
1	4
17	21
1	15
1	16
4	18
21	7
17	22
15	9
4	2
17	3
21	8
16	10
18	11
7	12
7	14
15	19
22	23
17	20
# tree 55
1	17
1	4
17	21
1	15
1	16
4	18
21	7
15	9
17	22
4	2
17	3
21	8
16	10
18	11
7	12
7	14
15	19
9	20
17	23
# tree 56
1	17
1	4
17	21
1	16
4	18
21	7
1	15
17	9
17	22
4	2
17	3
21	8
16	10
18	11
7	12
7	14
15	19
9	20
22	23
# tree 57
1	17
1	4
17	21
1	16
4	18
21	7
1	15
1	9
17	22
4	2
17	3
21	8
16	10
18	11
7	12
7	14
15	19
9	20
22	23
# tree 58
1	17
1	4
17	21
17	15
1	16
4	18
21	7
15	9
17	22
17	3
21	8
16	10
18	11
7	12
7	14
9	20
22	23
1	19
1	2
# tree 59
1	17
1	4
17	21
17	15
1	16
4	18
21	7
17	22
15	9
4	2
17	3
21	8
16	10
18	11
7	12
7	14
22	23
1	19
15	20
# tree 60
1	17
1	4
17	21
17	15
1	16
4	18
21	7
17	22
15	9
4	2
17	3
21	8
16	10
18	11
7	12
7	14
22	23
1	19
17	20
# tree 61
1	17
1	4
17	21
17	15
1	16
4	18
21	7
15	9
17	22
4	2
17	3
21	8
16	10
18	11
7	12
7	14
9	20
1	19
17	23
# tree 62
1	17
1	4
17	21
1	16
4	18
21	7
17	9
17	22
17	15
4	2
17	3
21	8
16	10
18	11
7	12
7	14
9	20
22	23
1	19
# tree 63
1	17
1	4
17	21
1	16
4	18
21	7
1	9
17	22
17	15
4	2
17	3
21	8
16	10
18	11
7	12
7	14
9	20
22	23
1	19
# tree 64
1	17
1	4
17	21
17	15
1	16
4	18
21	7
17	22
15	9
17	3
21	8
16	10
18	11
7	12
7	14
15	19
22	23
1	2
15	20
# tree 65
1	17
1	4
17	21
17	15
1	16
4	18
21	7
17	22
15	9
17	3
21	8
16	10
18	11
7	12
7	14
15	19
22	23
1	2
17	20
# tree 66
1	17
1	4
17	21
17	15
1	16
4	18
21	7
15	9
17	22
17	3
21	8
16	10
18	11
7	12
7	14
15	19
9	20
1	2
17	23
# tree 67
1	17
1	4
17	21
1	16
4	18
21	7
17	15
17	9
17	22
17	3
21	8
16	10
18	11
7	12
7	14
15	19
9	20
22	23
1	2
# tree 68
1	17
1	4
17	21
1	16
4	18
21	7
17	15
1	9
17	22
17	3
21	8
16	10
18	11
7	12
7	14
15	19
9	20
22	23
1	2
# tree 69
1	17
1	4
17	21
17	15
1	16
4	18
21	7
15	19
17	22
15	9
4	2
17	3
21	8
16	10
18	11
7	12
7	14
19	20
17	23
# tree 70
1	17
1	4
17	21
17	15
1	16
4	18
21	7
17	22
15	19
4	2
17	3
21	8
16	10
18	11
7	12
7	14
22	23
19	20
17	9
# tree 71
1	17
1	4
17	21
17	15
1	16
4	18
21	7
17	22
15	19
4	2
17	3
21	8
16	10
18	11
7	12
7	14
22	23
19	20
1	9
# tree 72
1	17
1	4
17	21
1	16
4	18
21	7
17	15
17	9
17	22
4	2
17	3
21	8
16	10
18	11
7	12
7	14
15	19
9	20
17	23
# tree 73
1	17
1	4
17	21
1	16
4	18
21	7
17	15
1	9
17	22
4	2
17	3
21	8
16	10
18	11
7	12
7	14
15	19
9	20
17	23
# tree 74
1	17
17	21
17	15
1	4
1	16
15	9
17	22
21	7
4	18
4	2
17	3
21	8
16	10
15	19
9	20
22	23
4	11
17	12
21	14
# tree 75
1	17
17	21
17	15
1	4
1	16
15	9
17	22
21	7
4	18
4	2
17	3
21	8
16	10
15	19
9	20
22	23
4	11
17	12
1	14
# tree 76
1	17
17	21
1	15
1	4
1	16
21	7
15	9
17	22
4	18
4	2
17	3
21	8
16	10
7	14
15	19
9	20
22	23
4	11
17	12
# tree 77
1	17
17	21
17	15
1	4
1	16
21	7
15	9
17	22
4	18
4	2
17	3
21	8
16	10
7	14
9	20
22	23
4	11
17	12
17	19
# tree 78
1	17
17	21
17	15
1	4
1	16
21	7
15	9
17	22
4	18
4	2
17	3
21	8
16	10
7	14
9	20
22	23
4	11
17	12
1	19
# tree 79
1	17
17	21
17	15
1	4
1	16
21	7
15	9
17	22
4	18
17	3
21	8
16	10
7	14
15	19
9	20
22	23
4	11
17	12
1	2
# tree 80
1	17
17	21
17	15
1	4
1	16
21	7
17	22
15	9
4	18
4	2
17	3
21	8
16	10
7	14
15	19
22	23
4	11
17	12
15	20
# tree 81
1	17
17	21
17	15
1	4
1	16
21	7
17	22
15	9
4	18
4	2
17	3
21	8
16	10
7	14
15	19
22	23
4	11
17	12
17	20
# tree 82
1	17
17	21
17	15
1	4
1	16
21	7
15	9
17	22
4	18
4	2
17	3
21	8
16	10
7	14
15	19
9	20
4	11
17	12
17	23
# tree 83
1	17
17	21
1	4
1	16
21	7
17	15
17	9
17	22
4	18
4	2
17	3
21	8
16	10
7	14
15	19
9	20
22	23
4	11
17	12
# tree 84
1	17
17	21
1	4
1	16
21	7
17	15
1	9
17	22
4	18
4	2
17	3
21	8
16	10
7	14
15	19
9	20
22	23
4	11
17	12
# tree 85
1	17
17	21
1	15
1	4
1	16
21	7
15	9
17	22
4	18
4	2
17	3
21	8
16	10
7	12
7	14
9	20
22	23
4	11
17	19
# tree 86
1	17
17	21
1	15
1	4
1	16
21	7
15	9
17	22
4	18
17	3
21	8
16	10
7	12
7	14
15	19
9	20
22	23
4	11
1	2
# tree 87
1	17
17	21
1	15
1	4
1	16
21	7
17	22
15	9
4	18
4	2
17	3
21	8
16	10
7	12
7	14
15	19
22	23
4	11
17	20
# tree 88
1	17
17	21
1	15
1	4
1	16
21	7
15	9
17	22
4	18
4	2
17	3
21	8
16	10
7	12
7	14
15	19
9	20
4	11
17	23
# tree 89
1	17
17	21
1	4
1	16
21	7
1	15
17	9
17	22
4	18
4	2
17	3
21	8
16	10
7	12
7	14
15	19
9	20
22	23
4	11
# tree 90
1	17
17	21
1	4
1	16
21	7
1	15
1	9
17	22
4	18
4	2
17	3
21	8
16	10
7	12
7	14
15	19
9	20
22	23
4	11
# tree 91
1	17
17	21
17	15
1	4
1	16
21	7
15	9
17	22
4	18
17	3
21	8
16	10
7	12
7	14
9	20
22	23
4	11
1	19
1	2
# tree 92
1	17
17	21
17	15
1	4
1	16
21	7
17	22
15	9
4	18
4	2
17	3
21	8
16	10
7	12
7	14
22	23
4	11
1	19
15	20
# tree 93
1	17
17	21
17	15
1	4
1	16
21	7
17	22
15	9
4	18
4	2
17	3
21	8
16	10
7	12
7	14
22	23
4	11
1	19
17	20
# tree 94
1	17
17	21
17	15
1	4
1	16
21	7
15	9
17	22
4	18
4	2
17	3
21	8
16	10
7	12
7	14
9	20
4	11
1	19
17	23
# tree 95
1	17
17	21
1	4
1	16
21	7
17	9
17	22
17	15
4	18
4	2
17	3
21	8
16	10
7	12
7	14
9	20
22	23
4	11
1	19
# tree 96
1	17
17	21
1	4
1	16
21	7
1	9
17	22
17	15
4	18
4	2
17	3
21	8
16	10
7	12
7	14
9	20
22	23
4	11
1	19
# tree 97
1	17
17	21
17	15
1	4
1	16
21	7
17	22
15	9
4	18
17	3
21	8
16	10
7	12
7	14
15	19
22	23
4	11
1	2
15	20
# tree 98
1	17
17	21
17	15
1	4
1	16
21	7
17	22
15	9
4	18
17	3
21	8
16	10
7	12
7	14
15	19
22	23
4	11
1	2
17	20
# tree 99
1	17
17	21
17	15
1	4
1	16
21	7
15	9
17	22
4	18
17	3
21	8
16	10
7	12
7	14
15	19
9	20
4	11
1	2
17	23
# tree 100
1	17
17	21
1	4
1	16
21	7
17	15
17	9
17	22
4	18
17	3
21	8
16	10
7	12
7	14
15	19
9	20
22	23
4	11
1	2
# tree 101
1	17
17	21
1	4
1	16
21	7
17	15
1	9
17	22
4	18
17	3
21	8
16	10
7	12
7	14
15	19
9	20
22	23
4	11
1	2
# tree 102
1	17
17	21
17	15
1	4
1	16
21	7
17	22
15	9
4	18
4	2
17	3
21	8
16	10
7	12
7	14
15	19
4	11
15	20
17	23
# tree 103
1	17
17	21
1	4
1	16
21	7
17	15
17	22
4	18
4	2
17	3
21	8
16	10
7	12
7	14
15	19
22	23
4	11
15	20
17	9
# tree 104
1	17
17	21
1	4
1	16
21	7
17	15
17	22
4	18
4	2
17	3
21	8
16	10
7	12
7	14
15	19
22	23
4	11
15	20
1	9
# tree 105
1	17
17	21
1	4
1	16
21	7
17	15
17	9
17	22
4	18
4	2
17	3
21	8
16	10
7	12
7	14
15	19
9	20
4	11
17	23
# tree 106
1	17
17	21
1	4
1	16
21	7
17	15
1	9
17	22
4	18
4	2
17	3
21	8
16	10
7	12
7	14
15	19
9	20
4	11
17	23
# tree 107
1	17
1	4
17	21
1	15
1	16
4	18
21	7
15	9
17	22
4	2
17	3
21	8
16	10
18	11
7	14
9	20
22	23
17	12
17	19
# tree 108
1	17
1	4
17	21
1	15
1	16
4	18
21	7
15	9
17	22
17	3
21	8
16	10
18	11
7	14
15	19
9	20
22	23
17	12
1	2
# tree 109
1	17
1	4
17	21
1	15
1	16
4	18
21	7
17	22
15	9
4	2
17	3
21	8
16	10
18	11
7	14
15	19
22	23
17	12
17	20
# tree 110
1	17
1	4
17	21
1	15
1	16
4	18
21	7
15	9
17	22
4	2
17	3
21	8
16	10
18	11
7	14
15	19
9	20
17	12
17	23
# tree 111
1	17
1	4
17	21
1	16
4	18
21	7
1	15
17	9
17	22
4	2
17	3
21	8
16	10
18	11
7	14
15	19
9	20
22	23
17	12
# tree 112
1	17
1	4
17	21
1	16
4	18
21	7
1	15
1	9
17	22
4	2
17	3
21	8
16	10
18	11
7	14
15	19
9	20
22	23
17	12
# tree 113
1	17
1	4
17	21
17	15
1	16
4	18
21	7
15	9
17	22
17	3
21	8
16	10
18	11
7	14
9	20
22	23
17	12
1	19
1	2
# tree 114
1	17
1	4
17	21
17	15
1	16
4	18
21	7
17	22
15	9
4	2
17	3
21	8
16	10
18	11
7	14
22	23
17	12
1	19
15	20
# tree 115
1	17
1	4
17	21
17	15
1	16
4	18
21	7
17	22
15	9
4	2
17	3
21	8
16	10
18	11
7	14
22	23
17	12
1	19
17	20
# tree 116
1	17
1	4
17	21
17	15
1	16
4	18
21	7
15	9
17	22
4	2
17	3
21	8
16	10
18	11
7	14
9	20
17	12
1	19
17	23
# tree 117
1	17
1	4
17	21
1	16
4	18
21	7
17	9
17	22
17	15
4	2
17	3
21	8
16	10
18	11
7	14
9	20
22	23
17	12
1	19
# tree 118
1	17
1	4
17	21
1	16
4	18
21	7
1	9
17	22
17	15
4	2
17	3
21	8
16	10
18	11
7	14
9	20
22	23
17	12
1	19
# tree 119
1	17
1	4
17	21
17	15
1	16
4	18
21	7
17	22
15	9
17	3
21	8
16	10
18	11
7	14
15	19
22	23
17	12
1	2
15	20
# tree 120
1	17
1	4
17	21
17	15
1	16
4	18
21	7
17	22
15	9
17	3
21	8
16	10
18	11
7	14
15	19
22	23
17	12
1	2
17	20
# tree 121
1	17
1	4
17	21
17	15
1	16
4	18
21	7
15	9
17	22
17	3
21	8
16	10
18	11
7	14
15	19
9	20
17	12
1	2
17	23
# tree 122
1	17
1	4
17	21
1	16
4	18
21	7
17	15
17	9
17	22
17	3
21	8
16	10
18	11
7	14
15	19
9	20
22	23
17	12
1	2
# tree 123
1	17
1	4
17	21
1	16
4	18
21	7
17	15
1	9
17	22
17	3
21	8
16	10
18	11
7	14
15	19
9	20
22	23
17	12
1	2
# tree 124
1	17
1	4
17	21
17	15
1	16
4	18
21	7
17	22
15	9
4	2
17	3
21	8
16	10
18	11
7	14
15	19
17	12
15	20
17	23
# tree 125
1	17
1	4
17	21
1	16
4	18
21	7
17	15
17	22
4	2
17	3
21	8
16	10
18	11
7	14
15	19
22	23
17	12
15	20
17	9
# tree 126
1	17
1	4
17	21
1	16
4	18
21	7
17	15
17	22
4	2
17	3
21	8
16	10
18	11
7	14
15	19
22	23
17	12
15	20
1	9
# tree 127
1	17
1	4
17	21
1	16
4	18
21	7
17	15
17	9
17	22
4	2
17	3
21	8
16	10
18	11
7	14
15	19
9	20
17	12
17	23
# tree 128
1	17
1	4
17	21
1	16
4	18
21	7
17	15
1	9
17	22
4	2
17	3
21	8
16	10
18	11
7	14
15	19
9	20
17	12
17	23
# tree 129
1	17
1	4
17	21
1	15
1	16
4	18
21	7
15	9
17	22
21	8
4	2
17	3
16	10
18	11
7	12
9	20
22	23
8	14
17	19
# tree 130
1	17
1	4
17	21
1	15
1	16
4	18
21	7
15	9
17	22
21	8
17	3
16	10
18	11
7	12
15	19
9	20
22	23
8	14
1	2
# tree 131
1	17
1	4
17	21
1	15
1	16
4	18
21	7
17	22
21	8
15	9
4	2
17	3
16	10
18	11
7	12
15	19
22	23
8	14
17	20
# tree 132
1	17
1	4
17	21
1	15
1	16
4	18
21	7
15	9
21	8
17	22
4	2
17	3
16	10
18	11
7	12
15	19
9	20
8	14
17	23
# tree 133
1	17
1	4
17	21
1	16
4	18
21	7
1	15
17	9
17	22
21	8
4	2
17	3
16	10
18	11
7	12
15	19
9	20
22	23
8	14
# tree 134
1	17
1	4
17	21
1	16
4	18
21	7
1	15
1	9
17	22
21	8
4	2
17	3
16	10
18	11
7	12
15	19
9	20
22	23
8	14
# tree 135
1	17
1	4
17	21
17	15
1	16
4	18
21	7
15	9
17	22
21	8
17	3
16	10
18	11
7	12
9	20
22	23
8	14
1	19
1	2
# tree 136
1	17
1	4
17	21
17	15
1	16
4	18
21	7
17	22
21	8
15	9
4	2
17	3
16	10
18	11
7	12
22	23
8	14
1	19
15	20
# tree 137
1	17
1	4
17	21
17	15
1	16
4	18
21	7
17	22
21	8
15	9
4	2
17	3
16	10
18	11
7	12
22	23
8	14
1	19
17	20
# tree 138
1	17
1	4
17	21
17	15
1	16
4	18
21	7
15	9
21	8
17	22
4	2
17	3
16	10
18	11
7	12
9	20
8	14
1	19
17	23
# tree 139
1	17
1	4
17	21
1	16
4	18
21	7
17	9
17	22
21	8
17	15
4	2
17	3
16	10
18	11
7	12
9	20
22	23
8	14
1	19
# tree 140
1	17
1	4
17	21
1	16
4	18
21	7
1	9
17	22
21	8
17	15
4	2
17	3
16	10
18	11
7	12
9	20
22	23
8	14
1	19
# tree 141
1	17
1	4
17	21
17	15
1	16
4	18
21	7
17	22
21	8
15	9
17	3
16	10
18	11
7	12
15	19
22	23
8	14
1	2
15	20
# tree 142
1	17
1	4
17	21
17	15
1	16
4	18
21	7
17	22
21	8
15	9
17	3
16	10
18	11
7	12
15	19
22	23
8	14
1	2
17	20
# tree 143
1	17
1	4
17	21
17	15
1	16
4	18
21	7
15	9
21	8
17	22
17	3
16	10
18	11
7	12
15	19
9	20
8	14
1	2
17	23
# tree 144
1	17
1	4
17	21
1	16
4	18
21	7
17	15
17	9
17	22
21	8
17	3
16	10
18	11
7	12
15	19
9	20
22	23
8	14
1	2
# tree 145
1	17
1	4
17	21
1	16
4	18
21	7
17	15
1	9
17	22
21	8
17	3
16	10
18	11
7	12
15	19
9	20
22	23
8	14
1	2
# tree 146
1	17
1	4
17	21
17	15
1	16
4	18
21	7
21	8
17	22
15	9
4	2
17	3
16	10
18	11
7	12
15	19
8	14
15	20
17	23
# tree 147
1	17
1	4
17	21
1	16
4	18
21	7
17	15
17	22
21	8
4	2
17	3
16	10
18	11
7	12
15	19
22	23
8	14
15	20
17	9
# tree 148
1	17
1	4
17	21
1	16
4	18
21	7
17	15
17	22
21	8
4	2
17	3
16	10
18	11
7	12
15	19
22	23
8	14
15	20
1	9
# tree 149
1	17
1	4
17	21
1	16
4	18
21	7
17	15
17	9
21	8
17	22
4	2
17	3
16	10
18	11
7	12
15	19
9	20
8	14
17	23
# tree 150
1	17
1	4
17	21
1	16
4	18
21	7
17	15
1	9
21	8
17	22
4	2
17	3
16	10
18	11
7	12
15	19
9	20
8	14
17	23
# tree 151
1	17
1	4
17	21
1	15
1	16
4	18
21	7
17	22
15	9
17	3
21	8
16	10
18	11
7	12
7	14
15	19
22	23
1	2
17	20
# tree 152
1	17
1	4
17	21
1	15
1	16
4	18
21	7
15	9
17	22
17	3
21	8
16	10
18	11
7	12
7	14
15	19
9	20
1	2
17	23
# tree 153
1	17
1	4
17	21
1	16
4	18
21	7
1	15
17	9
17	22
17	3
21	8
16	10
18	11
7	12
7	14
15	19
9	20
22	23
1	2
# tree 154
1	17
1	4
17	21
1	16
4	18
21	7
1	15
1	9
17	22
17	3
21	8
16	10
18	11
7	12
7	14
15	19
9	20
22	23
1	2
# tree 155
1	17
1	4
17	21
1	15
1	16
4	18
21	7
17	22
15	9
4	2
17	3
21	8
16	10
18	11
7	12
7	14
15	19
17	20
17	23
# tree 156
1	17
1	4
17	21
1	16
4	18
21	7
1	15
17	22
4	2
17	3
21	8
16	10
18	11
7	12
7	14
15	19
22	23
17	20
17	9
# tree 157
1	17
1	4
17	21
1	16
4	18
21	7
1	15
17	22
4	2
17	3
21	8
16	10
18	11
7	12
7	14
15	19
22	23
17	20
1	9
# tree 158
1	17
1	4
17	21
1	16
4	18
21	7
1	15
17	9
17	22
4	2
17	3
21	8
16	10
18	11
7	12
7	14
15	19
9	20
17	23
# tree 159
1	17
1	4
17	21
1	16
4	18
21	7
1	15
1	9
17	22
4	2
17	3
21	8
16	10
18	11
7	12
7	14
15	19
9	20
17	23
# tree 160
1	17
1	4
17	21
17	15
1	16
4	18
21	7
17	22
15	9
17	3
21	8
16	10
18	11
7	12
7	14
22	23
1	19
1	2
15	20
# tree 161
1	17
1	4
17	21
17	15
1	16
4	18
21	7
17	22
15	9
17	3
21	8
16	10
18	11
7	12
7	14
22	23
1	19
1	2
17	20
# tree 162
1	17
1	4
17	21
17	15
1	16
4	18
21	7
15	9
17	22
17	3
21	8
16	10
18	11
7	12
7	14
9	20
1	19
1	2
17	23
# tree 163
1	17
1	4
17	21
1	16
4	18
21	7
17	9
17	22
17	15
17	3
21	8
16	10
18	11
7	12
7	14
9	20
22	23
1	19
1	2
# tree 164
1	17
1	4
17	21
1	16
4	18
21	7
1	9
17	22
17	15
17	3
21	8
16	10
18	11
7	12
7	14
9	20
22	23
1	19
1	2
# tree 165
1	17
1	4
17	21
17	15
1	16
4	18
21	7
17	22
15	9
4	2
17	3
21	8
16	10
18	11
7	12
7	14
1	19
15	20
17	23
# tree 166
1	17
1	4
17	21
1	16
4	18
21	7
17	22
17	15
4	2
17	3
21	8
16	10
18	11
7	12
7	14
22	23
1	19
15	20
17	9
# tree 167
1	17
1	4
17	21
1	16
4	18
21	7
17	22
17	15
4	2
17	3
21	8
16	10
18	11
7	12
7	14
22	23
1	19
15	20
1	9
# tree 168
1	17
1	4
17	21
1	16
4	18
21	7
17	9
17	15
17	22
4	2
17	3
21	8
16	10
18	11
7	12
7	14
9	20
1	19
17	23
# tree 169
1	17
1	4
17	21
1	16
4	18
21	7
1	9
17	15
17	22
4	2
17	3
21	8
16	10
18	11
7	12
7	14
9	20
1	19
17	23
# tree 170
1	17
1	4
17	21
17	15
1	16
4	18
21	7
17	22
15	9
17	3
21	8
16	10
18	11
7	12
7	14
15	19
1	2
15	20
17	23
# tree 171
1	17
1	4
17	21
1	16
4	18
21	7
17	15
17	22
17	3
21	8
16	10
18	11
7	12
7	14
15	19
22	23
1	2
15	20
17	9
# tree 172
1	17
1	4
17	21
1	16
4	18
21	7
17	15
17	22
17	3
21	8
16	10
18	11
7	12
7	14
15	19
22	23
1	2
15	20
1	9
# tree 173
1	17
1	4
17	21
1	16
4	18
21	7
17	15
17	9
17	22
17	3
21	8
16	10
18	11
7	12
7	14
15	19
9	20
1	2
17	23
# tree 174
1	17
1	4
17	21
1	16
4	18
21	7
17	15
1	9
17	22
17	3
21	8
16	10
18	11
7	12
7	14
15	19
9	20
1	2
17	23
# tree 175
1	17
1	4
17	21
17	15
1	16
4	18
21	7
15	19
17	22
4	2
17	3
21	8
16	10
18	11
7	12
7	14
19	20
17	23
17	9
# tree 176
1	17
1	4
17	21
17	15
1	16
4	18
21	7
15	19
17	22
4	2
17	3
21	8
16	10
18	11
7	12
7	14
19	20
17	23
1	9
# tree 177
1	17
17	21
1	15
1	4
1	16
21	7
15	9
17	22
4	18
4	2
17	3
21	8
16	10
7	14
9	20
22	23
4	11
17	12
17	19
# tree 178
1	17
17	21
1	15
1	4
1	16
21	7
15	9
17	22
4	18
17	3
21	8
16	10
7	14
15	19
9	20
22	23
4	11
17	12
1	2
# tree 179
1	17
17	21
1	15
1	4
1	16
21	7
17	22
15	9
4	18
4	2
17	3
21	8
16	10
7	14
15	19
22	23
4	11
17	12
17	20
# tree 180
1	17
17	21
1	15
1	4
1	16
21	7
15	9
17	22
4	18
4	2
17	3
21	8
16	10
7	14
15	19
9	20
4	11
17	12
17	23
# tree 181
1	17
17	21
1	4
1	16
21	7
1	15
17	9
17	22
4	18
4	2
17	3
21	8
16	10
7	14
15	19
9	20
22	23
4	11
17	12
# tree 182
1	17
17	21
1	4
1	16
21	7
1	15
1	9
17	22
4	18
4	2
17	3
21	8
16	10
7	14
15	19
9	20
22	23
4	11
17	12
# tree 183
1	17
17	21
17	15
1	4
1	16
21	7
15	9
17	22
4	18
17	3
21	8
16	10
7	14
9	20
22	23
4	11
17	12
1	19
1	2
# tree 184
1	17
17	21
17	15
1	4
1	16
21	7
17	22
15	9
4	18
4	2
17	3
21	8
16	10
7	14
22	23
4	11
17	12
1	19
15	20
# tree 185
1	17
17	21
17	15
1	4
1	16
21	7
17	22
15	9
4	18
4	2
17	3
21	8
16	10
7	14
22	23
4	11
17	12
1	19
17	20
# tree 186
1	17
17	21
17	15
1	4
1	16
21	7
15	9
17	22
4	18
4	2
17	3
21	8
16	10
7	14
9	20
4	11
17	12
1	19
17	23
# tree 187
1	17
17	21
1	4
1	16
21	7
17	9
17	22
17	15
4	18
4	2
17	3
21	8
16	10
7	14
9	20
22	23
4	11
17	12
1	19
# tree 188
1	17
17	21
1	4
1	16
21	7
1	9
17	22
17	15
4	18
4	2
17	3
21	8
16	10
7	14
9	20
22	23
4	11
17	12
1	19
# tree 189
1	17
17	21
17	15
1	4
1	16
21	7
17	22
15	9
4	18
17	3
21	8
16	10
7	14
15	19
22	23
4	11
17	12
1	2
15	20
# tree 190
1	17
17	21
17	15
1	4
1	16
21	7
17	22
15	9
4	18
17	3
21	8
16	10
7	14
15	19
22	23
4	11
17	12
1	2
17	20
# tree 191
1	17
17	21
17	15
1	4
1	16
21	7
15	9
17	22
4	18
17	3
21	8
16	10
7	14
15	19
9	20
4	11
17	12
1	2
17	23
# tree 192
1	17
17	21
1	4
1	16
21	7
17	15
17	9
17	22
4	18
17	3
21	8
16	10
7	14
15	19
9	20
22	23
4	11
17	12
1	2
# tree 193
1	17
17	21
1	4
1	16
21	7
17	15
1	9
17	22
4	18
17	3
21	8
16	10
7	14
15	19
9	20
22	23
4	11
17	12
1	2
# tree 194
1	17
17	21
17	15
1	4
1	16
21	7
17	22
15	9
4	18
4	2
17	3
21	8
16	10
7	14
15	19
4	11
17	12
15	20
17	23
# tree 195
1	17
17	21
1	4
1	16
21	7
17	15
17	22
4	18
4	2
17	3
21	8
16	10
7	14
15	19
22	23
4	11
17	12
15	20
17	9
# tree 196
1	17
17	21
1	4
1	16
21	7
17	15
17	22
4	18
4	2
17	3
21	8
16	10
7	14
15	19
22	23
4	11
17	12
15	20
1	9
# tree 197
1	17
17	21
1	4
1	16
21	7
17	15
17	9
17	22
4	18
4	2
17	3
21	8
16	10
7	14
15	19
9	20
4	11
17	12
17	23
# tree 198
1	17
17	21
1	4
1	16
21	7
17	15
1	9
17	22
4	18
4	2
17	3
21	8
16	10
7	14
15	19
9	20
4	11
17	12
17	23
# tree 199
1	17
17	21
1	15
1	4
1	16
21	7
17	22
15	9
4	18
17	3
21	8
16	10
7	12
7	14
15	19
22	23
4	11
1	2
17	20
# tree 200
1	17
17	21
1	15
1	4
1	16
21	7
15	9
17	22
4	18
17	3
21	8
16	10
7	12
7	14
15	19
9	20
4	11
1	2
17	23
# tree 201
1	17
17	21
1	4
1	16
21	7
1	15
17	9
17	22
4	18
17	3
21	8
16	10
7	12
7	14
15	19
9	20
22	23
4	11
1	2
# tree 202
1	17
17	21
1	4
1	16
21	7
1	15
1	9
17	22
4	18
17	3
21	8
16	10
7	12
7	14
15	19
9	20
22	23
4	11
1	2
# tree 203
1	17
17	21
1	15
1	4
1	16
21	7
17	22
15	9
4	18
4	2
17	3
21	8
16	10
7	12
7	14
15	19
4	11
17	20
17	23
# tree 204
1	17
17	21
1	4
1	16
21	7
1	15
17	22
4	18
4	2
17	3
21	8
16	10
7	12
7	14
15	19
22	23
4	11
17	20
17	9
# tree 205
1	17
17	21
1	4
1	16
21	7
1	15
17	22
4	18
4	2
17	3
21	8
16	10
7	12
7	14
15	19
22	23
4	11
17	20
1	9
# tree 206
1	17
17	21
1	4
1	16
21	7
1	15
17	9
17	22
4	18
4	2
17	3
21	8
16	10
7	12
7	14
15	19
9	20
4	11
17	23
# tree 207
1	17
17	21
1	4
1	16
21	7
1	15
1	9
17	22
4	18
4	2
17	3
21	8
16	10
7	12
7	14
15	19
9	20
4	11
17	23
# tree 208
1	17
17	21
17	15
1	4
1	16
21	7
17	22
15	9
4	18
17	3
21	8
16	10
7	12
7	14
22	23
4	11
1	19
1	2
15	20
# tree 209
1	17
17	21
17	15
1	4
1	16
21	7
17	22
15	9
4	18
17	3
21	8
16	10
7	12
7	14
22	23
4	11
1	19
1	2
17	20
# tree 210
1	17
17	21
17	15
1	4
1	16
21	7
15	9
17	22
4	18
17	3
21	8
16	10
7	12
7	14
9	20
4	11
1	19
1	2
17	23
# tree 211
1	17
17	21
1	4
1	16
21	7
17	9
17	22
17	15
4	18
17	3
21	8
16	10
7	12
7	14
9	20
22	23
4	11
1	19
1	2
# tree 212
1	17
17	21
1	4
1	16
21	7
1	9
17	22
17	15
4	18
17	3
21	8
16	10
7	12
7	14
9	20
22	23
4	11
1	19
1	2
# tree 213
1	17
17	21
17	15
1	4
1	16
21	7
17	22
15	9
4	18
4	2
17	3
21	8
16	10
7	12
7	14
4	11
1	19
15	20
17	23
# tree 214
1	17
17	21
1	4
1	16
21	7
17	22
17	15
4	18
4	2
17	3
21	8
16	10
7	12
7	14
22	23
4	11
1	19
15	20
17	9
# tree 215
1	17
17	21
1	4
1	16
21	7
17	22
17	15
4	18
4	2
17	3
21	8
16	10
7	12
7	14
22	23
4	11
1	19
15	20
1	9
# tree 216
1	17
17	21
1	4
1	16
21	7
17	9
17	15
17	22
4	18
4	2
17	3
21	8
16	10
7	12
7	14
9	20
4	11
1	19
17	23
# tree 217
1	17
17	21
1	4
1	16
21	7
1	9
17	15
17	22
4	18
4	2
17	3
21	8
16	10
7	12
7	14
9	20
4	11
1	19
17	23
# tree 218
1	17
17	21
17	15
1	4
1	16
21	7
17	22
15	9
4	18
17	3
21	8
16	10
7	12
7	14
15	19
4	11
1	2
15	20
17	23
# tree 219
1	17
17	21
1	4
1	16
21	7
17	15
17	22
4	18
17	3
21	8
16	10
7	12
7	14
15	19
22	23
4	11
1	2
15	20
17	9
# tree 220
1	17
17	21
1	4
1	16
21	7
17	15
17	22
4	18
17	3
21	8
16	10
7	12
7	14
15	19
22	23
4	11
1	2
15	20
1	9
# tree 221
1	17
17	21
1	4
1	16
21	7
17	15
17	9
17	22
4	18
17	3
21	8
16	10
7	12
7	14
15	19
9	20
4	11
1	2
17	23
# tree 222
1	17
17	21
1	4
1	16
21	7
17	15
1	9
17	22
4	18
17	3
21	8
16	10
7	12
7	14
15	19
9	20
4	11
1	2
17	23
# tree 223
1	17
17	21
1	4
1	16
21	7
17	15
17	22
4	18
4	2
17	3
21	8
16	10
7	12
7	14
15	19
4	11
15	20
17	23
17	9
# tree 224
1	17
17	21
1	4
1	16
21	7
17	15
17	22
4	18
4	2
17	3
21	8
16	10
7	12
7	14
15	19
4	11
15	20
17	23
1	9
# tree 225
1	17
1	4
17	21
1	15
1	16
4	18
21	7
17	22
15	9
17	3
21	8
16	10
18	11
7	14
15	19
22	23
17	12
1	2
17	20
# tree 226
1	17
1	4
17	21
1	15
1	16
4	18
21	7
15	9
17	22
17	3
21	8
16	10
18	11
7	14
15	19
9	20
17	12
1	2
17	23
# tree 227
1	17
1	4
17	21
1	16
4	18
21	7
1	15
17	9
17	22
17	3
21	8
16	10
18	11
7	14
15	19
9	20
22	23
17	12
1	2
# tree 228
1	17
1	4
17	21
1	16
4	18
21	7
1	15
1	9
17	22
17	3
21	8
16	10
18	11
7	14
15	19
9	20
22	23
17	12
1	2
# tree 229
1	17
1	4
17	21
1	15
1	16
4	18
21	7
17	22
15	9
4	2
17	3
21	8
16	10
18	11
7	14
15	19
17	12
17	20
17	23
# tree 230
1	17
1	4
17	21
1	16
4	18
21	7
1	15
17	22
4	2
17	3
21	8
16	10
18	11
7	14
15	19
22	23
17	12
17	20
17	9
# tree 231
1	17
1	4
17	21
1	16
4	18
21	7
1	15
17	22
4	2
17	3
21	8
16	10
18	11
7	14
15	19
22	23
17	12
17	20
1	9
# tree 232
1	17
1	4
17	21
1	16
4	18
21	7
1	15
17	9
17	22
4	2
17	3
21	8
16	10
18	11
7	14
15	19
9	20
17	12
17	23
# tree 233
1	17
1	4
17	21
1	16
4	18
21	7
1	15
1	9
17	22
4	2
17	3
21	8
16	10
18	11
7	14
15	19
9	20
17	12
17	23
# tree 234
1	17
1	4
17	21
17	15
1	16
4	18
21	7
17	22
15	9
17	3
21	8
16	10
18	11
7	14
22	23
17	12
1	19
1	2
15	20
# tree 235
1	17
1	4
17	21
17	15
1	16
4	18
21	7
17	22
15	9
17	3
21	8
16	10
18	11
7	14
22	23
17	12
1	19
1	2
17	20
# tree 236
1	17
1	4
17	21
17	15
1	16
4	18
21	7
15	9
17	22
17	3
21	8
16	10
18	11
7	14
9	20
17	12
1	19
1	2
17	23
# tree 237
1	17
1	4
17	21
1	16
4	18
21	7
17	9
17	22
17	15
17	3
21	8
16	10
18	11
7	14
9	20
22	23
17	12
1	19
1	2
# tree 238
1	17
1	4
17	21
1	16
4	18
21	7
1	9
17	22
17	15
17	3
21	8
16	10
18	11
7	14
9	20
22	23
17	12
1	19
1	2
# tree 239
1	17
1	4
17	21
17	15
1	16
4	18
21	7
17	22
15	9
4	2
17	3
21	8
16	10
18	11
7	14
17	12
1	19
15	20
17	23
# tree 240
1	17
1	4
17	21
1	16
4	18
21	7
17	22
17	15
4	2
17	3
21	8
16	10
18	11
7	14
22	23
17	12
1	19
15	20
17	9
# tree 241
1	17
1	4
17	21
1	16
4	18
21	7
17	22
17	15
4	2
17	3
21	8
16	10
18	11
7	14
22	23
17	12
1	19
15	20
1	9
# tree 242
1	17
1	4
17	21
1	16
4	18
21	7
17	9
17	15
17	22
4	2
17	3
21	8
16	10
18	11
7	14
9	20
17	12
1	19
17	23
# tree 243
1	17
1	4
17	21
1	16
4	18
21	7
1	9
17	15
17	22
4	2
17	3
21	8
16	10
18	11
7	14
9	20
17	12
1	19
17	23
# tree 244
1	17
1	4
17	21
17	15
1	16
4	18
21	7
17	22
15	9
17	3
21	8
16	10
18	11
7	14
15	19
17	12
1	2
15	20
17	23
# tree 245
1	17
1	4
17	21
1	16
4	18
21	7
17	15
17	22
17	3
21	8
16	10
18	11
7	14
15	19
22	23
17	12
1	2
15	20
17	9
# tree 246
1	17
1	4
17	21
1	16
4	18
21	7
17	15
17	22
17	3
21	8
16	10
18	11
7	14
15	19
22	23
17	12
1	2
15	20
1	9
# tree 247
1	17
1	4
17	21
1	16
4	18
21	7
17	15
17	9
17	22
17	3
21	8
16	10
18	11
7	14
15	19
9	20
17	12
1	2
17	23
# tree 248
1	17
1	4
17	21
1	16
4	18
21	7
17	15
1	9
17	22
17	3
21	8
16	10
18	11
7	14
15	19
9	20
17	12
1	2
17	23
# tree 249
1	17
1	4
17	21
1	16
4	18
21	7
17	15
17	22
4	2
17	3
21	8
16	10
18	11
7	14
15	19
17	12
15	20
17	23
17	9
# tree 250
1	17
1	4
17	21
1	16
4	18
21	7
17	15
17	22
4	2
17	3
21	8
16	10
18	11
7	14
15	19
17	12
15	20
17	23
1	9
# tree 251
1	17
1	4
17	21
1	15
1	16
4	18
21	7
17	22
21	8
15	9
17	3
16	10
18	11
7	12
15	19
22	23
8	14
1	2
17	20
# tree 252
1	17
1	4
17	21
1	15
1	16
4	18
21	7
15	9
21	8
17	22
17	3
16	10
18	11
7	12
15	19
9	20
8	14
1	2
17	23
# tree 253
1	17
1	4
17	21
1	16
4	18
21	7
1	15
17	9
17	22
21	8
17	3
16	10
18	11
7	12
15	19
9	20
22	23
8	14
1	2
# tree 254
1	17
1	4
17	21
1	16
4	18
21	7
1	15
1	9
17	22
21	8
17	3
16	10
18	11
7	12
15	19
9	20
22	23
8	14
1	2
# tree 255
1	17
1	4
17	21
1	15
1	16
4	18
21	7
21	8
17	22
15	9
4	2
17	3
16	10
18	11
7	12
15	19
8	14
17	20
17	23
# tree 256
1	17
1	4
17	21
1	16
4	18
21	7
1	15
17	22
21	8
4	2
17	3
16	10
18	11
7	12
15	19
22	23
8	14
17	20
17	9
# tree 257
1	17
1	4
17	21
1	16
4	18
21	7
1	15
17	22
21	8
4	2
17	3
16	10
18	11
7	12
15	19
22	23
8	14
17	20
1	9
# tree 258
1	17
1	4
17	21
1	16
4	18
21	7
1	15
17	9
21	8
17	22
4	2
17	3
16	10
18	11
7	12
15	19
9	20
8	14
17	23
# tree 259
1	17
1	4
17	21
1	16
4	18
21	7
1	15
1	9
21	8
17	22
4	2
17	3
16	10
18	11
7	12
15	19
9	20
8	14
17	23
# tree 260
1	17
1	4
17	21
17	15
1	16
4	18
21	7
17	22
21	8
15	9
17	3
16	10
18	11
7	12
22	23
8	14
1	19
1	2
15	20
# tree 261
1	17
1	4
17	21
17	15
1	16
4	18
21	7
17	22
21	8
15	9
17	3
16	10
18	11
7	12
22	23
8	14
1	19
1	2
17	20
# tree 262
1	17
1	4
17	21
17	15
1	16
4	18
21	7
15	9
21	8
17	22
17	3
16	10
18	11
7	12
9	20
8	14
1	19
1	2
17	23
# tree 263
1	17
1	4
17	21
1	16
4	18
21	7
17	9
17	22
21	8
17	15
17	3
16	10
18	11
7	12
9	20
22	23
8	14
1	19
1	2
# tree 264
1	17
1	4
17	21
1	16
4	18
21	7
1	9
17	22
21	8
17	15
17	3
16	10
18	11
7	12
9	20
22	23
8	14
1	19
1	2
# tree 265
1	17
1	4
17	21
17	15
1	16
4	18
21	7
21	8
17	22
15	9
4	2
17	3
16	10
18	11
7	12
8	14
1	19
15	20
17	23
# tree 266
1	17
1	4
17	21
1	16
4	18
21	7
17	22
21	8
17	15
4	2
17	3
16	10
18	11
7	12
22	23
8	14
1	19
15	20
17	9
# tree 267
1	17
1	4
17	21
1	16
4	18
21	7
17	22
21	8
17	15
4	2
17	3
16	10
18	11
7	12
22	23
8	14
1	19
15	20
1	9
# tree 268
1	17
1	4
17	21
1	16
4	18
21	7
17	9
21	8
17	15
17	22
4	2
17	3
16	10
18	11
7	12
9	20
8	14
1	19
17	23
# tree 269
1	17
1	4
17	21
1	16
4	18
21	7
1	9
21	8
17	15
17	22
4	2
17	3
16	10
18	11
7	12
9	20
8	14
1	19
17	23
# tree 270
1	17
1	4
17	21
17	15
1	16
4	18
21	7
21	8
17	22
15	9
17	3
16	10
18	11
7	12
15	19
8	14
1	2
15	20
17	23
# tree 271
1	17
1	4
17	21
1	16
4	18
21	7
17	15
17	22
21	8
17	3
16	10
18	11
7	12
15	19
22	23
8	14
1	2
15	20
17	9
# tree 272
1	17
1	4
17	21
1	16
4	18
21	7
17	15
17	22
21	8
17	3
16	10
18	11
7	12
15	19
22	23
8	14
1	2
15	20
1	9
# tree 273
1	17
1	4
17	21
1	16
4	18
21	7
17	15
17	9
21	8
17	22
17	3
16	10
18	11
7	12
15	19
9	20
8	14
1	2
17	23
# tree 274
1	17
1	4
17	21
1	16
4	18
21	7
17	15
1	9
21	8
17	22
17	3
16	10
18	11
7	12
15	19
9	20
8	14
1	2
17	23
# tree 275
1	17
1	4
17	21
1	16
4	18
21	7
17	15
21	8
17	22
4	2
17	3
16	10
18	11
7	12
15	19
8	14
15	20
17	23
17	9
# tree 276
1	17
1	4
17	21
1	16
4	18
21	7
17	15
21	8
17	22
4	2
17	3
16	10
18	11
7	12
15	19
8	14
15	20
17	23
1	9
# tree 277
1	17
1	4
17	21
1	15
1	16
4	18
21	7
17	22
15	9
17	3
21	8
16	10
18	11
7	12
7	14
15	19
1	2
17	20
17	23
# tree 278
1	17
1	4
17	21
1	16
4	18
21	7
1	15
17	22
17	3
21	8
16	10
18	11
7	12
7	14
15	19
22	23
1	2
17	20
17	9
# tree 279
1	17
1	4
17	21
1	16
4	18
21	7
1	15
17	22
17	3
21	8
16	10
18	11
7	12
7	14
15	19
22	23
1	2
17	20
1	9
# tree 280
1	17
1	4
17	21
1	16
4	18
21	7
1	15
17	9
17	22
17	3
21	8
16	10
18	11
7	12
7	14
15	19
9	20
1	2
17	23
# tree 281
1	17
1	4
17	21
1	16
4	18
21	7
1	15
1	9
17	22
17	3
21	8
16	10
18	11
7	12
7	14
15	19
9	20
1	2
17	23
# tree 282
1	17
1	4
17	21
1	16
4	18
21	7
1	15
17	22
4	2
17	3
21	8
16	10
18	11
7	12
7	14
15	19
17	20
17	23
17	9
# tree 283
1	17
1	4
17	21
1	16
4	18
21	7
1	15
17	22
4	2
17	3
21	8
16	10
18	11
7	12
7	14
15	19
17	20
17	23
1	9
# tree 284
1	17
1	4
17	21
17	15
1	16
4	18
21	7
17	22
15	9
17	3
21	8
16	10
18	11
7	12
7	14
1	19
1	2
15	20
17	23
# tree 285
1	17
1	4
17	21
1	16
4	18
21	7
17	22
17	15
17	3
21	8
16	10
18	11
7	12
7	14
22	23
1	19
1	2
15	20
17	9
# tree 286
1	17
1	4
17	21
1	16
4	18
21	7
17	22
17	15
17	3
21	8
16	10
18	11
7	12
7	14
22	23
1	19
1	2
15	20
1	9
# tree 287
1	17
1	4
17	21
1	16
4	18
21	7
17	9
17	15
17	22
17	3
21	8
16	10
18	11
7	12
7	14
9	20
1	19
1	2
17	23
# tree 288
1	17
1	4
17	21
1	16
4	18
21	7
1	9
17	15
17	22
17	3
21	8
16	10
18	11
7	12
7	14
9	20
1	19
1	2
17	23
# tree 289
1	17
1	4
17	21
1	16
4	18
21	7
17	15
17	22
4	2
17	3
21	8
16	10
18	11
7	12
7	14
1	19
15	20
17	23
17	9
# tree 290
1	17
1	4
17	21
1	16
4	18
21	7
17	15
17	22
4	2
17	3
21	8
16	10
18	11
7	12
7	14
1	19
15	20
17	23
1	9
# tree 291
1	17
1	4
17	21
1	16
4	18
21	7
17	15
17	22
17	3
21	8
16	10
18	11
7	12
7	14
15	19
1	2
15	20
17	23
17	9
# tree 292
1	17
1	4
17	21
1	16
4	18
21	7
17	15
17	22
17	3
21	8
16	10
18	11
7	12
7	14
15	19
1	2
15	20
17	23
1	9
# tree 293
1	17
17	21
1	15
1	4
1	16
21	7
17	22
15	9
4	18
17	3
21	8
16	10
7	14
15	19
22	23
4	11
17	12
1	2
17	20
# tree 294
1	17
17	21
1	15
1	4
1	16
21	7
15	9
17	22
4	18
17	3
21	8
16	10
7	14
15	19
9	20
4	11
17	12
1	2
17	23
# tree 295
1	17
17	21
1	4
1	16
21	7
1	15
17	9
17	22
4	18
17	3
21	8
16	10
7	14
15	19
9	20
22	23
4	11
17	12
1	2
# tree 296
1	17
17	21
1	4
1	16
21	7
1	15
1	9
17	22
4	18
17	3
21	8
16	10
7	14
15	19
9	20
22	23
4	11
17	12
1	2
# tree 297
1	17
17	21
1	15
1	4
1	16
21	7
17	22
15	9
4	18
4	2
17	3
21	8
16	10
7	14
15	19
4	11
17	12
17	20
17	23
# tree 298
1	17
17	21
1	4
1	16
21	7
1	15
17	22
4	18
4	2
17	3
21	8
16	10
7	14
15	19
22	23
4	11
17	12
17	20
17	9
# tree 299
1	17
17	21
1	4
1	16
21	7
1	15
17	22
4	18
4	2
17	3
21	8
16	10
7	14
15	19
22	23
4	11
17	12
17	20
1	9
# tree 300
1	17
17	21
1	4
1	16
21	7
1	15
17	9
17	22
4	18
4	2
17	3
21	8
16	10
7	14
15	19
9	20
4	11
17	12
17	23
# tree 301
1	17
17	21
1	4
1	16
21	7
1	15
1	9
17	22
4	18
4	2
17	3
21	8
16	10
7	14
15	19
9	20
4	11
17	12
17	23
# tree 302
1	17
17	21
17	15
1	4
1	16
21	7
17	22
15	9
4	18
17	3
21	8
16	10
7	14
22	23
4	11
17	12
1	19
1	2
15	20
# tree 303
1	17
17	21
17	15
1	4
1	16
21	7
17	22
15	9
4	18
17	3
21	8
16	10
7	14
22	23
4	11
17	12
1	19
1	2
17	20
# tree 304
1	17
17	21
17	15
1	4
1	16
21	7
15	9
17	22
4	18
17	3
21	8
16	10
7	14
9	20
4	11
17	12
1	19
1	2
17	23
# tree 305
1	17
17	21
1	4
1	16
21	7
17	9
17	22
17	15
4	18
17	3
21	8
16	10
7	14
9	20
22	23
4	11
17	12
1	19
1	2
# tree 306
1	17
17	21
1	4
1	16
21	7
1	9
17	22
17	15
4	18
17	3
21	8
16	10
7	14
9	20
22	23
4	11
17	12
1	19
1	2
# tree 307
1	17
17	21
17	15
1	4
1	16
21	7
17	22
15	9
4	18
4	2
17	3
21	8
16	10
7	14
4	11
17	12
1	19
15	20
17	23
# tree 308
1	17
17	21
1	4
1	16
21	7
17	22
17	15
4	18
4	2
17	3
21	8
16	10
7	14
22	23
4	11
17	12
1	19
15	20
17	9
# tree 309
1	17
17	21
1	4
1	16
21	7
17	22
17	15
4	18
4	2
17	3
21	8
16	10
7	14
22	23
4	11
17	12
1	19
15	20
1	9
# tree 310
1	17
17	21
1	4
1	16
21	7
17	9
17	15
17	22
4	18
4	2
17	3
21	8
16	10
7	14
9	20
4	11
17	12
1	19
17	23
# tree 311
1	17
17	21
1	4
1	16
21	7
1	9
17	15
17	22
4	18
4	2
17	3
21	8
16	10
7	14
9	20
4	11
17	12
1	19
17	23
# tree 312
1	17
17	21
17	15
1	4
1	16
21	7
17	22
15	9
4	18
17	3
21	8
16	10
7	14
15	19
4	11
17	12
1	2
15	20
17	23
# tree 313
1	17
17	21
1	4
1	16
21	7
17	15
17	22
4	18
17	3
21	8
16	10
7	14
15	19
22	23
4	11
17	12
1	2
15	20
17	9
# tree 314
1	17
17	21
1	4
1	16
21	7
17	15
17	22
4	18
17	3
21	8
16	10
7	14
15	19
22	23
4	11
17	12
1	2
15	20
1	9
# tree 315
1	17
17	21
1	4
1	16
21	7
17	15
17	9
17	22
4	18
17	3
21	8
16	10
7	14
15	19
9	20
4	11
17	12
1	2
17	23
# tree 316
1	17
17	21
1	4
1	16
21	7
17	15
1	9
17	22
4	18
17	3
21	8
16	10
7	14
15	19
9	20
4	11
17	12
1	2
17	23
# tree 317
1	17
17	21
1	4
1	16
21	7
17	15
17	22
4	18
4	2
17	3
21	8
16	10
7	14
15	19
4	11
17	12
15	20
17	23
17	9
# tree 318
1	17
17	21
1	4
1	16
21	7
17	15
17	22
4	18
4	2
17	3
21	8
16	10
7	14
15	19
4	11
17	12
15	20
17	23
1	9
# tree 319
1	17
17	21
1	15
1	4
1	16
21	7
17	22
15	9
4	18
17	3
21	8
16	10
7	12
7	14
15	19
4	11
1	2
17	20
17	23
# tree 320
1	17
17	21
1	4
1	16
21	7
1	15
17	22
4	18
17	3
21	8
16	10
7	12
7	14
15	19
22	23
4	11
1	2
17	20
17	9
# tree 321
1	17
17	21
1	4
1	16
21	7
1	15
17	22
4	18
17	3
21	8
16	10
7	12
7	14
15	19
22	23
4	11
1	2
17	20
1	9
# tree 322
1	17
17	21
1	4
1	16
21	7
1	15
17	9
17	22
4	18
17	3
21	8
16	10
7	12
7	14
15	19
9	20
4	11
1	2
17	23
# tree 323
1	17
17	21
1	4
1	16
21	7
1	15
1	9
17	22
4	18
17	3
21	8
16	10
7	12
7	14
15	19
9	20
4	11
1	2
17	23
# tree 324
1	17
17	21
1	4
1	16
21	7
1	15
17	22
4	18
4	2
17	3
21	8
16	10
7	12
7	14
15	19
4	11
17	20
17	23
17	9
# tree 325
1	17
17	21
1	4
1	16
21	7
1	15
17	22
4	18
4	2
17	3
21	8
16	10
7	12
7	14
15	19
4	11
17	20
17	23
1	9
# tree 326
1	17
17	21
17	15
1	4
1	16
21	7
17	22
15	9
4	18
17	3
21	8
16	10
7	12
7	14
4	11
1	19
1	2
15	20
17	23
# tree 327
1	17
17	21
1	4
1	16
21	7
17	22
17	15
4	18
17	3
21	8
16	10
7	12
7	14
22	23
4	11
1	19
1	2
15	20
17	9
# tree 328
1	17
17	21
1	4
1	16
21	7
17	22
17	15
4	18
17	3
21	8
16	10
7	12
7	14
22	23
4	11
1	19
1	2
15	20
1	9
# tree 329
1	17
17	21
1	4
1	16
21	7
17	9
17	15
17	22
4	18
17	3
21	8
16	10
7	12
7	14
9	20
4	11
1	19
1	2
17	23
# tree 330
1	17
17	21
1	4
1	16
21	7
1	9
17	15
17	22
4	18
17	3
21	8
16	10
7	12
7	14
9	20
4	11
1	19
1	2
17	23
# tree 331
1	17
17	21
1	4
1	16
21	7
17	15
17	22
4	18
4	2
17	3
21	8
16	10
7	12
7	14
4	11
1	19
15	20
17	23
17	9
# tree 332
1	17
17	21
1	4
1	16
21	7
17	15
17	22
4	18
4	2
17	3
21	8
16	10
7	12
7	14
4	11
1	19
15	20
17	23
1	9
# tree 333
1	17
17	21
1	4
1	16
21	7
17	15
17	22
4	18
17	3
21	8
16	10
7	12
7	14
15	19
4	11
1	2
15	20
17	23
17	9
# tree 334
1	17
17	21
1	4
1	16
21	7
17	15
17	22
4	18
17	3
21	8
16	10
7	12
7	14
15	19
4	11
1	2
15	20
17	23
1	9
# tree 335
1	17
1	4
17	21
1	15
1	16
4	18
21	7
17	22
15	9
17	3
21	8
16	10
18	11
7	14
15	19
17	12
1	2
17	20
17	23
# tree 336
1	17
1	4
17	21
1	16
4	18
21	7
1	15
17	22
17	3
21	8
16	10
18	11
7	14
15	19
22	23
17	12
1	2
17	20
17	9
# tree 337
1	17
1	4
17	21
1	16
4	18
21	7
1	15
17	22
17	3
21	8
16	10
18	11
7	14
15	19
22	23
17	12
1	2
17	20
1	9
# tree 338
1	17
1	4
17	21
1	16
4	18
21	7
1	15
17	9
17	22
17	3
21	8
16	10
18	11
7	14
15	19
9	20
17	12
1	2
17	23
# tree 339
1	17
1	4
17	21
1	16
4	18
21	7
1	15
1	9
17	22
17	3
21	8
16	10
18	11
7	14
15	19
9	20
17	12
1	2
17	23
# tree 340
1	17
1	4
17	21
1	16
4	18
21	7
1	15
17	22
4	2
17	3
21	8
16	10
18	11
7	14
15	19
17	12
17	20
17	23
17	9
# tree 341
1	17
1	4
17	21
1	16
4	18
21	7
1	15
17	22
4	2
17	3
21	8
16	10
18	11
7	14
15	19
17	12
17	20
17	23
1	9
# tree 342
1	17
1	4
17	21
17	15
1	16
4	18
21	7
17	22
15	9
17	3
21	8
16	10
18	11
7	14
17	12
1	19
1	2
15	20
17	23
# tree 343
1	17
1	4
17	21
1	16
4	18
21	7
17	22
17	15
17	3
21	8
16	10
18	11
7	14
22	23
17	12
1	19
1	2
15	20
17	9
# tree 344
1	17
1	4
17	21
1	16
4	18
21	7
17	22
17	15
17	3
21	8
16	10
18	11
7	14
22	23
17	12
1	19
1	2
15	20
1	9
# tree 345
1	17
1	4
17	21
1	16
4	18
21	7
17	9
17	15
17	22
17	3
21	8
16	10
18	11
7	14
9	20
17	12
1	19
1	2
17	23
# tree 346
1	17
1	4
17	21
1	16
4	18
21	7
1	9
17	15
17	22
17	3
21	8
16	10
18	11
7	14
9	20
17	12
1	19
1	2
17	23
# tree 347
1	17
1	4
17	21
1	16
4	18
21	7
17	15
17	22
4	2
17	3
21	8
16	10
18	11
7	14
17	12
1	19
15	20
17	23
17	9
# tree 348
1	17
1	4
17	21
1	16
4	18
21	7
17	15
17	22
4	2
17	3
21	8
16	10
18	11
7	14
17	12
1	19
15	20
17	23
1	9
# tree 349
1	17
1	4
17	21
1	16
4	18
21	7
17	15
17	22
17	3
21	8
16	10
18	11
7	14
15	19
17	12
1	2
15	20
17	23
17	9
# tree 350
1	17
1	4
17	21
1	16
4	18
21	7
17	15
17	22
17	3
21	8
16	10
18	11
7	14
15	19
17	12
1	2
15	20
17	23
1	9
# tree 351
1	17
1	4
17	21
1	15
1	16
4	18
21	7
21	8
17	22
15	9
17	3
16	10
18	11
7	12
15	19
8	14
1	2
17	20
17	23
# tree 352
1	17
1	4
17	21
1	16
4	18
21	7
1	15
17	22
21	8
17	3
16	10
18	11
7	12
15	19
22	23
8	14
1	2
17	20
17	9
# tree 353
1	17
1	4
17	21
1	16
4	18
21	7
1	15
17	22
21	8
17	3
16	10
18	11
7	12
15	19
22	23
8	14
1	2
17	20
1	9
# tree 354
1	17
1	4
17	21
1	16
4	18
21	7
1	15
17	9
21	8
17	22
17	3
16	10
18	11
7	12
15	19
9	20
8	14
1	2
17	23
# tree 355
1	17
1	4
17	21
1	16
4	18
21	7
1	15
1	9
21	8
17	22
17	3
16	10
18	11
7	12
15	19
9	20
8	14
1	2
17	23
# tree 356
1	17
1	4
17	21
1	16
4	18
21	7
1	15
21	8
17	22
4	2
17	3
16	10
18	11
7	12
15	19
8	14
17	20
17	23
17	9
# tree 357
1	17
1	4
17	21
1	16
4	18
21	7
1	15
21	8
17	22
4	2
17	3
16	10
18	11
7	12
15	19
8	14
17	20
17	23
1	9
# tree 358
1	17
1	4
17	21
17	15
1	16
4	18
21	7
21	8
17	22
15	9
17	3
16	10
18	11
7	12
8	14
1	19
1	2
15	20
17	23
# tree 359
1	17
1	4
17	21
1	16
4	18
21	7
17	22
21	8
17	15
17	3
16	10
18	11
7	12
22	23
8	14
1	19
1	2
15	20
17	9
# tree 360
1	17
1	4
17	21
1	16
4	18
21	7
17	22
21	8
17	15
17	3
16	10
18	11
7	12
22	23
8	14
1	19
1	2
15	20
1	9
# tree 361
1	17
1	4
17	21
1	16
4	18
21	7
17	9
21	8
17	15
17	22
17	3
16	10
18	11
7	12
9	20
8	14
1	19
1	2
17	23
# tree 362
1	17
1	4
17	21
1	16
4	18
21	7
1	9
21	8
17	15
17	22
17	3
16	10
18	11
7	12
9	20
8	14
1	19
1	2
17	23
# tree 363
1	17
1	4
17	21
1	16
4	18
21	7
21	8
17	15
17	22
4	2
17	3
16	10
18	11
7	12
8	14
1	19
15	20
17	23
17	9
# tree 364
1	17
1	4
17	21
1	16
4	18
21	7
21	8
17	15
17	22
4	2
17	3
16	10
18	11
7	12
8	14
1	19
15	20
17	23
1	9
# tree 365
1	17
1	4
17	21
1	16
4	18
21	7
17	15
21	8
17	22
17	3
16	10
18	11
7	12
15	19
8	14
1	2
15	20
17	23
17	9
# tree 366
1	17
1	4
17	21
1	16
4	18
21	7
17	15
21	8
17	22
17	3
16	10
18	11
7	12
15	19
8	14
1	2
15	20
17	23
1	9
# tree 367
1	17
1	4
17	21
1	16
4	18
21	7
1	15
17	22
17	3
21	8
16	10
18	11
7	12
7	14
15	19
1	2
17	20
17	23
17	9
# tree 368
1	17
1	4
17	21
1	16
4	18
21	7
1	15
17	22
17	3
21	8
16	10
18	11
7	12
7	14
15	19
1	2
17	20
17	23
1	9
# tree 369
1	17
1	4
17	21
1	16
4	18
21	7
17	15
17	22
17	3
21	8
16	10
18	11
7	12
7	14
1	19
1	2
15	20
17	23
17	9
# tree 370
1	17
1	4
17	21
1	16
4	18
21	7
17	15
17	22
17	3
21	8
16	10
18	11
7	12
7	14
1	19
1	2
15	20
17	23
1	9
