# 12 out of 12 mutations
36 #trees
11 #edges, tree 1
4 7_9_10_11_12_13_15_17_20_22_24_25_27_31_33_34_38_39_40_41
3 37
3 19_21_23
3 14_18
3 16
2 4
0 28
0 1_8
0 6
0 3
0 2
11 #edges, tree 2
0 2
0 3
0 6
0 1_8
0 28
2 4
3 16
3 14_18
3 19_21_23
4 7_9_10_11_12_13_15_17_20_22_24_25_27_31_33_34_38_39_40_41
14_18 37
11 #edges, tree 3
4 7_9_10_11_12_13_15_17_20_22_24_25_27_31_33_34_38_39_40_41
3 37
3 19_21_23
3 14_18
3 16
2 6
2 4
0 28
0 1_8
0 3
0 2
11 #edges, tree 4
14_18 37
4 7_9_10_11_12_13_15_17_20_22_24_25_27_31_33_34_38_39_40_41
3 19_21_23
3 14_18
3 16
2 6
2 4
0 28
0 1_8
0 3
0 2
11 #edges, tree 5
0 2
0 3
0 6
0 28
2 4
3 16
3 14_18
3 19_21_23
3 37
4 1_8
4 7_9_10_11_12_13_15_17_20_22_24_25_27_31_33_34_38_39_40_41
11 #edges, tree 6
0 2
0 3
0 6
0 28
2 4
3 16
3 14_18
3 19_21_23
4 1_8
4 7_9_10_11_12_13_15_17_20_22_24_25_27_31_33_34_38_39_40_41
14_18 37
11 #edges, tree 7
0 2
0 3
0 6
0 28
2 4
3 1_8
3 16
3 14_18
3 19_21_23
3 37
4 7_9_10_11_12_13_15_17_20_22_24_25_27_31_33_34_38_39_40_41
11 #edges, tree 8
0 2
0 3
0 6
0 28
2 4
3 1_8
3 16
3 14_18
3 19_21_23
4 7_9_10_11_12_13_15_17_20_22_24_25_27_31_33_34_38_39_40_41
14_18 37
11 #edges, tree 9
4 7_9_10_11_12_13_15_17_20_22_24_25_27_31_33_34_38_39_40_41
4 1_8
3 37
3 19_21_23
3 14_18
3 16
2 6
2 4
0 28
0 3
0 2
11 #edges, tree 10
14_18 37
4 7_9_10_11_12_13_15_17_20_22_24_25_27_31_33_34_38_39_40_41
4 1_8
3 19_21_23
3 14_18
3 16
2 6
2 4
0 28
0 3
0 2
11 #edges, tree 11
14_18 37
4 7_9_10_11_12_13_15_17_20_22_24_25_27_31_33_34_38_39_40_41
3 19_21_23
3 14_18
3 16
3 1_8
2 6
2 4
0 28
0 3
0 2
11 #edges, tree 12
4 7_9_10_11_12_13_15_17_20_22_24_25_27_31_33_34_38_39_40_41
3 37
3 19_21_23
3 14_18
3 16
3 1_8
2 6
2 4
0 28
0 3
0 2
11 #edges, tree 13
4 7_9_10_11_12_13_15_17_20_22_24_25_27_31_33_34_38_39_40_41
3 37
3 28
3 19_21_23
3 14_18
3 16
2 4
0 1_8
0 6
0 3
0 2
11 #edges, tree 14
4 7_9_10_11_12_13_15_17_20_22_24_25_27_31_33_34_38_39_40_41
3 37
3 28
3 19_21_23
3 14_18
3 16
2 6
2 4
0 1_8
0 3
0 2
11 #edges, tree 15
19_21_23 28
4 7_9_10_11_12_13_15_17_20_22_24_25_27_31_33_34_38_39_40_41
3 37
3 19_21_23
3 14_18
3 16
2 4
0 1_8
0 6
0 3
0 2
11 #edges, tree 16
19_21_23 28
4 7_9_10_11_12_13_15_17_20_22_24_25_27_31_33_34_38_39_40_41
3 37
3 19_21_23
3 14_18
3 16
2 6
2 4
0 1_8
0 3
0 2
11 #edges, tree 17
0 2
0 3
0 1_8
2 4
2 6
3 16
3 14_18
3 19_21_23
3 28
4 7_9_10_11_12_13_15_17_20_22_24_25_27_31_33_34_38_39_40_41
14_18 37
11 #edges, tree 18
0 2
0 3
0 6
0 1_8
2 4
3 16
3 14_18
3 19_21_23
3 28
4 7_9_10_11_12_13_15_17_20_22_24_25_27_31_33_34_38_39_40_41
14_18 37
11 #edges, tree 19
0 2
0 3
0 1_8
2 4
2 6
3 16
3 14_18
3 19_21_23
4 7_9_10_11_12_13_15_17_20_22_24_25_27_31_33_34_38_39_40_41
14_18 37
19_21_23 28
11 #edges, tree 20
0 2
0 3
0 6
0 1_8
2 4
3 16
3 14_18
3 19_21_23
4 7_9_10_11_12_13_15_17_20_22_24_25_27_31_33_34_38_39_40_41
14_18 37
19_21_23 28
11 #edges, tree 21
0 2
0 3
0 6
2 4
3 16
3 14_18
3 19_21_23
3 28
3 37
4 1_8
4 7_9_10_11_12_13_15_17_20_22_24_25_27_31_33_34_38_39_40_41
11 #edges, tree 22
0 2
0 3
0 6
2 4
3 16
3 14_18
3 19_21_23
3 37
4 1_8
4 7_9_10_11_12_13_15_17_20_22_24_25_27_31_33_34_38_39_40_41
19_21_23 28
11 #edges, tree 23
0 2
0 3
0 6
2 4
3 16
3 14_18
3 19_21_23
3 28
4 1_8
4 7_9_10_11_12_13_15_17_20_22_24_25_27_31_33_34_38_39_40_41
14_18 37
11 #edges, tree 24
0 2
0 3
0 6
2 4
3 16
3 14_18
3 19_21_23
4 1_8
4 7_9_10_11_12_13_15_17_20_22_24_25_27_31_33_34_38_39_40_41
14_18 37
19_21_23 28
11 #edges, tree 25
0 2
0 3
0 6
2 4
3 1_8
3 16
3 14_18
3 19_21_23
3 28
3 37
4 7_9_10_11_12_13_15_17_20_22_24_25_27_31_33_34_38_39_40_41
11 #edges, tree 26
0 2
0 3
0 6
2 4
3 1_8
3 16
3 14_18
3 19_21_23
3 28
4 7_9_10_11_12_13_15_17_20_22_24_25_27_31_33_34_38_39_40_41
14_18 37
11 #edges, tree 27
0 2
0 3
0 6
2 4
3 1_8
3 16
3 14_18
3 19_21_23
4 7_9_10_11_12_13_15_17_20_22_24_25_27_31_33_34_38_39_40_41
14_18 37
19_21_23 28
11 #edges, tree 28
0 2
0 3
0 6
2 4
3 1_8
3 16
3 14_18
3 19_21_23
3 37
4 7_9_10_11_12_13_15_17_20_22_24_25_27_31_33_34_38_39_40_41
19_21_23 28
11 #edges, tree 29
0 2
0 3
2 4
2 6
3 1_8
3 16
3 14_18
3 19_21_23
3 28
3 37
4 7_9_10_11_12_13_15_17_20_22_24_25_27_31_33_34_38_39_40_41
11 #edges, tree 30
0 2
0 3
2 4
2 6
3 1_8
3 16
3 14_18
3 19_21_23
3 37
4 7_9_10_11_12_13_15_17_20_22_24_25_27_31_33_34_38_39_40_41
19_21_23 28
11 #edges, tree 31
0 2
0 3
2 4
2 6
3 16
3 14_18
3 19_21_23
3 28
3 37
4 1_8
4 7_9_10_11_12_13_15_17_20_22_24_25_27_31_33_34_38_39_40_41
11 #edges, tree 32
0 2
0 3
2 4
2 6
3 16
3 14_18
3 19_21_23
3 37
4 1_8
4 7_9_10_11_12_13_15_17_20_22_24_25_27_31_33_34_38_39_40_41
19_21_23 28
11 #edges, tree 33
19_21_23 28
14_18 37
4 7_9_10_11_12_13_15_17_20_22_24_25_27_31_33_34_38_39_40_41
3 19_21_23
3 14_18
3 16
3 1_8
2 6
2 4
0 3
0 2
11 #edges, tree 34
19_21_23 28
14_18 37
4 7_9_10_11_12_13_15_17_20_22_24_25_27_31_33_34_38_39_40_41
4 1_8
3 19_21_23
3 14_18
3 16
2 6
2 4
0 3
0 2
11 #edges, tree 35
14_18 37
4 7_9_10_11_12_13_15_17_20_22_24_25_27_31_33_34_38_39_40_41
3 28
3 19_21_23
3 14_18
3 16
3 1_8
2 6
2 4
0 3
0 2
11 #edges, tree 36
14_18 37
4 7_9_10_11_12_13_15_17_20_22_24_25_27_31_33_34_38_39_40_41
4 1_8
3 28
3 19_21_23
3 14_18
3 16
2 6
2 4
0 3
0 2
