1524;599;1707;2630;729;1486;1154;1573;2691;3022;2749;648;2944;997;995;2145;597;3102;2775;1521;1705;544;1392;2779;675;760;1187;1188;1899;2942;2163;1576;943;785;2039;756;594;1710;2695;2147;3104;913;2484;1805;2042;3028;721;3299;3007;2233;1368;628;2448;2287;614;2041;783;3084;1245;941;2048;1424;1243;624;866;3108;2235
2573;1772;2058;531;4145;1786;3170;1171;582;977;1233;3762;1478;604;4097;457;879;2708;3152;4086;749;3284;2499;4290;1617;4477;711;2340;608;796;2736;2095;2253;1796;579;3035;2642;1509;1346;1299;1291;2519;2413;1650;1642;2133;1964;908;2390;2493;1569;1438;3870;1174;4360;4474;1035;2710;906;1122;3869;1513;904;2800;2753;3957;2102;801;3862;2757;1730;1648;1149;2557;2786;1048;1926;1352;746;1628;669;2984;1541;2571;1562;3244;798;1170;1142;539;3245;1697;3783;2255;3061;3341;2451;2079;2221;2137;3133;1510;3772;1238;777;2125;2029;1799;561;2848;926;1046;1729;1516;2109;3020;1143;1779;694;2641;4475;1625;2131;4084;2276;1439;3515;3959;668;4138;857;3166;2988;1773;876;1091;4147;2126;2194;2156;2098;4209;1459;3591;3590;2987;691;538;1327;1829;2662;1793;4291;2403;4087;1074;2602;1858;2552;3397;1008;2558;2021;536
8112;4716;8142;8829;8195;4873;8180;8742;7782;6674;8194;8712;8922;8396;8550;4660;9212;8141;5685;5220;4620;4166;6363;8670;8361;6679;8062;8110;8830;7662;4422;5955;4499;4616;5731;8836;8254;8625;6126;7030;8428;9217;7480;8837;4314;8626;7860;8549;8714;6269;4812;7921;8556;8715;9048;6268;8333;8360
8171;7595;5625;6958;7229;7754;6348;6717;8104;6392;7469;3467;4235;4692;6120;6722;8301;8103;7226;4625;5681;5304;7869;4482;6389;6163;6346;4486;5030;6351;5312;7139;7745;5084;3538;5626;3974;5089;7136;5761;7231;3465;6024;5679;5682;6114;5561;5087;5023
4940;4257;4727;4510;4896;4068;4783;5241;4117;5177
4301;3880;3969;5544;7947;6334;5550;3997;6338;7105;3875;6461;6981;7405;6753;3992;3634;6749;7790;4543;3970;4575;4685;7952;6022;3815;4747;3632;7785;6342;3995;5809;7945;3924;6021;6976;4851;6343;6747;4577;4605;6591
6035;7348;6845;7447;2681;2473;8481;3605;2365;2768;2831;2893;2478;8156;2765;8157;2541;3611;2836;2897;7712;3261;7241;8400;3115;5742;7036;3270;2474;2364;5840;2203;7240;7150;6482;6040;3119
4039;4993;3985;6316;5537;6008;6320;4079;7128;5001;7339;6108;4797;4032;6331;4446;7675;6440;4679;6321;4674;6574;7323;6805;3946;3989;6810;6449;5276;7541;4514;5539;6817;6451;6673
5847;5851;7552;8913;7359;6933;7652;8910;9120;9132;9133;6245;8908;6135;6859;8089;6247;7722;6368;8903;7901;6373;7245;9021;6246;7154;7897;7362;8611;6484
6003;6095;6100;5521;6427;4060;6304;4248;5794;4596;5400;6102;5894;5796;4432;6564;5104;5633;5399;5164;4022;4922;5107;4105;6569;6800;5269;4106;5227
9179;7295;7100;8040;8887;8962;7095;9184;8964;6972;7097;6893;8037;6884;8527;8855;8848;8519;6891;8310;9154;8312;7593
489;156;485;516;305;154;432
554;507;224;226;221;473;477;172
4304;4919;4705;5813;5253;5815;3828;5035;4707;3886;4760;4702;4308;5355;5718;4871;5816;4708
3480;3403
6422;6898;6551;6415;6895
208;345;383;204;1214;385;382
7498;7962
3835;3901;3893
5326
197;144;250
3518
7
5317;5374
18;12;20
5161;5451
8135
70;67;121
2663
