2683;2591;2689;2812;2977;2488;2596;2592;3062;2649;2466;2925
3661;1504;1002;4446;2565;4065;2358;1148;2520;215;2023;1185;4652;4577;2110;3625;3163;2032;2055;1142;2433;2225;2109;3621;4877;1037;4842;2706;4220;3577;3664;1283;249;3986;1040;4368;2161;859;3576;5646;3629;844;2038;3793;4028;641;1619;216;246;853;3164;843;1557;4529;1379;3940;1735;2941;1702;244;398;4339;4367;243;2103;2226;4657;3481;2244;2569;5647;392;3896;3935;952;5444;2382;1508;5187;5283;959;4841;958;2453;894;2033;250;1038;1147;3897;339;1035;3791;4843;1733;2056;5792;2332;5288;4659;786;1435;854;1777;242;2224;4215;2567
7156;7051;8474;8588;6664;8509;8434;8491;7541;6996;8669;8722;5870;7690;6359;8728;6821;8523;6443;6609;6999;6812;8725;7538;8560;8562;7786;6891;8369;8514;8410;8401;8214;6608;8662;8331;7919;6199;8531;6422;6510;6167;8507;8435;6784;6198;6361;6817;8670;8724;5868;8473;6449;8329
4799;932;4238;875;1834;2492;5348;874;2500;4173;4258;1160;130;2494;840;2270;4059;571;5341;745;4231;4176;1200;4512;3747;2077;1987;1397;4758;672;4432;4665;4235;152;4174;831;1936;3080;2209;1328;4256;2071;2940;3558;1753;4515;4011;1643;4759;2073;5153;4553;2296;2160;1648;121;3788;693;2412;1392;4995;4715;599;5151;1831;4661;1840;4518;4965;619;4791;1139;3553;620;5405;4556;3278;2272;4913;2418;5412;837;1836;4797;877;4605;4378;4794;3785;1118;256;1756;4291;593
6077;6072;5997;5998;5892;6080
6248;8068;1124;986;2426;5699;6242;4678;8186;8069;7121;1097;3994;227;115;1207;1302;4197;1362;4080;2014;3001;5641;1423;3460;1585;5541;5296;1682;2312;3847;3609;7116;1213;6156;140;5093;7654;5784;1797;1630;4570;6256;2615;6746;301;3846;5964;4763;3587;6334;1280;2284;913;1098;1609;1301;815;5740;3495;6654;681;2281;683;2611;2013;3588;5535;3753;313;817;8013;228;4672;111;6308;4073;4721;405;2088;582;4078;1204;8131;814;4887;975;6921;2129;1877;120;1063;424;4836;6303;732;767;605;5091;6594;4835;170;3518;1526;1162;1911;590;6335;3351;7112;1610;1655;763;1798;7314;113;7892;7087;4035;974;318;6718;1800;4345;6250;812;3590;268;2018;6880;1621;3726;5787;1874;911;2082;1880;1216;8065;778;3293;7522;134;5292;7517;2183;3608
4114;6279;7437;7737;3883;4424;7736;6584;3693;4222;4591;4732;3474;6587;3889;6421;7211;6805;6439;2792;4227;5833;7060;3119;7435;3716;3156;6472;4425;6535;6235;3863;7140;7817;6292;4740;3977;5310;7207;4394;4542;3158;4694;5029;3906;6588;4241;5026;3643;7054;7013;4541;2862;6298;3979;3329;7203;6299;6121;6414;7132;6526;2740;3159;7134;3645;4807;6804;5309;5953;6986;7020;6272;6274;2913;6415;7012
2342;1266;2144;2061;1976;1826;1356;541;1514;2048;796;1108;497;1256;1714;548;1870;963;1908;1413;1676;1177;1979;1711;511;1828;2199;2394;2050;822;1809;2231;800;925;2046;1355;1072;474;328;1331;2043;1080;2195;1824;1353;190;969;870;755;2212;2362;234;1415;1418;863;1106;1741
3634;4272;3855;4206;4861;4708;3734;4904;4280;4274;3081;4866;4823;4101;4867;4477;3735;2860;4208;4742;2855;4473;3766;3761;2778;2538;4641;4479;2539;4650;5052;2771;2720;3764;3549;3088;4826;3681;5139;4474;4706;4743
7551;6895;56;6512;6960;7004;7007;6454;6487;6636;44;6452;6516;6367;6675;6727;7338;6711;6456;6761;7003;6289;6725;6899;6216;7339
7706;7701;7703;7711
80;77;72;89
6463;6683;6471;6737;6868;6733;6612;6735;6329;6741;6404;6408;6824;6132;6410;6409;7039;6465;6870
6651
3658
6031
7624;7957;7478;7475
3723
2480;2474;2479;2542
20;21;28
4484
70;95
