4
6521;2412;2458;5494;5493;5848;1957;253;6008;6002;317;366;4641;5994;4122;3653;4966;5757;6516;5754;3134;1684;3004;5501;1131;3136;4642;2370;4649;3240;3009;585;1584;1132;5832;2676;5500;3406;1177;549;5456;2509;2929;791;2415;712;3153;6232;3407;1048;2848;965;1212;1172;2583;792;2507;4126;2233;4228;4230;5761;1216;423;2455;6327;3001;984;5743;3007;797;6003;1333;3237;319;894;257;5123;927;2846;3152;6114;1256;3651;5392;4643;4128;4229;1590;1844;2235;4869;588
734;740;1073;184;1065;506;918;857;888;350;639;504;859;301;188;881
3367;3550;5270;2126;6029;3189;5909;3190;1977;5155;3543;3253;1919;5580;4999;1920;2304;2762;6449;2712;3759;2263;6268;4657;2129;4993;5521;5910;3188;3758;3752;2025;2874;5514;3086;2216;6350;6262;6155;2262;2770;2383;2656;5905;5575
2051;2838;1101;5111;5039;1801;671;2968;266;3108;1108;6734;1009;5328;3438;4043;1756;325;3110;379;2837;5115;4984;3054;6289;5218;5009;4930;1189;675;4769;2164;3169;1511;1807;2053;2433;6968;1520;2521;2687;5114;2550;2116;6288;5036;5095;5380;3939;5330;832;2970;3495;5061;4045;4323;5329
6762;4439;6388;3228;3040;5727;6761;6490;2224;6491;6081;6197;3036;2729;4235;2567;6074;2071;6385;3033;3562;5622;6485;2136;5532;2670;2568;5538;2953;6391;1771;3854;4234;5731;3566;4919;1981;6198;2727;6301;4432;4232;6072;1982;3276;4438
996;2603;3096;1304;461;1901;682;997;998;564;1719;3287;3485;1121;2708;748;463;2293;2650;1122;2869;2555;470;3794;566;3393;841;3392;845;2551;2479;613;743;467;2649;3581;570;3285;2645;2533
3264;4621;3261;2040;2574;4565;1947;4800;3994;4688;2915;3695;4798;3991;3992;4884;2359;1606;4818;3373;2323;4737;3318;2409;2773;3262;3693;3625;4796;3807;1741;1745;2321;3691;3560;4948;3554;2579;3555;3268;4736;2630;2351;4626;3445
1635;1351;1425;1414;1158;1553;1729;1828;1248;1723;1157;1552;1411;1633
6339;6433;4023;5349;5084;6020;5236;3825;4754;5085;6436;6338;4082;5509;5173;5570;5503;5502;5333;4847;5237;5508;6703;6253;5507;5174;5511;5108;6258;5406;5136;6016;5086;4848;5107;5339;6708;4022
2340;2947;1523;2203;2636;2760;2256;2335;724;2981;1528;3072;721;1113;443;1769;2285;630;971;447;2286;2205;3926;2173;2258;3073;3121;2759;3129;1087;2900;978;1012;1293;2806;2174;3198;575;3928;2699;538;2259;493;1626;2288
333;288;408;339
174;81;137;32;85;173;134;110;106;88;40;177
127;162;125;170
79;70;54;27;42
1099;1162;1093
1265;1231;1238;1344;1193
620
6797
1991
3577;4068;3576
3344
1404;1408
5279
94
5225
