8487;720;2448;544;4705;8030;572;3067;3557;4216;8484;546;8202;5355;3139;8066;7707;3713;448;8752;9141;8869;4215;4555;7504;8550;7120;8883;8409;8964;9347;3508;1054;342;2700;1910;7622;2531;5194;550;8367;9148;6877;8265;8267;4116;8061;9712;7076;8536;3501;8761;7849;1909;9453;8562;526;2927;717;8201;9661;549;8373;5147;497;8685;3138;368;9660;2299;1968;3997;5145;9861;4556;1570;364;7145;712;3194;521;8197;2300;2481;2295;495;6508;3027;9349;1562;4706;9061;2924;8195;9346;7431;9056;3802;6322;7894;1198;1233;8866;2208;2206;7288;647;8489;8691;7331;7742;5268;1905;4251;6875;4385;4211;2843
6182;5985;9752;8100;6837;6226;9036;2755;2908;3539;7620;2663;5780;2903;3645;2662;7124;9033;7808;5035;9624;2102;6183;2227;6893;6302;6582;9541;6105;9317;7468;7127;10035;2706;6190;2316;7611;5412;3108;4517;2076;6673;8455;7126;6900;2106;2078;3839;4519;7617;6227;4596;5773;6976;4695;8665;6972;1927;5386;8253;2951;5176;5473;8605;5178;7614;2667;9985;3648;4089;6547;5645;2080;7560;2574;4163;2266;9838;5036;10039
10449;7584;193;1306;3331;8116;3091;4636;5723;8629;10723;2568;2027;381;5348;3054;4889;6643;5872;3732;7198;6864;2193;2220;5283;4831;752;4712;1480;10119;3425;6128;122;4916;1248;9965;7102;10896;8306;838;7822;3564;3058;1954;9748;3683;973;10709;2251;9890;216;5010;6905;3822;4135;3969;5659;4763;730;2749;461;9891;563;8627;10899;5119;629;3740;7585;8475;7587;2405;3817;3153;9613;7232;6312;10879;6603;3686;1856;7830;1302;7234;5611;5618;10951;510;127;3951;8017;6113;722;8393;2179;5439;1063;5560;4961;438;6130;837;5440;4521;3562;3879;5782;6906;1874;1605;4522;1876;593;4720;5654;561;5235;6756;1877;3516;2614;5486;6908;5111;4080;509;8015;2977;10648;8341;1554;6064;10874;111;9963;5437;5117;6608;566;10533;1308;3877;2172;3696;7030;5495;5286;2008;3722;835;1246;10732;5651;9746;437;1555;630;7231;4834;1776;10710;1472;10704;6867;3723;8860;2744;3628;9747;8111;1602;4582;1960;4966;1609;4305;3156;3729;2256;4154;7590;4570;1892;9618;10116;6413;1304;727;6606;10728;6642;10706;10643;3970;5725;8301;8628;8748;4313;2984;6847
4013;9805;11466;2280;9610;5757;9017;9803;2999;2507;6085;4501;10107;8004;7164;3111;6208;4016;3983;3481;7945;4099;2763;1827;7412;4505;11545;2994;11597;5404;2417;2413;11568;5244;5168;4019;6169;4976;3489;7268;7722;11853;5464;11249;11511;2367;7657;7943;10104;11598;4352;11464;9211;3276;2766;2190;11447;7319;7874;3657;1882;8613;11510;4508;8616;5380;6982;2279;9605;2880;2508;2510;7727;7484;9802;6205;11091;5162;6664;2115;3484;3279;5845;7721;2119;11861;7658;4853;10442;9208;4891
8646;9173;8645;9264;9175;9072;9074
4902;9428;8464;9866;9423;2283;9426;10005;7181;2461;2380;4192;6998;5445;5014;9863;7812;3238;1284;1625;4026;8053;3787;6350;1114;3239;1760;7992;1698;3128;3434;10785;2778;4236;1654;3281;4757;3284;9515;7474;7457;7360;6739;7456;4025;5275;1287;2428;4144;10294;4483;4233;7999;7777;8284;6193;10756;7940;6018;11029;3743;8162;6197;4021;10953;7932;10786;10401;8057;4674;5020;3235;9005;6827;7994;10169;3744;5798;2124;5450;7186;1692;7358;4194;2968;3435;3130;10800;8281;7471;3439;6019;10485;7936;9934;4953;4490;7868;7392;7931;1117;6889;4239;7393;10954;8286;7561;6735;8337;2378;2595
956;958;1124;1336;1122;1211;1409;1498;1081
10512;11990;11319;11927;12058;11529;9876;10991;9497;10314;11783;11526;12054;10019;11051;12078;11974;11944;9672;10508;12020;10989;11785;9789;11949;11851;11732;11314;11982;10424;11434;9872;9681;11052;12114;10506;11260;11440;12178;10429;12179;10317;9492;10427;12021;11950;9498;11050
454;1043;6854;4190;4405;5079;7837;3943;3038;3210;2383;5160;8034;6761;5967;7692;2658;4580;6385;7883;3204;681;3615;7002;6853;4879;3671;6135;8225;4625;8037;7134;5832;8517;6655;656;6137;8040;8149;7698;4322;7602;316;620;4282;4401;6551;7374;687;7694;7610;7004;4532;6928;4576;7545;1530;1674;660;7664;2686;8223;3676;8432;2782;2348;6333;5831;658;5214;3385;2882;6004;2059;2053;8222;4273;2349;4328;4813;7731;7542;5312;8435;6276;3857;744;3901;5733;5211;5315;1521;1592;6010;5158;6465
175;307;251;260;266;252;302;306;227;308;267
8657;8660;8997;8999;9000;9110;8658;9593;9594;8961
814;900;895;783;893
9279;9273;9184;9185;142;147;164;161
1155;950;1275;1616;1419;1417;1745;1156;992;1618;1750;1614;1160;1349;946;861
2514
10205;10360
11069;9799;10615;11166;10325;10622;9684;10093;11118;9416;10329;9420;9794;9688
291;427;401;678;487;518;391;30;474;393;421;631;245;511;478;357;47
1314;1385;1387;1209;1384;1318;1201
11616;11430;11518;11613
8830;8825
5062
4065
8729;8727
63
4708
5847
449;4258
5165
5357
1128
