3512;2498;2296;3288;2991;2629;283;1886;3518;287;1172;4770;1510;3868;3720;1008;2203;488;2209;490;1395;1121;3042;2060;1175;484;4581;3864;2993;3866;2627;2556;2558
581;5261;3684;5904;3920;5801;1799;3569;1445;971;4902;6313;3940;3460;5855;1449;4156;1202;2953;3807;1896;5804;5906;5712;5910;5353;2187;4100;2891;1139;6179;4718;2104;3630;3685;6050;5042;6386;2896;1444
2376;5778;1170;4451;5478;4705;2424;7165;4710;1111;3812;7248;6419;3691;845;771;2119;3066;3738;4216;4543;5961;2112;5480;3184;3183;3698;249;5842;942;2707;941;5473;3820;6266;6349;1073;6345;3063;1463;1385
449;443;238;565;68;377;622;330;444;754;376;35;134;203;63
1438;795;700;1084;1557;1088
4244
156;316;109;182
2126;4890;5503;5114;4023;2274;4354;868;3353;1610;4804;2527;702;5638;969;1240;5033;2836;3928;3840;5097;5113;5095;3725;4395;3796;2522;575;966;3838;5293;3852;1771;2885
3822;3827;2578;3589;2868;3788;3907;4060;3376;2783;3205;2699
4423;4293;4425;4428
6378;4664;6009;5990;6967;6364;5663;4825;4667;5752;5666;6707;5370
1039;1411;1998;3034;1040;2912;1484;3026
257;142;291;150;252;172;298;179
1820;2168
6477;7229;7014;6476;7373;6922
427
510
1837;2084;2013;2086
2997
23
1365
