452;504;376;425;1707;508;1640;2462;1539;1236;2293;2465;2301;257;1411;718;336;1763;2296;489;506;305;1780;1466;405;869;2219;460;2065;907;291;902;1158;525;1057;1799;323;1537;2395;1275;2397;429;2137;1415;1497;485;2060;374;390;1156;465;1237;351;530;850;1639;1700;1703;544;1311;505;327;1694
1664;886;5663;494;914;2412;2938;3888;2094;2042;3103;2417;1198;2051;5963;703;3777;2932;1452;1557;4004;5669;2314;1446;3090;4572;555;2045;1298;2083;5671;1514;1391;4704;1143;2005;829;1474;2861;3332;1758;553;1587;2148;2740;1023;2868;1402;2415;2150;552;2048;2099;2744;1065;913;3257;1690;4006;2248;1126;1687;1399;5666;1451;3285;700;1105;2003;2662;1520;6078;3091;1683;1295;5791;1393;899;3057;3338;799;978;538;686;1146;1877;1646;1449;1109;2446;5007;1149;3884;1516;2669;1293
3278;4461;3361;4864;3032;3620;2556;4289;4457;2553;5271;3233;3676;3237;3726;3927;2989;3930;3871;3928;3723;2170;4867;5401;3813;3354;4652;2168;5600;2273;5393;2163;3678
6951;5817;4378;4435;5814;3403;6213;6998;4381;2803;3787;3388;5551;3839;5333;3231;6698;3191;6088;3897;4147;3490;6209;5906;3406;3411;6806;6950;3227;6089;6807;4225;6952;4630;2954;6996;3571;6443;4541
6275;6611;5917;6351;6220;3413;6828;2702;6034;6478;6459;3907;4027;6475;3077;6349;5823;3495;4023;3262;6320;3073;5767;5923;4702;3416;6420;6477;6726;3312;6161;2885;3392;4633;3270;3393;5859;4698;6278;6831;3414;2258;2964;4824;3747;6521;4832;2535;6407;3415;6461;3955
6602;6600;6604;6711;6963;6595
610;512;518;476;415;244;184;392;226;433;471;368;183;473;264;192;207
3025;2826;2620;2548;3030;3530;3986;3348;2340;3803;2829;2900;3330;2341;3982;3347;3860;2617;3855;2547;3143
1322;3479;2492;1607;2040;2239;3823;3706;1218;1249;2081;1570;1507;3771;4428;1565;4516;2632;1281;1215;725;990;1355;986;3766;4331;4721;1906;1865;4324;1093;3827;812;1282;1863;2037;3709;786;4431;1434;1389;639;2374;4135;960;953;2850;4139;3368
644;1624;1679;1482;1718;1073;1485;1375;1425;961;1339;1675;964;646;648;834;1623;999;1721;1337;1372;1580
4417;4072;4075;4073;4555;4205;4209
2694;2793;2873;4234;4175;4468;3519;2693;5449;2796;4529;4916;3849;4293;3010;5252;4094;5243;3432;3792;2701;2951;4232;2794;5106;2692;2876;4531;2880;3518;5436;3756;3179;5105;5539;3433
87;36;12;57;19;108;4410;4406;130
66;139;67;94;91;97;29;137;162;176
1943;2113;1994
1843
2102;1935;1939
221
2085
3088
3247
329
2444
1315
1613
