2021;1659;2342;3519;1768;4010;2153;1501;2911;2235;1794;1738;1766;2157;3073;2240;3520;4108;4270;2067;4402;1563;2238;4106;3916;4112;1737;2233;2580;1658;4396;3288;1468;3663;4104;3667;3902;4199;2019;2013;3189;2062;2802;2161;1661;2462;3620;2020;2908;1466;1471;1571;1462;3427;3901;2809;1929;1602;1765;3735;3190;1568;3191;3618;1736;3727;3291;4004;1963;1771;1770;1499;3800;2579;2071;4267;3796;3621;1566;3917;2152;3728;2159;3187;4103;3922;2234;1792;1925;4400;4007;2470;3914;4268;3290;3801;1796;1498;3665;2155;3793;2241;2573;1767;4263;3895;3736;3666;1611;2804;1655;3185;1931;3920;3898;1801;3518;3899;3671;3725;3285;1470;3188;3742;2465;2906;3723;3893;3795;1733;4201;2806;3726;2018;1762;1610;3521;3282;1604;3919;2068;1923;3669;3516;2350;1567;2803;3078;1570;4266;3732;4401;3737;3616;1735;1962;1798;3074;4011;4397;3517;2576;3619;2905;1493;2017;1607;4399;2070;3514;2160;2016;1964;2063;1797;2904
2719;878;2253;692;2712;3380;3596;1262;921;2011;1105;3574;1163;1601;2141;2795;996;666;3566;1227;670;3274;2257;2009;1415;879;3417;1000;3005;1228;3504;2797;1109;2135;794;3573;2140;3593;995;1103;2901;2136;1539;3421;3373;873;1541;3571;1534;2642;2006;2720;1111;2010;2996;3653;913;903;2645;877;2134;1450;1263;3414;907;2456;2992;1266;2796;3595;3179;1600;3180;1229;1419;720;799;3579;992;1448;2646;2334;2713;2453;3476;2717;1264;3576;2649;3278;3577;701;3570;2004;2051;1416;2644;860;2721;3381;2794;721;1592;859;994;3418;1269;668;2895;917;2404;3601;3581;1421;918;3602;3178;1537;2333;3662;3007;1268;3564;3276;1535;1170;3654;1169;1533;1597;2997;3008;3002;3415;1164;3599;3563;1447;699;2999;3582;1107;3280;830;2258;828;853;1446;3009;3000;3568;697;1102;1223;3273;3362;712;801;911;2008;1167;3600;2793;1451;3004;2260;1413;3370;2798;919;3368;1106;3420;665;823;3376;902;662;1110;3372;2255;696;1171;1001;2714;2799;855;3275;3594;663;2002;1444;3503;2408;2648;1540
2619;2514;925;787;2850;929;1645;1648;2519;2553;2844;1693;1848;744;2053;1701;672;1649;1755;1761;2287;2056;1324;884;1456;2551;2858;1551;958;1181;2965;1277;1490;1696;889;2559;2612;803;1331;2852;2148;2145;1546;961;805;749;677;928;2055;1759;931;2556;1327;1752;2613;596;1842;2968;2516;2231;753;2767;645;2558;1366;754;746;2230;1173;2764;923;1646;2544;2966;2962;2548;601;1452;1897;1545;1328;789;679;646;888;593;674;649;552;557;1642;782;1180;957;2870;2851;1486;2225;2290;807;2849;1542;1894;650;1365;2964;1329;2288;1461;1893;2853;2869;1698;2771;1178;675;1322;2149;1323;1651;2846;2223;2394;642;924;592;598;1899;1281;2060;2291;2859;2847;594;2868;2227;600;1489;2228;960;2513;2054;1844;930;2561;1847;1273;742;790;2515;2518;2144;1895;882;759;2967;1274;1753;757;1362;681;748;1407;2766;886;556;1901;2512;2546;1488;1411;2147;2151;785;597;2863;802;1491;1548;2769;1849;2970;2768;2765;788;2543;1453;953;2963;2860;1279;2557
1983;2096
348;436;234;265;379;261;47;6;162;400;318;268;295;364;384;269;433;306;328;460;336;426;226;91;279;16;249;273;388;417;42;39;148;65;151;210;376;97;233;404;38;420;414;260;300;180;344;92;222;155;316;262;66;192;212;341;196;385;179;158;330;187;445;358;380;422;443;453;98;272;100;186;208;140;259;256;8;395;342;199;320;201;205;146;41;278;211;365;209;185;351;67;255;142;381;136;303;171;410;181;338;217;184;406;14;277;167;190;266;160;390;267;252;367;456;457;200;396;153;246;369;245;298;296;240;231;288;421;32;430;61;154;312;229;18;333;228;408;326;454;241;3;247;340;349;177;419;276;386;198;239;161;377;191;165;354;202;370;368;230;315;292;132;401;258;95;286;356;193;20;309;227;361;322;175;383;5;382;174;183;157;35;69;178;413;133;435;223;194;207;423;287;238;63;195;331;343;372;257;458
3303;3791;3310;3304;1885;2739;1992;2125;4063;4255;2736;4155;2129;2593;2672;1839;1832;3302;2314;1883;1886;2592;2677;4261;2431;4487;1953;2738;4064;4067;2427;2279;2216;3784;4483;4159;2428;2214;2281;3789;3970;2375;2220;4065;2109;2737;2276;2122;2278;4488;2123;2596;2313;3965;4256;4254;4259;2733;3311;2321;2595;2040;2039;1952;1834;2221;1996;3787;2316;1960;2111;2130;3016;3308;1956;2424;4257;1835;2110;4490;2032;3020;1891;2734;1955;2372;2105;2600;4484;4071;2598;4070;2681;3963;4157;3012;2124;1833;2732;1998;2422;2041;2218;1841;4072;2275;2676;2272;2594;2277;3968;3785;2038;2219;2034;2317;2430;1957;3971;4486;3013;3966;3017;4153;2678
1343;1184;1342;1349;1345;1243;1191;1250;1346;1344;1182;1244;1251;1187;1242;1351;1249
2094;1777;3634;1987;2412;1873;2916;2665;1813;2365;2306;1986;2210;1821;2920;3087;3085;1862;3315;1781;1824;1933;2414;2029;1629;1951;1672;1876;2119;1829;3312;1681;1881;2669;1831;1815;1625;2368;2182;3639;1948;2024;1687;1820;1630;1945;2097;3083;1679;1628;1879;3086;2486;3209;1935;2187;1623;2420;2369;1673;3204;2208;2115;3088;3321;1816;1869;2092;3316;3640;2364;1990;1778;2093;1713;1773;2205;1712;2310;2116;2026;3745;2191;3637;1682;1988;2188;1865;1717;1684;1812;3084;2120;1716;2206;1688;1874;2487;2362;2919;1946;1938;1675;2663;1624;3750;3205;2666;2491;2664;1678;2913;3210;1814;3206;2186;2183;2095;1685;3320;1936;1677;2101;3749;2184;3636;1830;1714;2667;3744;2370;1934;1880;1877
762;990;1727;683;623;516;1354;989;1632;1590;660;1789;901;1786;1522;520;1638;819;763;519;1439;842;1529;1441;609;570;985;734;1749;813;984;849;659;603;736;518;625;515;1726;898;1159;1357;1361;1154;892;517;846;848;1161;869;821;1435;536;658;732;1526;1743;1782;871;627;1785;770;564;1094;1725;630;1791;1355;814;764;1584;1432;1433;514;1098;899;606;1434;816;862;682;1352;539;534;513;983;866;629;1641;1788;1746;1528;541;1158;735;1730;624;569;1748;563;690;1639;607;1438;1440;1358;688;1523;1095;1722;1156;897
1112;1042;1852;1505;1509;3457;3526;1507;1118;1620;3329;1504;1908;1621;1979;1114;2162;2248;1981;2265;2388;1068;1856;1910;2266;2267;1474;1069;1854;3326;1062;3458;2382;1558;1508;2250;2492;1974;1905;2247;2390;2387;2501;2165;1560;2496;1616;1976;2494;1480;3330;2246;2383;2192;2328;1855;2168;3327;1502;1858;2243;2164;1617;2386;1909;3455;2170;2262;2329;2074;3454;2249;1113;1553;2245;2166;2079;3459;2322;2331;1618;3530;1120;1121;1619;2163;1557;1977;1473;2268;2389;3328;2169;2193;2201;2078;3331;2269;1906;2495;2270;2264;1853;1117
708;706;502;951;777;725;774;781;950;776;835;584;505;723;727;507;724;585;780;834;707;591;778;949;509;841;946;711;583;589;836;506;779;943;729;504
3299
2358;1309;4433;2582;1384;1423;2357;3673;2181;1579;2352;2540;4721;2725;2585;3926;2587;4425;2730;3440;1081;3927;1129;3625;2472;2586;3678;2541;2087;1806;1016;2534;4437;2082;2536;2293;4312;3630;2297;4432;3930;3925;1916;2583;2476;3924;1807;2660;2584;1915;3201;1805;2480;1671;1710;4713;4604;4304;2091;1920;4309;3194;1429;1018;1918;2537;3297;1302;1305;1809;1668;1126;4609;4611;2661;4308;3198;3295;2172;1385;1426;1666;1125;3301;2359;2535;2175;1122;2724;2591;2354;2353;4722;2727;1012;3437;1572;4435;4693;1709;4696;4423;1074;4427;3292;1804;2589;1518;2723;2539;2481;3681;1306;1808;4434;1428;2294;3676;4441;1519;1080;1512;1912;4307;2729;2355;1576;4715;4699;2657;3680;4695;3928;3624;3923;2090;4605;4702;3674;1573;4700;2298;1388;3192;1386;1123;1577;1017;2477;1019;1383;1517;1310;3682;2532;1914;1514;4719;2084;3435;1802;1803;1705;1389;2299;3679;1308;3675;2478
0
1286;1376;1283;1037;1375;1002;1040;1373;1379;1378;1039;1236;1285;1034;1237;1239;1011;1372;1233;1334;1341;1010;1337;1036;1374;1380;1038;1005;1377
475;474;481;478;479;476;472
612;638;634;542;492;499;498;501;548;615;546;495;543;619;633;637;636
1633
1683
485;466;469;490;471;488;468;491;464;470
83;82;88;84;86;87;85
2763
2403
22;25;30;24;28;21
129;125;126;124
963;969;970;968;965
1021
1245
1606
1032
4714
3363
1047
