2257;2839;218;676;1431;2902;4511;4060;1799;3469;1589;2223;2127;4565;1718;3072;3174;1876;2530;1121;2228;1656;816;933;4378;869;1655;766;3797;2092;1481;674;1237;332;4368;3245;1527;1272;2489;3243;2095;3703;3175;2254;2214;4504;366;1746;2905;1877;2487;1590;2523;715;2255;1280;4669;910;4471;4507;4418;245;567;4237;673;1715;2220;2484;678;1076;1104;211;1127
2477;437;2775;190;2504;2739;2587;695;2645;2821;1179;1113;581;3013;2818;2933;2425;158;280;1091;1259;2970;2422;1097;2884;2430;2741;3456;3019;2614;157;2423;1173;3695;235;3318;2050;2443;582;2637;2549;2399;2727;2723;105;2740;756;1174;1307;40;156;3459;2044;986;2726;3573;2815;107;752;3574;699;725;2967;232;501;3580;2047;2508;583;2247
71;75;62;73
4357;4559;4094;4457;6424;4286;6555;5971;6710;6871;4800;3563;5744;4554;3887;4455;6076;3861;6171;3888;5742;3994;3739;6909;4928;4461;6166;4044;4974;4360;5749;4092;6681;3860;4100;5608;4051;5442;4355
2457;2452;5663;2751;828;2262;1804;4328;1931;6145;5943;487;1606;6368;1311;1768;1610;5682;2380;5806;2149;2564;2301;776;2021;3399;1014;6291;4626;3643;3396;2375;349;4123;6228;881;4127;2026;1501;4327;6360;1416;4687;2460;227;1737;2565;1809;294;3651;346;4325;572;5808;1314;3550;2339;2592;4868;1015;634;2597;3476;343;4322;3809;1132;4395;254;4128;1762;226;6150;2373;255;5347;920;3942;4323;4331;1163
4277;3730;4280;4443;4219;5049;3599;3880;4040;5050;3873;4758;3815;3601;4344;4155;3926;4156;4041;4753;4161;4272
309;4427;265;2084;2351;747;1462;266;1030;3870;5159;521;1542;1428;560;2088;270;1786;1969;2116;2112;5084;1967;4995;2286;1027;554;5387;2359;1577;3869;4943;3893;4411;1915;1141;2288;5472;1478;2561;4540;5034;5576;1671;702;977;2401;2176;3759;1573;1920;1911;5577;1818;2403;3171;2070;5384;407
3004;3002;3115;3284;3187;3119;3117;3120;3287;3286
5441;5910;3589;5988;4694;5647;3338;3762;4648;3559;5838;3266;3655;4143;3842;4750;6093;3337;3652;3554;5895;4742;4436;5836;3334;6099;3561;4693;4148;4545;5126;3846;4334;4211;2987;4650;4887;5646;4544;5651
1857
450;2199;2417;800;2053;544;2411;846;2539;1975;2603;2581;1777;1978;1443;1600;2622;1184;2390;1226;2166;1704;1046;1596;515;1324;1269;2439;442;2109;598;2346;2101;1322;1446;323;2187;793;357;999;2572;1447;1900;1000;998;1758;1708;1355;2051;1722;474;2343;1923;358;1972;2628;2438;1752;597;953;1330;739;1222;1858;2606;1442;2015
2928;2931
2855;2852
2993;2921;3275;3281;3280;2914;3273
96;91;195;191;134;140
5110;5111
2808;2867;2804
4659
27;44
5488
4235
121
