4983;5361;1620;5163;3437;1941;5606;5609;2526;7905;7678;8122;4450;5982;6525;1188;296;8199;5414;4866;2427;1227;5169;8487;1364;784;951;8368;4016;291;2276;1381;4814;1728;4020;3810;5119;4271;2737;4869;5990;3804;8816;5585;5164;7835;8206;8604;1362;4185;8205;8055;8281;3683;7908;8052;5116;5319;7478;5710;8888;2271;3470;8884;1387;6126;300;8203;8277;4870;1729;7915;1272;1614;1279;5931;1811;5704;7836;6625;5362;4863;8276;185;4637;4273;1880;5583;1386;7186;328;4242;7475;2162;7902;2422
3490;1779;3595;932;2307;4686;969;5429;2691;3061;5485;1979;4529;5902;2973;3972;4880;339;3162;4421;5486;2600;4427;2974;5488;935;3012;1286;3980;5284;1975;5484;5281;5129;3163;4525;5237;1500;1775;3740;4468;1288;5287;2376;4152;4908;1494;3016;933;4287;3408;3164;1453;5536;4722;3340;2971;961;2592;3977;3015;2072;1091;5232;231;1460;2071;3063;4523;660;2887
6096;4391;1394;2674;7032;5403;9325;3092;2432;3454;2902;7806;6635;5952;5270;4806;5060;929;9386;922;5265;9385;5303;2847;4801;7731;7768;7727;4629;4498;1319;9809;6097;9288;7194;2865;2804;9521;7373;9882;3627;2863;2870;1397;2907;3354;8420;4848;5410;1270;5306;3353;1951;3451;9802;6728;8318;3905;1313;4398;6838;2043;9352;7848;1315;1889;4053;9285;7379;2954;9064;5954;3562;3232;3234;1959;9331;7193;5206;4311;3130;4841;2172;5301
1667;9987;9479;8013;4409;5187;9315;3662;10241;431;2319;2839;5949;10368;4533;10194;10281;611;5737;10093;2931;2093;8325;5040;10279;490;9268;561;10184;5802;3859;4532;7691;8016;4920;6937;6421;6225;10190;3762;5810;10398;2618;5735;5439;9530;4295;1918;7567;7687;5035;5543;3549;10280;1463;3765;10104;5548;2096;1110;5897;373;8021;10426;5541;3930;6227;10302;345;4293;3077;3267;4406;10106;9265;10094;8679;6417;3897;1984;3923;2937;615;3550;7031;8019;4699;10291;4916;9451;3670;371;1790;7636;4918;10299;9420;7025;10395;6520;8015;196;2092;1008;10000;5390;1666;4531;10360;9266;1192;2710;10187;9211;1661;5625;2095;4997;9618;10449;9269
7579;9918;7857;7892;7897;7859;7774;7581;9298;9636;9397;7737;9632;7739;7781;6846;7960;8236;9738;6535;9296;9640;8778;8870;8169;7383
6301;3185;5520;6464;4224;5569;6463;6669;2126;5517;7124;2948;3935;6472;6476;6665;6879;4757;2996;6113;6477;2789;2785;3366;7443;3090;4478;3986;7707;3086;6466;6219;4480;7671;7444;3182;2500;4045;3708;7664;4472;5346
7071;3241;6652;7063;6190;8531;8523;8226;5011;7294;8826;9302;9191;8769;3295;8143;7885;5253;6185;8956;4833;4352;6655;9274;4566;9310;9378;8135;3136;7994;5015;8308;4440;4487;9403;5916;4359;4269;4562;3620;2636;7297;3297;8229;4703;3501;8955;3135;7068;6552;8526;6553;3293;2900;3248;7062;5149;5554;4162;4165
166;163;170;598;534;593;146;263;319;551;221;631;519;145
1378;912;180;173;713;101;717;178;1651;1514;1563;157;1073;982;1136;504;1660;283;370;506;628;454;1025;687;27;830;364;211;916;1598;1134;1565;714
5820;5070;1481;2294;5104;357;6774;4366;6303;3216;2827;1739;5351;3680;4323;7364;5748;5399;6073;2192;4325;257;1489;1038;4418;819;5275;587;5211;3052;5028;947;2086;396;1360;5577;5398;7365;813;2987;4039;2463;2966;6081;1401;5471;2083;1910;5446;5396;2297;944;78;4603;2541;359;1483;391;4118;1260;3376;4715;4736;948;4038;4375;3157;2922;4120;2547;1126;5360;4674;4309;1406;1039;3559;6325;1419;812;2197;4951;3919;4576;5579;976;1508;5774;3379;3958;2560;3055;1037;66;1832;6511;5688;5771;5828;5274;2811;2609;4548;5779;6078;3678;302;2549;4067;77;6779;973;6704;6004;4330;7275;1256;4571;4302;3271;113;1036;2558;5356;4675;2689;2198;5243;6705;93;1969;5821;1697;5687;3158;4655;979;2815
1931;2018;2727;2794;2360;2026;2337;2354;2155;1802;1940;2263;2138;2641
38;32;139;59;39
1757;2105;2108;1759;2238
1800;1796;1797;1862
47;44;48
0
5792
4341
9528
4326
348
6252
9502
9267
6154
