7064;6230;6325;6227;6134;6617;6331;6136;6737
3289;2991;2658;344;1662;4688;2381;1031;1619;781;2946;277;246;5183;2000;1667;3622;2137;4335;341;3507;2030;4530;4654;469;279;3663;637;439;4494;1665;440;4287;5283;462;218;1553;3899;3892;4579;3532;2339;783;1341;4689;2992;1709;4450;3281;432;2709;1149
681;4074;779;4191;134;1245;111;1766;8013;6024;6186;8166;5099;6777;3810;6258;1460;8165;7084;4039;3801;1279;229;223;2571;6105;1220;627;4724;6337;7522;1849;6544;2126;267;5541;606;8168;7316;3995;192;7889;885;8251;557;1276;7521;979;3608;6157;3671;554;943;559;713;6250;3500;8191;7661;6849;1610;3492;427;6660;1763;2449;2319;3841;2123;3586;3460;5536;1916;8175;1523;6913;5736;2579
4533;4326;4201;3762;3769;2852;5242;4385;2717;4901;2775;4611;3618;4704;3616;3319;4274;4616;2532
6671;8716;6611;6509;8369;8463;8401;8729;6782;6943;6818;6606;6786;7789;6164;6445;8680;8216;6556;8525;6355;6451;8731;6891;7185;8213;8585;5976;8500;8538;5981
6698;7715;7818;4120;3321;6142;4596;6526;4694;7029;6121;3563;8047;7132;6299;5102;6807;5960;2797;7024;6539;5301;6099;3714;4169;3050;6298;7734;7166;7739;4625;7207;5921;7026;6696;7168;3971;3910;5544;5547;3646;2734
474;927;794;562;2007;2061;1801;516;1591;296;821;1386;1867;796;2047;1595;1336;2067;1830;2214;145;1810;237;2199;1042;1674;1750;1333;1699;495;419;2400
5413;4517;4511;2072;1642;1298;704;3554;3817;4459;2296;4966;5394;5255;722;2277;4434;4970;5396;2264;1834;573;1398;5347;932;5000;4435;506;5400;1025;2849;2841;4520;4552;4256;1056;2158;611
6220;44;7551;6636;7337;6638;7102;47;6483;6673;6289;6901;6283;7334;6959;6752
2468;2980;2647;2685;2875
5997;6001;5899
7393;7395;7308;7626
7925
19
40;95
6651
