997;836;2210;1909;1773;1200;359;1524;138;2068;2328;2130;1681;1903;790;2290;2089;1814;1907;226;1546;2287;556;1141;1130;1324
8137;6170;11609;8099;7801;8660;6494;12004;11285;11292;11854;8486;8100;11646;9093;7604;8138;7845;8204;10910;6087;7280;7447;11919;6319;11752;7792;11962;6501;10823;8096;11208;7448
1537;3924;6118;5044;721;1575;3298;829;4132;581;3953;3773;4846;5888;1004;2176;1891;3858;2457;1066;5441;1454;5533;1068;1136;3300;751;272;4464;4045;1002;5001;4874;1277;6538;1580;1701;723;5046;275;4069;539;3959;4044;699
8076
5420;1958;5916;3031;5788;507;2293;2487;3571;3618;614;8617;2011;1488;1483;2698;3387;2212;5079;746;8419;4728;3077;2991;6831;2403;749;2366;9116;9434;7421;1836;7418;4192;1155;4679;8060;4474;2962;1692;5261;4251;4199;2094;1242;7419;8876;1868;5072;4945;966;949;443;3433;1803
3761;4606;2589;3115;5166;3205;5067;5279;3201;5040;2396;4058;4380;2895;2550;5393;4372;3416;4861;4451;2784;4241;4242;5064;2501;4537;2624
6502;6872;7457;8475;8482;6504
8070;1413;1223;2841;9064;2848;1713;10072;2885;6129;1031;2054;5962;8711;260;3721;3280;1767;8397;9065;10065;3449;7037;258;9668;3625;5604;7748;9858;3273;2117;594;5371;6925;3355;1377;8278;10324;2261;9069;1363;10070;2027;4957;3396;1258;592;1614;6019;1499;1033;8925;1711
3016;3870;5234;6854;7754;3593;7047;3306;8518;5741;4735;8264;7051;3949;9341;5028;4490;8001;5341;9483;5794;4089;5235;9475;8998;4511;4119;8426;4485;9136;3305;4634;8884;9021;4116;7905;3189;4733;9344;3242;9809;6067;9813
1830;6993;1790;407;4742;5290;6812;2010;5898;1358;720;610;6253;3223;1340;5129;565;874;880;1231;499;562;6903;4544;2810;1737;1553;4794;2139;3179;3177;6381;901;3041;7405;3150;5282;1827;1387;1202;7072;2811;6890;2904;2491;6882;4796;714;1356;2432;6446;5896;3731;5289;2562;1605;6813;7567;1606;3977
6518;8191;6236;6282;6323;7620;6329;8112;8183;8189
10397;10414;9763;10401;10577;9929;9755
5515;7920;10470;4340;3503;8638;4985;10873;11625;4306;5991;11254;10298;5243;5983;9769;10225;10830;3506;9546;10871;3455;4829;10557;3908;5202;10207;5545;4828;9558;5808;8642;4336;4337;3849;3372;7764;11111;11488;9753;5383;5804;10077;9995;3700;9550;8639;10301;10653;9681;10672;5629;6863;5802;2928
5693;5952;6053
2386;2642;2650
9593;8769;7882;10020;7096;10116;7396;8257;11701;8315;11700;7556;9797;7093;7401;8767
5857;6411;7592;6660;8572;9075;6655;9864;10524;6041;6964;5812;7789;7694;7229;7940;6488;5679;6215
207;174;234
5865;5691;6009;5638;5682;5758
4612
5;2;4
4973
78
89;32
3073
7713
8719
