6445;5703;4697;6308;7548;6679;6304;6613;4077;7619;3851;7183;7545;4616;5945;7189;7401;3717;6400;6035
2084;2158;6921;6511;2650;7063;4420;4744;2081;2356;7070;7678;3824;6338;3566;7945;3052;6909;5826;6584;5175;6731;6905;2777;7225;2088;5138;6502;3662;3001;5235;6573;2268;6786;3545;6318;5038;6683;1918;3570;6982;6987;2973;6659;4051;7412;2594;6489;2871;7149;5831;2526;2875;5914;6580;1743
3280;2473;3646;4781;365;1014;576;2479;878;178;764;894;3276;2572;4724;3275;1019;1184;4166;1793;3355;2889;3802;175;213;3809;2042;2044;815;3277;1791;3648;2298;1993;2912;2716;3520;3765;4579
5536;1557;3389;2948;5463;3214;6285;6379;1449;3345;2653;1552;3230;1300;2827;5546;2651;2538;992;3343;965;2461;6412;6474;1657;3793;6473;2750;4151;5717;2950;3222;1513;5336;1658;2947;969;464;6286;4150;6203;2707;3304;5267;3800;2741;4477;940;6191;1035;6377;6520;6132;5535;1985;5365
118;187;232;204;96;238;551
6924;7173;6390;6926;5605;4275;5213;5517;7216;4180;5515;6824
5102;7050;4888;4426;6236;6099;6297;6023;7521
3013;2039;1971;3134;3406;2629;2399;3288
3725;2797;4225;2315;4226;3587;2545;3455;3047;3688;2793;4007;2095;2729;2076;1731;2079;3146;2799;2313;3588;2017
1452;1523;1060;1245;655;426;1489;1421;430;1562;839;1521;258;703
5052;5019;5014;4963
4363
4969
4885
605;495
6915
7582;7700;7578;7532
3840
224;34
87;83
2016
