1198;2873;3682;3078;2625;304;1328;402;2766;2767;1644;987;1677;2564;1925;2813;3603;2349;2567;3074;890;3367;786;3003;581;1158;408;2763;368;1767;1415;1379;3347;1330;1419;1154;3002;3369;808;212;2166;548;2124;806;482;302;2623;1454;3344;2714;828;1252;1453;1329;2253
4908;4667;5894;5587;4513;4512;4860;4739;4911;7323;6554;5258;5055;5177;4520;5328;5733;4428;6235;6584;6970;6164;4910;4619;5866;5735;7146;7321;6005;4906;4580;6587;6065;6233;7135;4581;6011;4736;4612;4732;6234;6165;5261;6241;4741;5059;7144;4666;6814
4837;4366;3942;4510;5105;5111;6323;7508;7096;4329;5714;4018;5796;4472;7512;4887;4193;7095;6427;4658;7393;4476;5652;5792;5567;6118;3951;7391;4275;5154;5110;4722
5803;5314;4241;5357;7285;6081;6542;6787;5958;4940;5352;4842;4087;7367;7713;5808;5959;5860;7528;6536;5577;4793;6017;6128;4121;5360;6072;5170;4169;7573;5361;4420;7838;5811;4170;4798;6013;4563;7843;4085;5317;5526;4895;5045
2038;3651;399;11;1270;1026;2803;3326;1892;816;2653;911;1351;2613;913;2536;1352;62;1045;1426;1067;710;2146;289;1062;1180;172;70;2495;1312;813;2755;2403;3323;1946;2708;2283;2491;1487;2659;3660;2231;1236;2809;660;32;13;2499;2615;1219;1626;1900;2539
1055;2772;2829;438;4960;6208;1745;2980;5183;669;2662;2771;2291;225;6433;4435;4377;2001;558;2973;1271;166;1607;1078;1339;471;5816;162;1603;2103;3623;791;557;1009;170;6160;1338;2546;2887;1125;2385;668;2511;2976;2893;2437;1545;796;321;2418;433;7412;2892;7562;2187;1861;3533;4531;1886;834;2779;745;534;2248;5907;4438;5229;778;2153;3387;930;2158;1130;1058;1184;2431;195;1127;5413;2078;759;2185;853;875;4809;3200;3279;223;876;2661;647;2338;1077;2314;2019;2554;2507;756;1850;3167;2898;7411;880;1618;1789;629;2244;7478;1987;5224;6203;5750;1031
104;7536;7057;270;7432;7342;106;110;7429
7006;6610;6863;6488;5967;4547;4549;5144;7331;7330;6490;7333;4061;5145;7328;5971;4701;6856;4263;4872;4694;7008;5645;4056;4057;4229;6718;5394;5348;6715;6862;7013;7011;4546;5396;4881;6264
6138;3940;5243;5779;4985;5709;5436;5708;4356;6135;4608;4359;4714;6273;4459;5089;5246;3820;5637;3938;4043;6136;5441;4781;6277;5775;4411;5298;4460;4408;3813;4719
7065;7064
1834;249;5113;4708;502;2521;2046;1838;5768;4710;5499;2270;700;2929;3305;1101;3810;1652;1795;3492;242;1904;4597;89;279;1397;390;6319;381;2788;2528;5014;2476;685;4598;4498;3494;2782;1105;2983;29;2930;4347;6412;4707;23;2049;2043;1796;5115;4760;2632;2737;1393;5615;505;1461;84;4706;2683;2863;2924;4536;2733;4141;4753;5069;3493;5112;5121;4816;5016;5886;1657;4968;1399;965;3805;83;2637
6049;7189;6199;6623;6197;7022;6195;6621;5985
7587;7703;7593;7852
3
116;156;153;120
3777;3830
4385
4805
1460
4122
357
3898
