1106;673;1626;1841;1410;2078;4241;676;938;1160;2526;762;4768;287;241;247;2527;2488;3536;1559;4412;2073;1490;966;3965;4769;1878;1009;4573;3471;1280;1623;2904;1711;242;3077;1847;3966;3244;622;714;1104;962;3541;863
1862;264;1967;1837;4834;4839;1646;5387;5389;2401;5305;2286;5580;1343;1673;491;1082;4402;5306;1834;1781;4833;898;1675;2559;2787;1949;407;4944;5090;262;893;4429;4136;4990;2283;2206;529
3929;3731;3925;4344;4037;3671;4448;4442;3722
6483;1373;397;632;1735;2592;1737;1902;689;3822;2235;2028;1167;685;3254;6226;490;1456;1208;4397;1020;5567;395;5219;2307;487;3644;3802;1805;5212;5115;429;6149;4395;2847;3974;2264;881
68;111;146;141;144;142
605;3016;3292;189;3314;695;1096;102;1098;3066;2735;1699;3067;505;2778;188;232;839;1883;105;2964;110;271;693;2479;469;2938;2504
542;2138;2629;1728;2605;1636;2200;2625;797;516;2437;1929;2466;2608;2383;2103;1221;1598;1860;2136;1353;546;2609;2051;329;478;795;618;1640;323;798;1182;796;1751;1778;1357
6706;6708;5604;3936;3957;3738;3952;4974;3786;4795;4162;4290;6079;3993;5971;4660
3404;4082;4271;4891;4338;3988;5991;3661;4143;5994;5768;3984;4643;5644;4550;2987;5989;3764
3113;3010;3290;3008
5782;6123;5686
122;126
45;50
3095
2917
