3811;6119;3319;3809;3134;3563;2329;5041;5472;1670;6121;6854;7304;4023;2670;3135;3215;2325;5594;5367;3395;2324;6541;4674;5364;3328;4392;7189;7082;6544;4949;1471;3218;5138;1839;3060;4522;4673;5803;2586;6441;3898;3803;2426;4583;3972;5811;5036;4588;7295;2006;3324;5189;3806;4676;4585;6340;5039;6546;3745;5738;6553;3055;4794;4386;4793;5800;5955;4393;3562;4223;4319;3317;6834;1195;1834;1282;2895;3893;3217;4730;3645;5309;1338;5796;7083;7193;2661;2009;6437;1591;3696;6633;3221
3118;7112;3982;2293;4416;6286;5660;4007;3113;4301;2417;3284;7222;5769;2230;5819;5561;6144;2125;4432;4481;4607;6883;5768;5820;6695;7398;2124;6063;5265;4608;6071;4143;5863;3846;2972;7197;3617;7573;3722;7217;4299;3983;3612;5971;3534;7503;4534;3621;7006;7113;7236;4297;2080;6070;5765;6699;7215;3112;2551;7010;6066;3913;6293;5743;2550;2454;5554;3307;5853;2545;7210;4342;4274;5349;3585;3095;5752;3845;4415;1731;3306;3726;7098;4475;5744
987;389;986;171;1062;885;762;629;513;356;836;697;382;246;881;484;576;457;54;178;198;626;289;627;882;196;199;310;144;834;1023;699
185;362;641;189;436;866;844;433;112;587;1213;941;744;370;111;440;972;745;898;729;979;661;1086;116;949;1081;276;505;603
5439;2984;3580;3446;6600;3449;5826;6205;4171;3784;6058;1550;3268;1819;4308;3198;4206;5496;1955;2145;3548;6138;3543;6588;2270;4242;1435;6482;4647;6803;3264;4305;4358;4364;1432;6277;1504;6383;4561;5153;6133;2265;4552;5428;1647;2797;3707;3193;2843;4354;2987;5978;1813;6802;1891;5824;2263;4553;4642;5154;5643;2264;5755;2796;4170;4852;5981;5831;1436;5987;1685;4367;6479;3417;4210;5644;4484;2986;2794;1884;1888;2949;3755;2143;6595;6246
1071;755;408;702;759;915;138;237;79;1922;635;920;931;72;331;600;1346;411;640;1421;233;96;291;110;878;1342;797;932;139;639;379;795;658;378;595;734;538;476;66;235;786;1791;1415;293;683;965;294;873;596;735;591
4838;3470;1892;2389;3159;4331;5181;3028;1969;3347;2275;1962;4257;2732;4256;3158;3653;4375;1968;4839;3278;3026;2614;1697;2953;4322
1765;1331;1204;1208;994;1124;1228;999;1053;1060;1459;1581;1454;1248;1326;1250;1763;1324;1164;958;1057
1811;5328;2701;2307;3497;3933;3837;5332;4402;3762;2134;3176;4810;2409;2311;3106;3935;2780;3889;2556;5059;5058;3180;4052;2406;5057;4465;1809;3498;2774
2282;4907;5696;5112;6320;6324;4905;3668;3528;4857;5666;3530;4856;6074;3474;4565;4912;4177;3523;3087;3666;3910;5669;6081;3086;3531;5520;5282;4910;2630;5614;4176;3867;3477;5619;4269;3527;4337;4763;5513;2749;6411;6508;3529;2625
1368;1364
3931;2869;5581;5168;4051;6013;3297;3741;2870;5170;5707;6518;2063;4718;2215;3292;4045;5172;2865;4460;2768;4511;5681;5780;3677;4505;3593;4576;5682;4288;5007;3926;5009;3880;3038;2863;4456;5677
2000;1530;1657;1232;1529;1772;1527
7408;6030;5625;7377;6964;6025;6026;6608;5927;7135;6957;6902;7138;7136;6173;7406
39
19;12;26;14;17;25
1426
1310
