4692;1123;1128;3861;2992;2453;4484;1263;4790;4574;2727;879;5610;3498;1267;672;1124;3870;3667;1642;2937;1552;4578;581;1173;2818;5528;6432;1645;4549;1748;4341;3217;589;4786;1348;2460;1841;5724;1366;791;4787;1313;6431;1343;4577;4571;6007;3491;2730;1101;5374;5072;2451;584;4541;734;5721;1092;799;794;1706;2459;5018;1228;872;1750;5723;4788;2936;3662;1925
6753;4911;1139;2733;3573;2175;1376;1868;918;6869;2039;1140;5647;2123;4710;6224;3165;7048;6495;4913;1292;5030;1280;2946;1073;1271;4390;2040;6375;4248;6114;980;7038;3580;7039;3801;3224;3807;3740;1373;3732;2337;2335;5083;1210;7260;2950;1863;6619;843;6520;806;3170;6858;6492;2121;1190;4389;7050;7246;3626;4304;7256;4853;7037;2035;6750;911;3502;3731;1572;466;3735;3225;6514;5404;6491;6377;6496;6759;2031;3009;6309;3722;4590;462;1867;174;1205;1184;1116;769;848;4200;1372;7175;7176;5952;3780;4136;6507;314;4387;6366;3808;3624;6505;3736;6378;1724
1250;1529;377;1020;1197;1046;1387;1610;434;1169;375;1450;785;327;953
2102;4118;1694;3832;3800;3983;3951;713;3547;513;3894;1233;776;2988;3859;1763;1836;516;3922;515;3652;2106;4338;1437;1412;3794;2879;2018;3640;1971;2321;3406;4102;3856;2929;2325;1595;1155;1765;983;3766;1476;3929;1920;780;1833;2326;3549;3834;771;1979;3651;3792;1692;3987;3903;1976;1654;4332;3989
1505;1714;1775;2280;298;1216;996;2162;2112;1338;447;1777;291;1399;833;2117;1284;1935;2278;2168;1771;1934;1213;1351;2163;1353;1713;1060;1508;652;1857;1219;839;441;387;2225;2161;2443;1677;445
1810;4398;1965;3038;2069;2096;4146;5398;3813;3591;2201;6099;7062;5035;5339;5471;4499;2782;1883;3304;4362;1967;4003;7064;6931;5218;6296;2847;5199;3094;2067;6587;6708;4002;5736;2785;5333;6682;1738;4005;5611;2789;4497;3599;5926;5464;5093;5287;1885;5031;3597;3037
4985;4681;5004;4827;4270;4202;4327;4479;4533;3103;4673;4988;4847;3101;4012;4841;4158;4989;5007;5009;4452;3385;4849;4606;3065
2794
175
3014;2138;1982;2232;2235;1984;2613;2131
2045;1827;1787;1821;1830;2150;2145;1949
184;182;45;260;255
3276;3175;3159;3312;3280;2916;3273;3320;2919;3180;2961;2966;3275;3473;3178;3173;3444;3319
4377;4380;3089;5351;5305;5553;6055;2753;2542;5242;2356;4044;2650;6387;2354;5669;5510;5423;2642;6127;2757;5294;2759;5867;4371;4741;5246;4938;2641;5139;3555;4503;2548;6382;3937;5769;3298;4440;2648;5670;4729;2351;5241;5764;2760;4557;4559;5662;2359;4378
341;485;350;488;481
2405;2836;2767;2552;2653
136
3734
395;817;667;393
606;601;84;476;409
4;14;2
3891
216;301
1638
133;361;247;202;158;209;122
4641
988
36
