2219;6271;7402;1272;2767;1991;492;3083;834;1465;1754;2063;6531;1308;1834;699;1303;2334;4887;2084;5324;6276;6888;1883;2640;972;1890;2633;7182;1615;7186;496;1611;5067;2069;494;1998;7446;4521;7276;1690;7183;2136;1467;7129;4663;7410;7185;6644;4080;4667;4828;1760;5829;1503;3977;4671
5246;7166;175;2321;2780;263;2103;3345;1168;7253;5964;518;3346;1538;2781;210;1378;3596;473;2104;5388;626;6737;882;7256;1916;571;7258;5544;6999;1166;3347;4644;203;476;1375;6256;2680;7000;5966;358;7103;5243;1531;5244;262;477;4527;1588;1914;889;149;890;860;3594;2398;4106;6982;5386;206;6739;1771;4105;1915;354;6734
6717;6580;5360;6793;6009;6698;4286;5603;4284;5611;5423;3292;3519;6700;6428;5424;4016;3521;6002;4689;6699;6707;3460;4129;6796;4683;6111;5361;6572
2609;2359;2606;2451;2671;2448
5444;2162;2288;805;1411;1822;3890;4489;1591;1418;3614;822;4306;5449;827;762;1110;213;5346;489;2131;1389;825;826;2813;3001;5348;2867;3889;3444;395;901;2127;1592;4839;5674;906;5944;2210;5450;3000;3700;3619;481;4302;4986;585;2887;1784;1861;1790;5946;367;6139;829;5443;1933;2753;2211;4033;1414;4034;279;4985;2819;3018
5198;3669;4936;2987;954;4773;4619;5280;5105;3428;461;3225;3652;4117;2648;249;3553;731;2253;3731;846;4615;3659;5228;4534;300;422;344;4628;998;4627;2784;4620;5281;3430;4780;740;4614;94;3165;2030;2383;244;1571;3671;2991;734;2744;96;3665;1555;3426;4558;3610;1156;2644;3367;5273;195;5199;1979;4717;4541;4775;341;4777;3611;1897;3729;850;1974;296;2835;3215;2977;2390;1650;4383;849;3483;384;2194;3544
1019;183;1251;1291;410;309;1206;372;1346;672;1116;1258;2039;407;287;1203;918;678;866;1657;375;1655;1846;599;408
19
4296;5994;4999;4694;5483;5557;4501;5511;3686;3870;5320;2517;5147;4298;3232;4204;4699;4136;6071;5996;2855;4757;5671;4435;4700;4595;2659;5556;5624;4992;4499;5743;2519;4205;5491
2522;2362;2619;2523
3840;3704;4341;3906;2875;3754;3392;3941
858
57;37
137;131;134
75
2459;2586;2453
50;85
2164
167;161
2506
33
2191;2184
991
4684
