4834;2235;2668;4421;3339;4417;2706;3338;6067;5831;5625;2800;3123;5083;2664;4838;5173;5491;2823;3532;5266;5385;4092;5092;3189;3448;2288;4750;4150;3592;2796;3566;3842;2284;4888;2289;3348;5626;3078;5933;6437;2239;2900;3731;2431;6071;3724;5387;5269;3933;5715;2980;3568;3567;2697;3441;4151;5959;3774
3767;3495;7075;3492;5288;7009;4753;4279;3582;5770;6881;4339;5646;3552;4755;4334;4031;4610;5759;3434;6778;6817;4275;3590;6193;3245;6377;3771;6954;3768;7008;4026;3462;6487;4338;6093;6821;5764;4460;5406;7080;4241;2721;7074;2885;2968;3560;4340;3242;5286;6195;3249;3365;2994;2965;7015
368;367;179;263;122;227
2932;1950;1997;5563;1175;1393;3297;2038;3835;1018;5050;1881;1726;1294;3016;404;4492;1691;1396;4559;2905;1280;199;587;2337;2059;1072;1200;2335;5214;2506;3905;2935;2336;1289;2394;1071;547;541;1932;586;2155;655;3874;1977;5454;871;5125;490;973;4498;484;1938;4011;5337;1273;5802;3418;3880;934;4302;584;847;581;874;2866;2035;6025;4561;3389;963;550;3314;1254;2861;5047;820;734;2909;1884;1364;1314;3222;1618;4010;3484;2801;1299;3173;3299;2554;3317;5460;1761;6305;3840;1020;1727;932;919;1616
1334;2047;2097;1925;4947;1528;946;3278;1210;1147;1112;1673;678;851;2744;2758;4929;3746;3004;2912;464;3260;3409;414;1439;203;882;3473;821;829;4062;1085;1776;1338;2916;5353;1335;1603;2563;1248;3964;3251;1511;1025;2417;1842;5074;3289;1208;5157;4383;1921;1926;1927;741;1922;2178;3133;3519;4859;3197;3039;1047;5361;2839;420;5155;2565;2610;4342;4343;1245;3258;1780;3193;2042;3089;4123;881;1817;2943;3572;2778;3518;3290;1249;1517;1100;1203;3717;3513;857;785;1044;1774;2098;949;556;2748;1250;5152
3736;3158;3861;2786;3664;3735;3107;2957;2782;3328;3858;2989;3783;2988;3853;2984;2790;3064;2985;2785;3606;3667
7199;5006;5659;7393;5296;7399;7392;7196;7536;4286;4541;6922;7041;4842;7035;7193;7460
1639;1341;563;1963;768;1905;1103;983;1051;1036;989;681;995;566;766;1424;1636;668;1712;1782;1033;1216;1753;1901;2087;1632;1130;1683;1213;664
7424;7238;4363;5998;7244;7423;5665;4172;4677;6404;6672;4679;4614;7173;3951;6939;7309;5994;6864;7514;7515;4478;4176;6935;5776;5873;7045;6673;6517;7053;4061;7241
2684;2273;2351;2275;2614;2572;2521;2353;2576;2681;2466;2246;2358
2330;3895;2196;2300;4110;2383;4170;2311;2325;2321
282;157;289;111;285;160;286
31;34;87
167;251;360;213;357;301
7175
348
63;11;7
4041;4034
4065;2024
7055
