9895;6744;1491;8351;6198;4078;1351;6260;9474;4921;5776;7550;944;1605;8728;3113;7962
14819;1175;11199;14881;12140;10354;9362;3541;8792;14516;8662;14973;2007;14913;9173;9429;9034;7857;12119;15106;13409;1790;2409;7196;9174;15254;12901;15530;11677;9217
2553;2198;9333;3446;5133;11893;10431;9715;9623;5063;1987;4023;8093;11950;3061;2130;4158;12354;12285;2412;12573;3370;7405;7190;12095;10389;9721;8867;4423;1510;8099;11644;680
3276;2855;7310;14068;13615;9857;11495;13273;2148;14267;7593;9620;2907;1701
6711
1999;5532;7954;11639;4636;10677;11106;11409;14104;421;14307
5717;3519;5041;4593;1258;5554
71
13142;9228;13059
11332;14849;3573;6381;6389;7866;1646;14585;10704;4846
7494
112
1
222
6164
5959
