1804;1225;590;863;1354;1403;3054;816;3354;1261;1995;1993;3171;3023;739;1409;653;3400;1269;2374;1997;3058;1237;3134;3396;2265;585;1899;1480;2955;1406;2957;1267;2104;2307;1240;1941;740;1616;3444;1992;2379;587;1408;2958;2303;2304;3021;1803;1780;1238;4302;2309;2860;1946;2139;2760;1773;811;1860;1353;626;2000;4303;4305;1050;1583;947;943
253;3031;1743;2192;1987;3818;3269;1220;3720;3067;3432;90;2644;2647;3873;1984;692;2283;1181;3665;122;1114;1844;3262;1504;2035;2336;1990;3508;2761;456;4164;2769;3970;166;3590;1019;3543;2199;3000;322;1213;3969;3184;1242;3594;4556;2224;3581;3063;696;3954;2285;3035;4188;1981;3635;4076;521;2619;721;1324;3187;4552;1017;926;1020;1508;4255;27;2195;3145;2342;324;3713;1387;3749;3817;3871;1241;4053;1750;3879;1329;609;2015;3148;4557;4554
1959;4905;669;1952;3515;4003;4513;2427;2747;3514;2242;5218;774;1310;2524;2705;1957;4114;2245;3481;2073;4629;2319;3078;3307;1088;873;4776;1414;4120;3275;2750;1646;3681;3519;1415;4334;3891;903;1553;4450;3457;2990;664;2745;1727;4446;3194;4781;4920;665;4969;2810;2941;5289;1954;1025;3367;3483;5052;4730;2079;1361;4008;1028;5134;4915;4921;3511;1026
5825;4674;6582;6357;6096;5013;5577;3338;3773;6965;4676;5021;5956;6030;5333;4681;6834;3222;3372;6839;4238;7152;6323;3335;3405;5106;5405;6290;2961;5910;7427;4753;2966;7063;6499;6101;6833;4320;7064;5016;3088;3471;2963
2554;1489;782;824;1054;845;1481;1424;1206;1137;1204;1208;1094;1201;1053;1917;1598;2118;312;1737;637;106;110;781;919;400;742;2515;2054;214;1052;119;2060;246;1040;2678;365;1371;821;785;319;748;2115;1787;828;1484;503;2517
5711;6773;5507;3419;7457;6886;3341;6810;7709;6883;2973;6615;7037;7161;2774;7263;5505;5707;3166;7674;5647;5642;4249;5421;3127;7036;5940;5643;6209;5710;6973;7288;3784;6113;3259;7220;5919;3163;3260;7129;5650;6778;6808;7033;4875;5586;3786;5995;5626;5872;5544;5239;7333;4438;4878;6888;7680;7289;6617;6780;6850;3939;6766;5735;7705;7260;7704;6319;6117;7712;4720;6974;7532
1752;4399;714;1573;2277;3602;1623;4277;159;2274;4095;2065;4098;406;4575;1626;1823;2094;3324;1191;2531;1667;967;3010;4655;2465;3212;793;1621;3610;1337;2327;1103;2169;3606;375;2129;2323;4581;3603;1692;964;4654;3980;881;2168;1977;886;3112;2716;2624;2130;1104;2170;711;3979;401
6123;5392;7920;7857;5162;7911;6646;6991;7082;7164;6247;6936;8303;6251;7168;7908;7910;5474;5400;6250;8066;7506;7913;7171;8141;6667;7622
6920;6960;6865;6914;6868
6653;6662;6106
7388;6713;6715;7966;7975;6443;6999;7890;8328;6894;6902;6995;7084;7092;6563;8475;6748;6857;7958;7688;5090;6895;7693;7959;8104;7900;5809;6897;7091;7523;8481;5482;5483
292;98;342;280;77;184;273;296;80;429
0
4857;5081;4852
5388;5666;5464;5668;5692;5665
4869;5097;5092;5251
1891
4666;4800;4798;4707;4709;4708
4935
4783
1911
3093
6374
