4622;5527;5139;4550;4773;5525;5307;4060;5803;5551;3678;5806;4910;3910;5147;5094;3553;4950;5360;5138;5106;5309;3729;3486;4101;5576;5306;3940;4091;4013;4014;5460;5529;4945;5355;3627;3808
6066;6447;6148;4374;5341;5439;6149;5764;4585;6067;5336;6005;4495;4708;4847;5252;4437;4977;6320;5893;6233
3800;3777;1114;3778;3870;884;4029;4122;3891;2112;1588;1340;2861;882;2195;738;1732;3118;3211;3719;3426;2639;3475;1636;3214;3895;3836;3955;3051;4141;492;3477;2532;4073;3888;2533;3427;3791;2324;3474;500;3212;1061;2774
6283;5202;6030;5775;4700;4720;6025;4555;5509;4989;5081;4895
3416;1128;3647;3537;3606;1430;2742;2687;3604;1448;1090;1537;2989;489;875;858;2899;514;3139;297;583;989;585;1292;794;1748;1371;506;3042;2133;1645;2044;893;3152;582;1220;2649;3755;1129;2043;1566;2655;929;786;2602;3702;948;2749;1041;2650;1750;2605;922;3191;2992;946;1363;2048;2051;741;1311;3534;1671;1079;1050;3138;3595;1520;1027;3015;3784;2815;3770;2411
5054;4796;6202;5329;5925;5885;6043;4832;5609;4575;5826;6097;5747;5242;5996;5827;5928;4833;6302;5981
4815;5084;4467;5905;5517;6272;4468;5571;5568;5273;4595;6507;6534;4680;4730;5350;4208;4414;6510;5347;6555
6794;7122
81;87;169;275;437;64;385;203;201;176
2698;1830;1861;2680;2338;2720;2697;2515;2428
5007;6573;5180;6944;6581;4401;6841;4288;6767;4478;6674;4564;4565;5177;6697;5314;5121;6808;5008
1765;2226;2227;2225;2189;1764
420;634;216;1630;713;1545;1527;1413;1417;443;355;1627;770;1132
15;26
6480
91
6682
4157
4213
4180
