4597;2070;5390;2585;4361;7063;5289;5272;6589;5219;2270;3941;5340;6210;3816;1808;4001;5393;2269;5930;6710;5475;7064;5215;4368;2209
2236;2750;2090
2526;865;1549;1288;2025;1360;1673;1858;1028;2028;1454;997;1934;2112;292;1779;2165;2279;838;1053;1057;1715;2076
3566;4210;4056;5063;4605;4475;4326;4822;3760;4566;3198;3569;4603;4903;5062;4907;5002;4205;3103;3107
1742;4295;4487;4547;5076;5020;4489;3219;5078;1128;2933;800;5080;4348;2819;1428;3649;4786;4341;460;1559;4039;1741;3000;2884;4233;792;3662
1161;852;854;1047;1163;787;951;325;958;1521;930;376;1529;1665
4726;5552;4744;3085;5249;4048;3297;5140;5430;2355;5416;3586;4409;4557;4741;4373;5664;4435;5651;5656;5414;3880;5863;5411;4931;3553
1831;719;2930;3405;4112;3406;3768;518;3404;3651;1159;2922;1151;3652;1595;3795;4021;516;3122;4082;3898;3856;1658;893;718;3959
5700;5529;5725;5530;5728;5320;5603
2403;2402;2185
246;142;363;66
2031;6749;803;5956;4702;3727;5222;5346;6877;1035;6872;6866;3501;3995;5641;6222;1728;5158;4385;2334;4136;316;1189;4854;465;3805;974;761;3674;3672;1182;6232;4249;6500;4247;1898;6609;6757;1816;6867;274;4302;3808;6116;4193;1796;3571;2121
3287
20
183;189;188
2912;2966;3317;3247;3157;3271;3323
578;883;575
195;213
171
2050;1875
415
2853
410
