1106;1298;1038;959;760;717;1301;1660;1655;2062;1949;1357;714
4747;1238;1303;2206;1837;657;4201;4200;4153;1839;4409;4196;3062;4526;1184;3287;3290;2906;3576;3456;4620
2046;3924;3518;1076;978;4036;2745;3081;1803;2044;1638;2531;1276;1694;1765;974;751;1708;1154;2587;2123;2916;2274;2685;4208;1762;748;2078;3419;2682;3529;3734;3006;4222;1416;4134;1539;2529;1192;1974
1246;2378;3499;2246;2446;2829;3495;3088;1988;1645;1545;2592;811;3022;2922;1923;1801;2447;971;806;3908;2167;699;2426;1231;1646;1230;2428;2596;1966;695;1885;1284;3014;629;3387;3084;1930
3607;3533;3367;3366;3532;3536;5092;3657;5129;2781;3155;4111;4902;5085;3534;4462
2435;1941;2258;1612;641;1167;1087;849;2009;799;1471
199;72;261;314;344;251;204;133;276;40;100;241;287;357;234;130
3483;4806;3440;3170;3408;2982;3487;3667;4059;3405;4189;3544;3402;3893
3344;4778;3644;4240;4233
557
3345
2482
89;62
662;740;545
383
719
4733
3092
2530
4932;5168
3137;2763
