7656;5561;7197;6212;1916;6529;4875;6691;5040;7069;3544;7293;6979;3934;5914;2893;3003;7238;5198;3005;4743;2592;4751;3933;3608;5853;5354;5824;5570;6987;7771;3604;3371;7193;2551;2933;7681;2027;5137;7311;6683;6484;2646;7308;2527;4878;7406;3547;4599;7679;6430;5827;6630;2082;6487;3665;2155;2262;5442;6687;2645;2979;2775;4748;5444;6485;6020;4634;6659;6341;4881;7655;7412;2810;3442;2896;7658;6586;7234;7770;7676;6688;6422;7678;4632;6424;4684;7425;7944;2690;4641;5552;2205;2528;6503;2594;7769;5275;5555
4536;6389;6663;7026;4805;4178;4173;7116;7039;6704;6880;5217;5832;6925;5095;4061;7121;6702;6755;7118;6537;5925;4060;5215;7256;6824;6669
1138;1538;1567;1344;753;148;1135;1490;166;620;614;1457;1206;838;1055;1060;1458;1059;653;161;1424;655;1484;1005;1071;253;866;1057;255;1204;425;702;779;708;1051;1249;759;1072
2543;2011;2382;1673;4028;3582;1631;2343;4129;1671;2095;3088;3510;4025;2100;3686;2547;4453;1772;2796;3735;3591;3874;3873;2795;2675;3502;3737;3682;1849;3617;4223;2341;2844;1881;1841;3620;3683;3503;3561;3967;2730;1777;2384;2080;3100;2727;3955;1779;3172
1894;6415;4681;6138;5090;2941;3754;6378;6190;1037;5541;5544;1866;1234;5535;6477;5467;3639;4923;468;997;1233;3070;3213;937;4401;2502;2403;5332;854;2430;3225;3215;5719;2284;1316;6566;1312;962;6380;1584;2328;4591;6517;3223;938;1032;4678;4930;683;4258;2908;681;3638;1445;6136;2283;6134;3522;3350;3068;1582;2709;5547;1705;5337;1817;1864;1035;461;1125;2536;4522;2981;5494;1699;2652;999;2563;2401;3758;3794;1447;2946;5463;5720;5211;1068;2634;3229;4394;6184;6516;6011;1702;3219;5091;3345;4925;2176;5764;1659;4480;2653;5363;6208;1065;3301;1811;2568
766;895;3593;366;622;714;2125;3643;2914;2662;4780;4623;1665;2960;4163;512;4162;781;2916;3417;1619;1141;2577;1617;1618;1668;891;4960;878;3808;4833;4165;1999;1145;3237;3769;4727;3916;3596;4171;1274;1711;2335;1109;4772;124;717;942;3762;1821;4725;2336;782;3645;3594;1211;898;3238;4731;4841;1273;3035
66;63;221;35;228;151;152
7529;6720;7697;5393;7911;6023;4607;4939;6546;5932;4606;5109;5398;6301;4547;7048;7135;6639;6542;6434;6900;6603;4887;6435;6232;7582;7369;6839;5480;6549;7532;6768;7443;6893;7860;6606;5472;6030;7702;6028;4644;6294;7700
2498;3140;2166;3159;3133;1785;2603;3406;3481;1809;2105;3186;2493;2363;1975;2817;3288;3188;3487;1683;3189;3139;3676;2395;2271;2621;3408;3678;3401;3155
5522;5527;4062;6033;5491;7350;7122;5157;4618;5408;7349;7543;7282;7131;4064;4063;6038;4079;7125;6644;4816;6447;3844;6891;7128;3717;4080;6451;6882;6495;4617;7272
52;54
498;606;491;530
83
11;22;17
2897
3041
1630;1646
338;201;236;188;340;284;484;308
6387
357
7903
5065;4663
5067
