4098;3949;4735;4738;5579;4562;5415;7299;7256;6754;6402;7294;7446;4251;6199;4496;4381;3706;7443;6974;3805;6406;6198;7445
3652;4870;3194;5137;4257;4868;4504;4577;4256;3345;4196;5051;4578;4574;4434;4255;7532;3538;4575;4506;4681;4502
7073;5737;5914;5459;6222;4804;6766;7959;7676;7583;5988;7076
1658;21;307;396;1440;811;1812;2067;1813;223;230;875;1276;601;775;1513;2049;2350;2044;1680;303;22;1003;2149;2346;1728
3596;6354;6157;5476;5760;5833;5648;5761;6254;3670;5058;6142;4206
2988;5128;6961;6169;6166;3791;6444;6455;3071;3681;6662;2919;2986;6959;6516;3207;3973;4281;6906;3206
8014;2994;4595;4469;4467;3423;5791;7390;5424;8090;7188;7916;3610;8122;4348;8015;3505
2576
7418;7274
2703
2840;2841;2834
4082;3337;3756;4089;3623;4320;4709;3333;3759
4106
8446
2397;2433;2393
2728
