1762;774;4857;1524;1481;3813;5080;3219;737;1262;1268;4385;3884;3214;1354;903;3405;1634;1178;1750;3595;1266;2191;1052;1378;776;304;4386;1298;4369;4138;4628;2192;278;4669;1462;5074;4731;2327;1612;1746;1804;5072;1558;308;4861;3517;1468;1360;1618;640;279;1053;2697;3107;3515;1631;1636;3108;2094;2328;3455;1372;1201;1526;3335;1027;1295;1802;2198;1299;1749;3407;2155;2156
315;367;181;229;411;183;182;416;185;147;390;223
5191;1040;3246;6335;4300;7406;2605;1361;2601;2830;3013;4831;3837;4541;6333;5681;6851;7528;570;6846;808;3128;3169;1248;4833;1067;4345;2371;3946;5057;1740;5189;3375;3252;1788;3320;7199;1186;1068;1897;6372;6464;5188;7410;5052;1514;4545;7198;4505;1249;7653;6934;3249;7322;2180;3588;2886;1579;7405;964;2378;5965;4882;1423;6771;5496;1518;1430;5674;1851;5677;2028;862;3251;2646;2479;1853;4544;1158;5434;1318;6767;6260;805;1313;1587;7961;1783;1709;7531;6770;2030;7321;1244;1787;7881;1069;961;2175;3975;4298;1574;6111;1963
911;2246;409;3483;6838;2088;7932;3994;514;2618;1395;7176;1715;2893;7029;5375;3879;6236;93;919;7286;1414;5252;5432;1909;5552;3022;5546;1434;3481;3395;5424;5249;5979;6759;2047;2486;1877;7041;6238;1391;1816;1645;6753;6837;165;3265;5429;4715;52;4315;3485;7040;58;3747;2619;105;1676;170;1500;747;3330;281;4748;917;3393;513;5980;3325;59;7686;6755;2683;2685;1812;987;1120;1871;4082;1499;2207;4660;3023;6913;744;974;3328;3269;6446;434;1217;518;1322;5548;2186
3175;4016;6594;6893;877;4015;6663;5717;588;4127;1122;6889;3786;4701;6052;4599;7607;5307;3785;6044;3734;6892;4172;4359;3955;2554;5096;6738;2776;4174;1093;4460;6654;7266;7476;927;3902;1007;857;4810;1332;652;4514;4843;2749;2530;5175;7487;2990;4801;1410;1092;587;6735;6231;4892;3988;1086;5917;1334;5309;6815;5177;6672;5785;7371;7488;2778;3435;581;6653;1780;4511;5179;4357;1129;3732;7124;2407;793;6048;1990;2116;3384;6817;5533;713;1401;6902;6655;3870;6593;537;1275;3177;4996;7114;7117;6223;6884;1567;4356
5125;5288;5030;4929;5142;4922;5123;5285;5026;5396;5027
3755;6956;9300;9296;4098;5257;5555;5197;4146;7206;8089;8914;4763;7543;5735;7221;5450;8853;4097;3470;8909;3693;3491;2655;9057;2333;8197;3348;7658;3854;4634;6350;6057;3465;6376;7722;3922;3930;2581;2658;5447;4920;2584;9258;3496;8428;2063;5986;6954;5253;6121;8765;5466;7051;4034;8086;8087;8287;5560;7795;6265;5104;8913;5733;9256;3858;3968;6861;8358;4325;5261;5463;8136;7656;7972;4633;7970;1957;3962;5509;7788;6489;4639;4917;8088;9297
1315
1343;2962;1544;1169;1689;269;1684;4824;3473;2859;1473;4156;4285;3475;4104;2635;1016;4723;1822;2634;2794;5162;4821;1547;591;1977;391;4486;261;2852;4698;4158;264;1077;524;344;3659;425;621;4727;816;2546;4102;395;624;5165;818;296;2936;2516;1794;2669;727;3119;4199;4413;690;2518;342;4257;1798;1237;428;1922;4107;350;343;2519;3236;4782;3607;398;891;3193;1545;427;1541;4411
3912
7764;7953;7770;7771
9091;5894;5594;5949;6796;9093;7095;7842;5528;6431;6794;6196;9087;9088;7837;8224;6198;5596
5760;5827;6416;6126;5931;6414;6124;6132;5828;6298;6574;6502;5634
8165;8094;6974;7995;8522;5777;8171;8518;5587;7235;5586;6978
8957;8964;6507;8449;6184;7089;8330;7092;5691;5763;7249;7090;7578;7085;8326;8991;8421;8740;6512;5575;8989;8806;8807
12;30;27;1;24
7831;7441;7827;7077;7438;7440;7893;8237
3179;3783
8128
8071;8070;8176;8122;8069
69;87;67
36
6471
5403;5407
8917
1824
8193
7240
4393
