7593;5532;6428;6800;5945;7452;8309;7095;7836;9094
225;78;369;381;311;414;253
3560;1805;3109;1263;4239;3815;1053;2095;1296;1351;2279;2054;1749;4368;1464;1469;4438;1866;696;676;4137;1172;1299;4759;1021;3882;3559;1810;4009;335;3106;4964;3071;1664;1768;1770;2322;2139
5678;7777;5498;6257;1386;1183;1574;1914;5442;4292;5499;2826;1944;3371;2300;4890;5682;570;5967;1585;2312;3624;6110;844;3318;6105;6106;1896;1513;3728;1365;2373;3621;5501;1738;2609;3622
3006;761;2512;3194;1075;5371;2342;1044;1073;630;3656;1622;1456;2798;373;1728;1471;1239;5162;992;2962;1235;670;820;2937;4107;3238;4877;2347;572;1828;1079;682;595;2518;1046;1076;995;2639;1168;594
7926;1218;3203;782;647;4746;100;6758;1877;1397;7040;649;3024;6922;5793;4652;951;3744;166;2489;1879;5425;4189;6241;1594;2148;2485;5429;1871;6544;2208;4024;3676;3441;1904;6916;980;7036;6452;1415;1441;1116;128;3486;3876;6757;641;704;6921;3487;517;2388;3399;1495;2185
1773;3069;4594;1407;929;3432;2771;4516;3065;2120;1259;6723;7119;6232;7126;3786;2391;2260;4011;6598;4174;3984;5788;5916;3985;3866;7470;4900;5040;6893;7129;928;3381;7487;1981;3989;6731;2401;3177;3174;1779;3382;878;1125;4947;7262;7383;3550;7270;1771;7367;6717;4177;3789;5716;4842;588
5286;5150;5214;5218;5280;4972
8191
4397;4616;6945;6481;7655;4672;3469;2233;8355;5257;5336;2651;4613;2590;7785;5334;7707;5449;3752;5472;8428;5107;5108;5610;5507;9243;3640;8853;7206;6949;4471;2995;7661;5983;9303;4473;8667;7205;5561;8362;2235;2444;4919;3350;9299;2582;8906;7052;4396;6373;3927
6293;6498;5762
8271;7439;7572
6742
7894;8958;8811;8992;6507;8333;7576;8330;8419;6509;8257
7770
6982;8402;8702;6874;5658
5559
38
19
8119;8175
3453
6760
