6001;2470;10197;10846;8637;1876;3838;2789;5081;3365;12038;11756;4870;10547;11453;4308;3132;3703;3417;2301;7264;3229;7265;2996;10647;1151;6489;4502;7661;2396;7410;8338;7551;11083;10184;1986;2680;8006;1138;11612;4764;822;9160;12574;10388;11587;749;6817;10293;2790;3070;6243;7491;11754;1503;1873;5736;11949;10771;12220;9507;1911;7139;10386;2688;7638;4541;219;10718;7974;6003;4122;8984;344;4060;8464;6125;220;2991;10845;4483;8405;1298;1913;11188;10761;12439;6241;4836;1056;662;8401;4425;4102;7633;6673;9371;6300;12404;557;12100;4546;7511;838;4550;12501;9118;10975;3135;7446;11433;3061;5112;2365;2942;2872;8272;3793;881;7662;6293;10714;3480;2742;11834;7834;11530;12160;8535;11181;4004;745;2690;9506;8519;5062;8779;2424;2562;3418;9501;1688;359;3051;12040
13100;7225;3949;2155;12062;7504;2024;9138;6185;2752;2754;12061;1369;3571;1854;11790;7352;7823;11285;5592;10282;10136;14714;5892;11785;10881;2840;4131;14142;3572;7919;6667;8691;5874;4738;15659;6891;2120;9356;13411;2284;2244;15013;14869;4208;15074;471;14711;10706;7585;10494;12808;5595;14599;11055;2115;6661;3124;10425;7297;2751;15500;8153;10709;2281;7912;7911;15012;6662;10704;2250;11250;1794;2157;8155;4264;10290;14016;3527;4353;3400;1437;3622;8383;716;15612;2704;2243;15199;7503;5873;8489;8613;7867;4406;15349;10022
9394;426;11226;8507;1265;8350;11519;3024;7923;5058;9783;2131;13839;3432;10613;9207;7706;1024;11482;12042;5932;7486;7708;3600;4237;8576;8580;4999;13372;6681;4219;10618;11824;4743;7799;11077;4559;10959;8223;10611;2209;11102;2134;1767;13517;3917;596;693;1967;1762;11301;13520;9244;9128;1995;9287;5478;9281;3593;8017;4744
4642;1821;8026;4684;979;4538;5644;6951;4197;7550;8587;5095;7964;6741;1430;7601;5772;863;1422;6257;3243;7155;7933;8184;7610;7153;8852;5235;8231;1103;816;5451;1043;7325;3115;3148;3305;8586;4255;1425;7939;8023;7547;5098;2165;5510;4683;861;8802;5697;8356;1049;5612;4923;6956;3764;2109;1108;4540;1122
6968;6867;6862
10357;9667;12186;7528;14981;1848;13687;5299;12649;15229;7472;1177;10359;5729;2842;4977;12114;10481;3544;8476;7780;11196;11796;2410;15396;647;1171;1040;3298;11934;10335;10599;10173;2847;9848;2808;1818;11720;6603;11816;2936;11019;7350;7816;7775;11985;10864;13105;4858;1600;10995;1883;15301;11447;12320;11678;14973;15106;5196;1095;6708;9925;8689;12768;2761;12479;15686;7459;956;2727;12902;7341;2227;9581;4915;15209;7536;14379;2805;12370;1591;12185;13677;14404;10897;6604;3999;12072;9435;12117;6942;11016;9212;8252;13544;1719;10998;14815;7818;3922;6946;14475;6270;15594;4979;14571;2521;12475;12901;14370;15208;8427;15201;5487;8558;9422;15440;2354;644;15259;9927;9666;11707;4519;15388;5573;8883;13218
792;5277;577;2440;4957;2438;578;5711;3284;5712;4282;2886;521;2318;1801;3804;5843;4114;1079;5436;1927;2380;5762;798;5175;3562;4384;4776;3154;2314;2971;4164;5716;4165
3823;12483;3231;5028;11780;7017;11044;4361;5159;14050;3452;11170;9616;2268;11413;896;9300;3821;8492;14070;2146;7099;1343;10877;11167;894;1390;8125;9296;5262;4460;4457;9297;1708;13341;6326;14175;8321;11886;2649;14042;14434;12488;8323;6793;5073;11047;2621;8495;11312;9618;11118;10621;13498;5021;1327;4013;5106;13349;4497;8757;5158;12176;8671;320;1348;2858;4142;12848;4494;10076;5022;14253;2648;722;12487
9189;9408;10117;9025;13714;8658;11624;13480;10531;7071;10536;8049;8244;7577;8058;8309;7074;9190;8880;12264;12604;13148;10603;9991;6640;10342
7517
2252
1497
9981;9531;9539;9986;9751;10097
6109;6337;6154;6445;6449;6158;5951
125;129
5888
242
12544
19
6638
15256
298
11347
182;281
4011
10030
