1159;4855;2928;2028;5194;5277;2256;1006;3331;4613;4540;2750;4002;3366;3103;5106;4616;2648;3354;992;2383;847;1899;5223;3544;3668;3725;1579;1088;3664;3608;4009;5108;4619;5275;2024;4391;4615;3370
3390;2289;4483;2863;1386;2210;2864;3016;1411;769;582;1062;2125;1381;1472;4834;1639;3697;3696;6229;3254;1479;2047;907;1593;4041
5425;5762;6796;3792;4688;5137;3856;5767;6004;6710;6588;5427;3861;5141;3457;6703;4131
2706;3908;4333;3053;2872;3248;3703
5548;3593;5074;5703;7261;3351;2675;2772;6154;257;1288;4103;6508;6156;6994;622;3050;627;3344;4524;4563;2109;1165;143;5251;2263;4476;1445
5743;4695;4493;5317;4209;4757;2657;2856;4138;5148;5318;3867;4496;4500;3434
4461;6277;5323;6528;6095;547;4671;2062;7405;231;1996;4368;1308;235;6894;6529;1969;2641;1462;1758;6101;1276;3972;1026;2219;2907;546;782;3573;1224;1619;4514;2637;2173;698;2906
288;1011;187;677;592;284;1710;373;779;1202;226;402;1295;863;1118
2234;2233
5
2665;2352;2608
2455
33
36
2097;2522;2099;2529
135;134
1787
2589
