3072;3182;2068;4009;2016;3079;2012;1797;1654;3917;1568;2345;2579;1496;1564;3422;3897;4007;3080;2013;2157;1661;1971;3285;3518;3665;3731;2235;4103;1562;3185;3282;1570;1962;2020;2155;2069;2581;3613;3287;1733;1660;2574;4006
1283;1372;1237;1376;1285;1033;1341
1959;2038;2736;4155;4491;1888;2276;4255;1891;1840;3785;2220;2036;2105;4153;3969;1956;2595;3017
766;820;871;1361;520;1522;1357;1360;656;1356;625;563;571;984;845;566;864;608;660;562;568
2584;1308;1806;1383;2177;1072;1516;2297;1013;4717;1512;3927;1811;2084;2540;2172;1075;4437;4423;1580;1305;1303;1919;3924;1517;3674;2532;1012;4424;1917;1670;4610
2669;1934;1672;1680;1875;2302;2186;2311;2915;1624;1991;3752;1947;2482;2418;2919;2670;1990;2117;2094;1871;1630
949;777;950;708;585;503
891;680;2853;651;2557;2401;2550;2547;2560;2855;884;1363;784;553;2151;1895;681;2397;2228;1544;598;1277;559;2287;959;1848;1454;928;1181;1455;1761;2964;2222;2227;2613;2848;1322;2615;887;1490
1726;1788;1744;1584;1746
380;349;407;10;408;319;213;411;171;372;93;367;253;258;283;41;284;291;164;403;141;211;235;17;18;44;209;359;366;409;335;15;156;263;162;261;448;352;192
695;1271;799;1536;2792;3595;2333;1596;1600;914;2452;2999;792;2794;3373;996;1594;2261;1414;3417;876;3007;3479;717;3001;1593;2896;693;2043;1534;1532;699;3477;2720;1167;670;3478;801;1162;3594;2051;3655;3421;2410
2496;2268;1617;2168;1505;1910;3528;2328;1062;1907;2494;1068;3331;1049;1906;2193;1853;2271;1980;2263;3330
1244;1351;1350
466
620;614;496;549
1747
130
2763
89
