5312;5035;3893;6366;6757;6755;4467;4757;2984;2572;3894;6510;4106;6371;3777;3315;5642;6094;2671;6618;5863;3781;3710;3776;5137;3631;3319;4463;3628;5507;6319;5565;3425;5034;5675;4107;5133;4359;5633;5680
734;480;261;1096;77;678;738;1079;1095;421;1169;390;1189;192;448;740;736;76;447;1140;539;702;554;733
5119;2562;2721;5883;2653;3909;4021;4448;2567;3636;6297;2658;4234;4201;2992;5543;5889;3637;2940;5120;4449;6128;2166;5115;6695;5015;5846;3910;6302;2487;4240;2715;2717;6177;2713;5843
1410;5529;1242;4905;1835;4424;2470;5268;3237;5667;5264;5672;2364;3543;3241;4203;4907;2469;2198;4426;1409;1307;4154;2471;1619;2062;4288;1405;4429;1486;2400;1491;3239;1308;5605;4131;4906;5609;2105;4160;4912;2392;3551;1411;5597;5601;4066
2887;4149;2779;4148;2424;2778;3438;2891;4145;2731;3075;3330;3434;3923;4151;2781;3436;3441
41;13
3606;3103;3282
352;5655;852;5164;4773;3094;3272;980;256;3399;1377;3469;1293;419;412;4169;3732;463;889;3394;725;3757;794;4163;3276;729;66;2592;3758;545;1458;5774;3599;503;2407;836;888;4776;976;2330;1085;3738;2809;6068;2402;544;3756;1987;4401;6016;978;504;5319;5796;133;282;2118;2853;3755;5321;2207;1376;973;882;1372;2203;3753;39;3593;3099;3990;417;416;1090;470;5056
6997;5647;6651;6896;6103;6797;4854;7002;4861;6900;6538;6112;4856;6540;6795;5968;5967;5153;5818;6051;5966;6802
822;1331;122;1335;496;990;602;1116;699;243;242;603;986;561;872;1112;82;926;905;879;89;1009;1056;405;821;84;1532;874;1142;962;104;981;306;783
4797;4954;4699
1818;1998;1897;1996;1812
4771;4685;4602;4766;4597
2676;3693;4281;1871;2586;3803;3308;3418;4789;3068;3891;4274;1751;1745;2358;4282;1748;2502;3619;2190;2222;2228;4279;4410
2918;2376;2377;2500;2497
1226;1420;1229;1765;1320;1318;1493;1311
4475;1681;1677;4481;4477;4473;4476;4371
2047;2304
2734
4255;4503
2962
1598;1596
3338
1823
3507
1684;1471
4862
