5361;5503;6768;4045;3468;3463;3424;6222;5153;6773;5154;5451;4050;4492;4149;3588;4286;4145;3719;5252;4328;6637
2714;2317;975;2925;1096;570;250;2713;48;1242;3060;673;3003;1201;1578;2161;1734;2664;705;202;586;2623;1133;505;3081;590;637;1799;2278;2667;1907;1716;248;176;308;2464;636;1460;1283;2512;1615;210;1549;2366;1510;1204;3180;1289;2920;3062;3055;679;708;973
4742;4355;4586;4452;4214;4212;4360;4356
6718;5588;4394;6165;5211;6041;6440;6091;5591;6184;6140;6286;4825;5398;5116;5060;6394
4186;3947;3609;3495;4776;3253;4423;5491;4970;4775;3602;3901;5097;5437;4009;3969;4630;5228
3415;3916;3504;3915;3912;3779;3280
4693;6454;5563;5578;4789;6860;3118;3958;5311;5827;4420;5825;3334;6098;6150;5899;4412;5302;5937;6143;4277;3029;6576;6466;3769;4017;6464;4095;4549;6105;5830;6855;3668;4172;4174;2803;6199;4133
2269;268;1104;670;2382;2421;2187;1841;1127;157;627;2141;1750;643;155;2029;833;1172;154;861;2190;1030;835;874;1555;2146;1153;1279;1180;1377;1160;1293;2358;870;1688;1291;394;532
1656;2324;1669;809;2551;2602;3324;253;1966;1870;2257;810;2987;402;1334;1399;455;712;2118;143;3250;1783;619;2327;963;2117;1767;185;2193;1189;1181;1935;1330;2549;2242;1534;1956;3160;3402;3182;3749;1634;515;2796;1422;3747;788
3041
2955
5781;5630;5904
3646
2880
2749
