3669;4465;4534;5679;5490;2819;3356;4847;4420;2476;6504;7340;7940;5799;2756;4120;6377;4537;3670;5122;6966;5512;4112;6803;5116;2753;6063;8387;2629;6513;3470;5505;2385;3587;7287;5951;5862;4418;8388;7603;4468;5563;5554;2816;7925;7935;5980;4413;5271;6235;6410;4783;4114;4156;6780;4514;2622;4415;4787;2864;6654;5174;7123;4728;6242;3111;7800;6547;6412;6798;6323;7932;2626;6796;3389;3353;5234;3080;6970;8049;6317;6700;3387;2783;2630;3072;5560;4824;5946;5795
1772;1934;2161;2303;2051;2174;2408;2166;2053;2143;2081;2308;1880;1892;1957;2086;1732;1818;1790
4677;8690;7589;4288;7689;7087;5164;5844;7765;8356;4110;6046;1667;8875;8005;4109;6851;8481;7151;5548;3002;2674;8167;6848;2101;8265;8856;2103;3455;3237;7685;8857;8484;7587;4102;4923;3776;7153;2506;1839;3238;2373;8168;8012;2430;6845;2104;4680;8363;5849;8092;5620;8164;4502;5305;3069;6222;5225;3458;8013;6579;9038;8156;3720;8575;8692;8793;6954;4146;8682;3579;8262;3454
5868;6233;2563;5873;4912;6394;6686;5326;5963;3326;6756;2882;4870;4541;3472;6230;6398;2561;5188;5393;5565;4206;3321;5332;6887;6760;5748;3792;6401;4750;6068;4907;3799;6764;2823;3179;5958;5186;5007;4549;2567;2566;3478;6072;5866
138;167;169;184;170;271;273;216;281;310
1725;1620;4876;5539;2974;3952;4095;3332;4489;374;3140;2765;2443;3741;5048;4431;3132;527;791;4167;3139;795;3957;1611;403;5537;2734;1066;2767;2770;1476;2609;1612;619;704;1158;4650;1619;4559;4963;1807;2891;4958;1006;2697;882;2895;4879;5222;798;1480;3410;5104;526;2530;3488;3951;1522;1069;2523;1067;1868;344;371;1506;1065;1281;464;1384;3693;4439;3808;4556;2978;2733;620;1350;2897;1563;3695;377;4873;1728;2732;3339;591;4310;2608
29;50;31;17;48;62;68;15;78;64;30;1;42
1917;891;1197;1630;3980;3813;355;1452;2914;2226;561;533;953;471;4594;1019;3491;5710;1040;1224;3889;479;4240;1418;3156;2771;1585;1191;5095;3911;419;1451;4593;5514;4026;4237;971;1317;1547;3539;3976;3819;1420;813;1073;5706;3815;1398;4134;1394;1543;4667;2943;3498;1077;630;2913;1797;2548;3817;1296;5519;5707;5588;1313;1262;352;473;820;978
3940;4695;4077;3676;3012;3934;3036;4949;3512;4048;3673;3939;4901;4130;3511;3013;3935;5163;4694;3599
1605;1242;690;1178;1148;633;1143;751;1463;248;808;711;871;1988;1682;1644;245;1125;677;1469;1123;241;1499;1860;443;719;1852;1496;1601;1712
918;454;1184;589;366;1448;368;1520;581;370;725;541;483;746;175;364;1443;259;518;1301;748;1404;1371;251;787;750;585;1405;201;177;784
7186;4856;7764;7238;4338;3287;3608;3945;3431;6734;4340;6725;2921;4257;7236;5380;5632;3827;3603;7185;5065;4475;7512;3685;7605;3161;6731;6457;3644;3682;3558;6629;3609;4090;7759;7758;3944
7282;8814;7679;8919;8812;9132;8549;7680;6903;9157;8916;7281;6213;7893;8550;7890;7886;8021;8696;6833;8956;5738;6616;8545;8384;8554;6896;7400;9139;9018;6209;8957;6126
256
5477;5815;5479;5481;7021
7495;8002;7662;7857;7860;7855;7502;7659
2844;2336;2689;2339;2554;2875;2879;2634
2278
7274;7136;5432;7266
125
5009
6340;5987;6335
121;147;149
3467;7405
1137
