1018;180;2475;7990;1971;7775;4947;5933;7236;3114;5320;4944;866;585;5813;5812;6106;219;2931;7212;811;6255;1836;2717;4760;1146;7985;5818;562;2935;5816;2473;3465;3120;4943;2787;406;4264;3543;3425;7092;1943;3427;5005;7045;7980;7503;7219
6161;4367;6718;4363;6047;5627;6031;6282;5951;6126;5275;6502;6083;6698;6721;5106;6350;6240;6444;6297;5063;4674;6725;6170;6605;5460;5069;5459;6402;6365;5210
1183;1190;1038;942;1131;948;676;965;871;740;947;696
1322;1816;3560;3922;2684;1657;2690;1891;3681;2291;2218;1696;2681;3969;2040;2689;2032;1691
3311;3218;2377;3608;2493;2327;1464;3534;3408;2543;1731;2131;4018;2755;2379;3642
1123;6739;628;897;2727;4123;2703;7078;2011;2988;1050;5809;7072;646;2859;2487;5091;6546;856;650;3933;6010;5776;938;2448;2053;5526;1824;4747;3738;2332;2278;4995;857;1500;3658;6319;6907;2568;436;2853;5542;603;5805;6196;4523;3265;2339;7116;6987;2082;859;3364;1130;6973;1066
2744;2389;3891;4148;1155;3222;1746;3616;2201;1749;1994;2766;2221;3788;3783;3674;2556;3321;1852;1666;3146;1295;2842;2975;1635;3457;1540;1969;3054;2656;2768;1282;1487
1562;1606;1710
4488
5337;7242;6676;5701;4564;6156;7430;4648;5368;6020;5263;5729;5730;5764;7301;5605;5331;4378;7374;5150;7343
30;11;70;22
422;364;469;85;116;542;365;95;543;425
284
491;500
4583;4255;4990;4113
210;145
1257;1259;1252
442;349
1622;1355
928
4282
