103;516;318;460;834;517;319;485;57;87;482;454;363;243;810;874;571;192;139;488;804;54;557;585;609;578;176;877;276;350;663;519;272;90;400;840;496;673;191;415;386;512;577;347
938;978;933;940
26;25;29;22;17
235;541;629;595;508;506;624;621;505;340;125;255;357;358;264;117;564;617;529;563;237;309;613;227;338;130;268;464;306;189;525;658;127;562;545
2008;4330;3590;1619;2109;2666;3589;4332;1613;2725;1621;1289;3888;4328;2509;4195;1135;1961;3890;2472;2815;2288;2845;1566;2935;2553;2003;1856;2511;3755;2193;1569;1565;3894;3759;4084;2505;1423;1138;2813;1858
5512;2449;5409;2612;3302;1193;5410;1246;5513;2621;5224;5084;1199;3905;2376;2751;5159;1734;3767;3024;2690;4916;5154;2450;4586;2123;2689;1737;5228;1673;3084;2451;1646;1449;3771;5156
3709;1382;3278;3077;1150;4423;2014;1575;3270;2883;2946;4282;2951;2794;3352;4028;4263;3264;4018;4277;4533;4046;1439;4299;4755;4698;2917;4675;4550;3074;4259;3073;4516;1338;1111;3704;3721;3361;3564;1625;3082;2114;1105;2677;1437;4297;4530;4017;3436;2257
2700;2074;1924;1491;1204;2083;1492;987;950;4485;2628;1209;3869;4251;2878;2174;883;817;4635;1829;1697;858;2230;3411;2032;783;2489;4253;910;812;2144;3000;2976;4615;2176;909;2137;1256;2874;1920;1819;2214;2086;2465;3431;1877;949;1687;1748;3065;1915;1308;2073;2386;1460;2034;3119;2787;1303;3001;1152;4827;3858;1922;2696;814;1745;1769;3256;3701;1770;944;1696;4487
3059;1835;1547;1122;3331;720;1839;1988;1710;686;717;2870;3661;2594;3824;1507;3958;1546;1895;1898;1611;1775;3333;2334;3129;1314;914;1092;968;3960;3530;641;2235;2702;917;1897;912;2310;1894;2869;2596;1896
4858;5034;3109;4946;3919;3105;3918;4983;2244;2562;1512;3597;5478;4223;4214;4768;5690;2364;5043;1944;5201;5199;5197;4570;2363;5691;5393;2564;5122;2052
2962;2898;4360;4359;4574;5733;3478;2095;5792;2966;2492;1587;4781;4095;5143;2415;1870;2840;2494;2314;5312;2549;1583;2316;5397;5785;5823;2766;2317;1863;5821;1806;2652;1862;5306;4720;1663;4992;2544;3168;3479;2836;3012;2497;2417;4718;4987
2753;1657;2805;1660;3799;3226;1044;3797;2958;1082;1994;2803;2718;3101;2716;1045;3623;2811;3005;1786
1003;1007;1009;1010
1598
1417;1375
3842
2984
