3404;1885;3587;3443;410;1373;972;234;704;180;233;549;3195;3772;1652;707;363;842;2006;1905;236;3196;3300;2008;467;1055;2187;2802;3483;3538;3541;2182;841;680;3237;3268;3535;708;1281;1786;3951;650;178;4347;322;2081;368;1476;1901;2082;2366;1479;3539;541;3450;1285;806;2920;1577;3950;3486;1529;412;1380
1305;1308;1869;769;1270;1153;1159;922;1262;558;1130;864;1066;1191;1849;1439;286;290;553;1751;1364;1154;1489;1381;1382;886;629;1700;1635;283;1388;1151;182
1875;1701;1508;1815;272;783;981;1298;158;535;1721;1767;1625;1628;712;29;2176;100;1037;752;756;953;1765;2542;1536;2016;2379;1877;1673;1998;94;389;1680;1723;984;1816;385;276;1945;540;2373;1679;2134;75;2301;1218;989;784;1949;76;22;760;2463;2546;1292;684;12
5796;4877;4733;2714;2388;3723;4331;2796;3555;2475;3562;3894;3652;3064;3179;3982;3957;6051;6038;3571;2911;4454;3559;5888;3077;4737;3622;3378;3373;2992;5710;6040;3124;5831;5329;4218;3328;3612;3736;2477;3690;2472;3921;2561;4324;3617;4124;2861;3177;5918;3615;2996;5423;3569;5322;3952;5416;3613;2905;2265;5317;3912;5881;3985;5797;2906;6033;5330;5321;4063;3162;5157;4070;3568;3166
2322;3886;1280;5640;5633;5399;491;4601;915;1494;2518;1853;6177;1139;4497;3231;603;1670;3478;6004;5649;5764;4592;2216;2513;773;6001;5132;4411;4178;1238;1312;563;1008;137;3287;2990;372;1311;195;318;1741;5388;4309;4177;5500;199;3227;1398;1898;568;3252;5647;2158;1107;5999;3804;1162;1851;1978;341;2151;5270;5769;3575;774;3889;1170;1896;5402;1858
4664;2838;3421;3605;3549;2766;4979;3606;4801;4643;2834;4148;4475;4372;4550;3117;4942;4278;2769;3159;4935;3119;2762;4672;4481;4669;2840;5080;4799;2771;4470;4800;4152;4646;4381
3800;1180;5940;3360;5607;1593;6708;2627;7066;6120;6641;3873;1079;6364;4752;1147;2424;572;639;5529;3939;4191;6194;524;3833;1951;4254;5957;906;6468;5523;5738;4749;1731;6635;2628;2575;6309;1738;1591;6623;1598;6081;6948;355;6469;5459;3933;5736;7071;1775;5043;798;7064;471;741;1940;3088;833;1146;7012;5194;5951;2979;6544;970;4744;3401;7009;6083;6998;2579;1955;6069;6995;5200;1936;5945;4510;3397;875;1118;1245;909;6063;357;6067;4334;1403;5743;932;4260;6367;6996;5467;5745;635;5195;6539;7002;6388;1937;5472;2112;965;2624
6268;3051;3102;6587;3365;3340;4759;3362;7136;2823;6584;6977;4199;5208;4423;3368;3454;7115;4055;7122;3211;4053;6585;6937;2758;3703;3109;5350;5862;6761;7189;6591;3458;7191
4928;6497;3138;6557;5971;5754;3135;5368;4357;6816;4229;3747;4134;3783;2732;3746;6407;6250;3134;5758;3133;3429;5967;3868;3669;6154;4078;3428;5230;2699;4783;4077;6157;6785;6424;6502;3924;3871;3870;3671;4138;4081;5755;6415;4137;6327;3388;3748;6559;6430;3422;5756;3132;2612;5760
5362;4920;5063;4434;5353;5062;4437;5061
1376
2437;2605;2441
82;37;39;8;89;38
2444;2500
6786
2232;2239;2123;2236;2128
2095
2062
4514;4767;4521
2356
1726
140
1919;1985
6291
2647
