3177;6810;2721;5114;3407;5488;5644;2353;3972;6174;5756;2359;5965;6563;6254;2550;4794;3444;6516;6357;2763;6093;4956;2723;5273;4578;4799;5024;2706;4577;2351;6429;6492;4367;6312;5749;4749;6588;5673;5358;6239;5902;2795;3063;3976;5278;6638;6205;4954;3316;3176;6589;4391;4183;5483;3178;5745;5970;5892;6421;4396;6206;6572;3974;6465;6655;4097;1831;2621;5140;1796;5675;2318;6175;2589;6091;2800;3313;6511;6400;3559;4094;6568;6318;6586;4613;5757;5279;5578;6157;4792;5752;6561
179;507;442;250;504;508
744;1265;1004;777;898;773;632;902;774;1296;1160;786;555;930;988;1003;927;425;959;1295;598;1009;891;1355;853;1270;1292;1316;838;1098;1002;1133;1225;911;1352
2636;3250;2687;2367;5141;2327;6949;4917;5827;3546;2805;7193;7659;3124;7283;7653;7775;7767;1754;7285;6115;2397;4714;5346;3281;2365;5262;4271;5475;7048;5093;3720;2993;7654;7643;4492;4407;4767;2101;1760;4316;3129;2325;5992;7198;2907;4912;3898;6937;1755;7351;2901;1711;4625;4376;3713;3189;4437;7289;3183;2333;1511;4374;1451;4379;2686;7770;3894;4918;7658;7656;2050;1752;6845;5038;7356;5031;3895;7859;2804;1517;5263;5222;7661;2366
4010;7246;4923;6927;4688;4090;5601;4009;4646;6667;4206;5301;5062;6138;4042;4690;5437;4083;4342;6137;4600;6727;4975;4205;7418;4926;6289;6831;4973;5402;5431;6451;4687;4006;5015;4522;4647;4848;7527;6140;4528;4599;7971;7529;5307;4755;4201;4007;7241;4841;6836
3199;4998;5463;5174;2811;4298;4058;7691;3099;3191;7019;2618;4987;4139;5176;3840;4173;5542;4242;4609;2560;6213;2447;3095;8038;3055;5698;3200;5295;3834;3079;2402;3321;2952;6876;5010;6980;2269;2285;4999;2406;5178;6222;4826;3649;3647;4782;1890;6007;3434;2166;2987;5460;2227;6433;3539;6224;3197;7138;7692;7020;7508;4291;5333;2067;5329;3958;5103;3092;2162;3074;3153;6820;2758;1886;4131;6215;5512;6308;3435;5469;4476;2858;2936;2263;2645;3487;1881;7372;7135;6214;1993;2206;5583;7057;3394;6875;2652;5291;6228;6770;4360;2646;4284;2815;2225;8034;3051;3097;5552;2211;2501;5007;5927;6911;3847;4564;6540;6004;6080;6018;4550;5059;5004;4937;4056;6920;2553;6302;6901;4658;5701;3568;6536;3534;2151;5470;3710;2495;2691;5557;6824;3959;3645;5212;3705;6823;6211;4859;5002;4251;2834;6435;6903;7509;2957;3214;4300;6442;5009;4359;4135;4296;5296;3194
6035;4802;5661;5623;3613;4329;4805;5872;4806;4238;5075;4633;4835;4774;5714;5733;4636;4462;4441;4326;5380;5735;5372;4773;5533;5371;5502;5500;4461;5201;5499;5852;4390;5204;5857;5538;5879;3384;5160;5716;5159;5720;6039;5523;4637;3387;4071;4039;4158;4447;4888;3611;4807;4191;4322;4032;5793
1568;3208;621;845;156;56;842;756;2117;1430;160;318;879;1326;1498;2916;874;820;1234;1175;210;253;2663;2609;1168;1256;1258;1043;2435;412;1047;818;157;1941;1217;3169;1620;1122;1500;1237;2471;3041;1570;1950;1369;1282;2846;2349;1279;1653;312;1027;1044;207;1700;2342;997;1186;1333;1322;827;2294;1309;159;1339;812;1562;319;1272
1372;2096;1416;1411;1681;1688;1378;1602
189;321;327;276;489;271;222;346;434
1706;1703
1400;1432
1443;1640;1551;1902;1403;1558
1;93;96;48
3359;3932;3303;3933;3817;3741;3687;3274
3047
3661;3587;3670;3502
36;84;86;170
8114
29
6599
0
