4218;5473;6264;7242;5520;247;5797;6026;5869;6347;3739;5914;4365;6557;1382;2117;5849;7246;2941;5932;5792;6476;5963;2709;3270;6864;6220;7163;944;5343;6732;6754;2608;4185;6740;5912;6153;4453;2422;6108;3671;331;1962;3680;1355;900;6738;1860;3673;4085;5848;7015;4312;6855;6262;4084;3817;3069;2848;6419;7241;1073;1961;7372;6544;1662;1494;5577;3414;5524;3676;1858;5918;6251;4643;2421;6266;6869;941;4183;5515;6931;1853;1111;5844;1386;4900;6922;1498;6560;2115;6737;683;4141;1595;1767;6415;6029
3035;3036;2619;1413;2542;2979;3145;2549;1703;1577;2903;3038;1107;1143;2616;2919;2916;1031;1416;1488;1336;1220;2235;1571;1215;2232
5069;1003;3000;5164;2131;3478;3895;3248;3867;3474;385;2554;2931;2140;4165;2498;4342;642;2056;4168;4344;2556;1928;2757;1628;1542;2940;3943;290;951;4271;1310;3899;1396;387;3247;4272;2999;4163;434;1549;3868;5062;2398;2630;1391;1674;2669
6975;4652;4557;5407;7284;3841;3197;7288;4044;5806;1024;5262;6316;7285;5198;1758;5873;4061;3810;2897;4250;3563;4402;6386;3809;3364;1845;2951;6980;344;3661;1952;3568;3750;4243;5910;4042;1136;5263;5822;6979;3940;5852;6716;1759;3564;3689;5128;5825;5744;3920;4045;2538;3567;5944;1021;3193;5805;1516;2851;4904;4154;1026;912;1244;6317;5871;5360;1794;1406;1757;1737;1731;3405;1098;5358;5827;2859;585;1138;3456;1330;3684;2187;1754;1893;3880;4655;4152
3889;3989;2582;3055;4621;4022;4781;3634;5036;5007;3171;5032;4952;4394;5468;4790;3832;4518;5504;3798;5322;3707;3708;804;805;5379;2127;5111;2886;1361;4398;5103;1977;5250;5637;865;5115;5109;863;3001;3059;4627;1692;3631;4955;1721;2590;2521;5325;1862;1605;4623;1362;4355;1723;703;1279;4028;3172;861;5015;3703;4443;4135;1864;5101;2439;5106;5119;4803;3839;5006
272;183;724;186;410;217;184;108;213;152;728;316;723;529;181;185
298;150;258;147
2513;3371;3428;3018;2691;2737;3586;3530;3378;3017;3788;2516;2574;3581;3429;3790;2473;2783;2356;2657;3641;2480;3015;4208;2257;3585;4055;2656
5896;4666;6459;5730;5135;4322;5977;7273;6363;5833;6370;5661;5367;5757;6365;6457;5751;5783;6901;6362;6905;7345;6705;4668;6453;6963;4465;6455;5727;6010;7271;6907;5927;6698
2164;1819
652;1557;1682;1477;1016;1553;1788;1790;852;1434;697;1551;1713;698;1786;795;1432;653;1690;1687;1020;1556;1685
55;75;25;8;71;24;73
447;330;492;378;627;889;237;755;326;63;48;890;881;33;205;64
2302;1934;2012;2307;2087;2019;2301
3863
510
4423
