4446;4499;3090;3897;4450;4803;4101;5522;2733;5080;5229;3169;4658;2988;5709;5376;3316;5377;4796;5101;3007;5232;4793;5206;2475;4959;5706;4874;3663;2633;5535;3746;3283;3811;5381;4947;4949;3321;3207;2577;2863;5515;2288;2991;4656;2739;2286
2179;2301;2134;2270;2265;2176;2413;2300;2172;2295
5157;1965;4514;4678;1659;3134;2304;5025;3887;3270;5854;5739;3455;5990;4258;2371;2593;5311;5967;1962;5633;1651;3886;5629;5966;2057;2496;4382;2051;2056;3075;4521;3934;3549;4833;4520;3728;2761;5326;4081;3264;4673;3268;4262;3136;4838;2498;6077;4581;3266;4750
1501;710;4222;4190;4272;311;3793;412;2345;3420;339;865;2124;706;2125;998;1220;1991;3652;1258;4437;1429;2908;1191;3374;4145;2564;3032;2981;3704;931;1915;477;1320;1636;3233;1507;4434;2906;281;3943;475;1317;446;88;4232;1919;1772;167;527;3947;991;2466;4152;1217;3797;2907;1097;783;1505;826;1504;4143;828;3038;2812;89;2853;4223;3707;4271;3627;3236;119;3800;1779;2777;970;967;1318;4036;1858;4269;1990;1853;3373;529;1334;2351;1776;4277;1987;2471
880;1243;719;1250;1074;180;1081;327;2520;2461;1137;893;1957;501;1073;1723;377;173;807;2440;1039;437;401;2378;2513;2454;1131;1041;1363;355;1248;554;372;459;535;2521;1959;322;2063;579;773;2011;1136;1726;1044;2072;2276;2436;2517;434;2167;2509;2720;2196;957;578;2194;2028;1274;2281;1400;555;952;2193;2005;2121;376;843;802;1629
5787;5662;5786;5658
972;1002;1767;979;293;796;2091;831;1671;1492;1981;2034;253;943;1240;1974;2033;1236;1677;627;624;1010;686;1979;217;296;2040;1027;1763;985;1499;1901;141;42;2019;1766
4592;5048;5178;4352;5350;4684;3912;3836;4843;4771;4348;4849;4769;5182;3908;3992;5052;4683;4927
3181;4043;3607;3369;3813;5553;5593;3172;5715;4883;3962;4737;3511;3067;4741;3538;2836;3756;5001;2590;3252;5722;3588;5286;4996;5825;5116;4339;4994;3816;3639;2931;5287;3760;5424;5826;5148;2706;3371;2707;2962;6069;4989;5138;5951;5121;4044;3177;3590
3519;3430;2921;2894;3299;3013;3212;2642;3392;3329;3094;2944;2749;3616;3300;2993;2946;3672;2783;3325;2747;3428;2945;2895
1055;725;136;370;1357;1354;465;188;1289;387;585;546;367;236;185;234;469;1204;922;1174;721;361;197
4418;5772;4860;3766;4362;4419;4164;4524;6193;5058;5060;5900;5635;3763;6175;6018;5760;6185;6019;5765;6292;3768;4858;3767;4168;4125
6057
4780;4940;6463;6039;3927;6261;4538;4369;6454;5909;3874;6304;5476;4179;3774;3977;6353;4539;4597;3773;6455;3980;5779;6258;4032;6346;3996;3873;3722;5644;4700
20;23;2
1731;1432
1684
69;67;70
3049
5668
4141
1293
