630;1403;2024;1218;536;650;2029;665;2410;537;1410;1916;367;1026;866;730;2090;725;905;2384;1748;1279;153;1450;573;1489;2435;1376;686;14;1172;1406;196;347;577;160;2184;1075;1291;399;1483;2154;1989;265;538;1983;1750;624;350;2234;1073;154;1302;1044;580;2491;2401;1744;1299;1379;1048;742;1030;1553;2061;1305;2082;1445;96;198;1485;295;1003;923;1021;1213;684;2201;925
6282;6401;5966;4442;6288;6532;4740;4642;4738;5587;6055;6188;5002;5176;7039;6190;5008;6132;5965;4822;5967;6186;4648;6534;5459;4573;4897;5167;6166;4504;5963;6191;6140;5174;6183;5401;4450;6056;4580
5566;3029;6063;5089;3667;5036;6350;5041;5087;6949;3293;4696;6095;5387;5938;4763;4276;6571;6578;6335;3992;3565;6470;6576;6107;5391;4280;3347;6345;6150;4782;3806;3873;3301;6565;4098;6012;5569;5894;4490;5035;5306;6566;4881;4321;5083;6945;6849;4766;5827;3771;6563;4012;4482;5303;6068;4063;5830;6066;3668;5308;3880;6062;6449;6102;6204;3262;4547;5936;6851;6567;3270;5578;5492;5284;6343;3881
556;1957;212;1039;1468;1322;920;452;2511;1466;2113;1761;786;3745;1768;2937;700;3326;3647;460;919;915;1313;1729;352;2610;968;3786;889;2075;2347;3089;989;115;1964;1727;67;882;2547;2325;1725;1428;2737;1034;334;2243;1146;2108;692;1338;699;2932;1196;1144;1182;617;2307;1017;1239;2542;410;1357;1234;801;990;2115;911;142;1114;3404;3791;2545;2053;1765;339;2797;1952;251;611;1184;358;1364;3530;2454;2535;2509;3523;859;1661;1586;2322;1491;3658;1118;2796;612;2453;1150;1662;3527;693;1589
1809;992;1230;1281;2396;1282;1894;845;1712;1140;958;3141;2715;530;1600;2974;2173;1241;2470;241;1806;3058;3145;1772;1284;1478;446;495;565;2574;732;1063;429;1139;2171;1437;476;1471;542;2397;2367;1793;1452;1479;2416;2466;1892;1680;498;1803;238;938;3061;323;1475;1775;1285;779;3074;86;474;2177;2121;2599;825;1260;1909;2006;208;709;424;249;797;2772;475;588;2288;250;1711;1055;5;1510;227;1068;1578;3081;996;1503;2295;1942;1617;1824;2314;1227;371;1853;2221;85;997;977;1252;224;1860;2624;3003;179;2719;1254;1435;205;277
4389;6119;3675;6603;4388;3975;4324;5447;3923;5255;5648;5504;6995;3928;4432;4552;3976;3625;3821;5047;6635;6780;3846;4150;3429;6632;6756;3221;5510;4853;3849;6352;6491;3584;4554;3842;4861;3514;3631;5161;4560;6637;4147;6994;6605
3988;3985;3703;3372;3307;4024;3507;3380;3420;3412;3709;3776;3773;3279;4113
5902;5550;6073;5775;5544;5975;5625;5903
4186;5223;5093;4378;3965;4866;4374;4780;4863;2943;4963;4926;3832;3962;5227;4381;3314;4773;4108;4922;3947
3038;3171;3128
2692;2832;2693;2838;2695
2873
5186
4122;4457
2818
2957;2954;2953;2952
4430
