5496;4303;609;2475;1491;3041;765;6412;1461;2687;1688;5614;691;2478;1966;88;2046;5064;1467;5121;1798;3806;1906;1902;1209;243;1013;4537;1011;5884;2926;1937;1349;4630;5931;1201
2830;1511;2320;2417;957;907;7555;1613;3537;1529;2893;6211;943;5594;438;2380;941;2847;7407;6442;2085;2159;5189;627;793;6159;2514;321;4440;1523;222;2318;431;2101;2087;2185;1806;6435;5979;6158;2581;624;1528;2181;1603;855;2776;2001;2078;3623;3485;668;1040;5183;3627;2661;442;2891;191;5746;2665;436
2656;972;1027;865;1218;1486;577;2290;1113;1625;562;1430;1815;1042;611;1239;2231;2534;911;1897;1316;2809;252;652;2755;2150
5868;4427;7314;6348;4581;5465;4943;5534;6165;6234;6967;5949;6815;4576;6168;5738;5053;5871;4734
363;881;3788;306;3686;3345;1199;453;2880;3237;2768;3009;2162;1568;3690;1960;2349;3755;1193;1083;3074;2623
5773;6748;3815;4988;3969;5634;5557;4260;5244;5708;4610;3940;4150;3842;5246;5385;4454;3932;4780
7299;7219;4929;4924;5155;5797;6428;5569;4016;5160;6424;6324;4474;7100;6328;5449;7387
7604
5411;7370;4112;7285;4340;5354;5725;4898;5410;5808;5357;5001;5409;5460;4121;7453;4337;5314;5804;5527;4239;6910;7566;7793;6911;5952;6122;5666
6644;261
5651;5309;5966;4055;7180;4879;7178;6610;4548;6477;6376;5400;5305;6491;4226;4271;5303;6987
113
7639;7806;7669
7184;7190;7189
1770
4065;4287
49
6894
295;353
3858
5598
