1069;3886;964;3218;3799;2771;3291;2111;3844;3219;3294;4038;477;2259;1460;3976;4032;4089;4022;3087;2580;478;4112;2408;3868;1234;3086;3972;2537;2930;3548;2483;3295;2357;1735;1459;3944;2255;2579;4045;740;3053;2323;3090;822;2598;739;1288;2486;969;776;2594;883;654;3180;3796;657;4065;521;4127;1118;651;3977;2596;3913;3172;2865;1175;3843;624;4040;474;3778;3973;2639;3426;3058;1068;4047;3081;997;1172;1838;480;2538;2725;3213;1238;1586;1834;3119
987;2610;3643;3350;3016;944;2607;2491;1988;679;745;2615;1748;1976;1013;399;228;3287;3047;549;1081;1797;395;959;3251;159;2910;894;2140;891;2261;2895;3245;1445;2174;1122;2940;3242;1130;2709;1798;3786;3594;1482;3533;2983;2939;3535;729;2543;1035;918;2701;3106;2179;1398;508;3670;744;1071;856;2364;671;1109;3080;1912;3668;2270;899;923;1975;297;466;2801;1654;1883;483;3755;314;400;2588;1341;726;3610;295;798;2703;2914;3581;2269;661;3290;1926;1364;1643;2961;1292;3283;548;2920;1489;1680;154;3605;1394;752;946;243;1881;644;1914;831;2984;514;2819;877;2965;3592;584;2806;3284;487;2136;1004;2893;3131;421;1465;892;1650;2856;1677;2494;2932;783;815;1024;1535;2608;1647;316;1986;2900;1469;2451;2820;3194;1928;1488;1342;2557;2658;157;1055;2811
4280;6809;5006;6810;6579;6811;4275;6520;6582;6298;6949;6703;6836;6090;5317;6899;6944;5117;6694;5050;5048;6515;6293;4604;4637;6894;4356;6675;6300;4397;6647;7019;6521;5858;6840;6578;5852;6676;4603;6296;6833
4901;6977;4990;6909;6072;6080;5713;7317;6774;7118;6831;4532;6959;6291;4506;5959;7229;7243;4986;7223;5773;4305;5954;4940;7144;6613;6905;4667;6904;4557;4933;6782;6868;4302;4713;4540;4534;6954;7119;6955;6479;7147;5843;5625;5714;6030;6354;4559;4698;6795;7148;4811;5080
4172
540;1351;635;1493;867;1625;234;1666;239;287;979;1383;805;1247;1522;1629;537;444;1277;1543;1301;301;1545;869;1136;285;355;591;420;717;1279;1523;614;714;1153;619
5100;3624;5587;5097;4624;5101;5580;5737;4733;5732;5135;5446;5137;5160;3871;3802;3805;5865;3859;5411;5576;5026;5023;4739;3872;3995;3390;4765;5665;4913;4822;5457;3908;3623;3384;5159;4147;3628;5143;3673;4956;5110;5290;5544;3984;3922;4853;3875;3931;5490;5149;5735;5809;5573;5170;5152;5462;3880;3302;4625;3983;4740;3728
5888;5924;5186;5926;4689;6000;6179;6119;5929;4486;5055;6036;5327;6116;4686;5606;6310;5242;4403;4327;5927;6034;4794;4798;5060;4326;5698;4882;5826;6114
5492;4923;4590;5770;5635;5832;6002;4706;5252;6020;4708;6151;5835;5436;4378;4437;6125;6152;4499;5071;6161;4655;6127
2977;1713;2016;2336;2307;2974;1870;2835;3098;2422;2566;2013;2018;3007;3091;1777;2885;2872;1776;2513;2717;2788;2301;2519;2565;2768;3062
5570;5345;5397;4747;5395;5571;4465;6523;4349;5565;5706;4515;5084;4520;4471;4812;5091;5277;6530;4468;4208;6540;4462;4211;4350;4597;5515;6421;4593
2188;1685;2296;1752;2159;2215;2217;2185;2299;2156;2298;2079;2294;1947;1810
4247;4251;4215
59;37;74;72;91;34
4231;4226
148;404;177;126;369;326;168;172;388;370
23;18;6
6600
2548
5215
4379
878
4825
