1975;2820;2264;6142;2267;3865;5581;6344;5663;5909;1971;6346;5154;3086;3023;1917;2382;4708;2261;3190;2024;5668;3868;3546;5055;2307;6263;2813;5264
6374;5719;6756;2399;2391;5635;2488;3225;3031;6757;5726;1933;4914;1981;1873;5821;4239;3032;4231;3853;4918;2617;2132;2903;3036;2183;4917;6382;2910;2074;3451
6569;1512;6186;3058;2593;3057;4927;2683;6970;933;2516;6735;3202;1757;4321;375;6568;5034;2542;2163;4904;2681;1691;4907;2168;6290;6738;767;1105;671;4326;5040;5377
230;227;292
1056;1058;1391;2868;1059;2701;3485;3342;1227;2869;3582;1534;3584;3490;999;1815;2645
4625;3693;3810;3900;3699;2328;2500;4744;1950;4947;2737;1608;3319;3621;2778;2200;4746;4561;1483;4341;2777;3892
4105;3926;4107;1629;2175;3195;722;1114;1293;3126;4521;3840;4391;2203;3077;535;3930;1704
4168
1850;257;2148;5204;2786;4124;314;6414;6008;3138;2749;5011;4863;2750;357;3238;3595;2677;2104;657;5391;5260;1583;2926;4223;1585;1996;2414;258;1257;6219;5046;894;351;6009;2784;5210;4646;5557;4641
5336;4030;6139;4089;3748;5341;4371;4086;5236;3745;6548;5082;5340;5174;5110;4195;4197;6140
6371;6456;7086
1421;1424;1250;1560;1636
883;634;419;739;911;756;301;640;345;1075
4860
1237;1264;1312;1193
71;75
1287;1094;1286
86
127
