424;533;535
2260;2900;3106;3394;895;864;2039;2434;1418;1736;1754;2141;1956;2550;2511;1066;2015;3099;2576;2205;3433;1110;2187;3235;1893;2281;166;3399;1616;2435;1867;3140;3160;643;2031;1895;2893;1104;2059;1399;1540;1076;1932;2717;3132;3316;1490;2359;1322;3015
4851;5753;5269;3876;4550;5596;3590;4267;5819
4899;5279;3221;4518;7797;4303;2302;5991;7542;2668;5631;3900;5407;1579;2663;10320;3737;5193;810;4972;888;7511;1380;2241;4825;5085;745;1654;3803;5790;638;5272;4892;5986;2310;3323;1087;4519;5614;1635;2695;9248;3327;2745;2662;9350;2108;2250;5713;1440;5714;881;2105;3893;713;1509;1429;8419;2265;2913;1031;2082;10313;249;3898;1577;3776;7509;1005;597;5712;4949;1667;3184;4785
7469;6899;10029;6376;9114;10235;7605;6481;10162;6589;7467;6546;7470;6379;10028;8379;6545;7603;6591
8293;6664;8640;7069;8021;6601;6665
7588;8559;8661;6747;7092;8676;8738;7991;8675;8444;8120;8556;8315;7982;6926
8496;6360;8144;7144;3827;6273;5091;5311;5317;5315;8235;6232;5692;6355;5093;6575;4173;7291;9572;6041;7822;9222;7341;7826;9565;6107;7567;6443;4872;5699;6274
8952;9031;9026;9605;7577;6509;6862;8064;9603;8508;8507;8368;6865;8032;7649
180;149;176
3884;3696;3694;2651;4554;827;3609;3115;4090;1546;1542;3142;2450;3543;4298;3547;3858;1292;974;1458;4252;4558;2618;3512;3787;4551;3697;3205;3480;2652;4213;3047;3577;4293;3918;4408;2853;629;3423;1240;2770;3162
6071
6183;6128
280;606;601;224;480;390;152;602;109;556;551;512;97;273;209;467;255
7306;6809;7305;7307;8766;7302;6120;6121;7037;6808
25;58;56;75;53
6168;6366
9280
7563
10345
