274;1330;804;2015;995;2387;195;145;15;4734;642;4896;1320;4738;4827;481;289;894;4776;4557;1313;2885;1314;3480;71;487;285;271;102;2197;1087;3477
6372;5342;2095;1356;4491;1489;2710;2989;2267;1135;3835;493;5914;3912;3061;1783;3076;3073;716;1622;1077;1587;3914;1490;1013;2094;4482;1018;1043;1042;2360;2098;3832;2702;832;5598;461
2393;3890;4614;4461;3977;4616;4681;2625;5158;2466;3740;5251;2761;4955;5157;3251;3138;2288;4615;5252
3278;6246;5110;2407;2299;5982;4873;5902;5976;2972;3272;4365;5897;6427;3257;2411;2976;2974;6426;6347;4703;3397;6096;4516;4969;6124;4746;3818;3693;3493;6099;4469;5475
1869;1871
2604;3678;958;1640;1447;2820;4386;4163;792;1184;349;954;3466;4314;99;1365;3952;3801;133;3359;841;1393;590;668;3086;843;586;699;797;548;3233;670;3850;3544;1426;3383;2817
4146;6641;5489;6640;3704;5613;4698;2415;3447;4066;5984;3406;5030;3403;3010;3448;3711;6734;3046;2909;2771;3286;3571;5485;6767;3707;2903
181;251;252;53
684;1286;1130;591;338;748;1504;1287;458;1174;460;595;1401;428
4077;3294;3107;3181;3380;4536;5274;2837;3996;3652;4249;5968;6032;2478;5966;4539;3511;3826
1279;676;241;659;418;203;1605;1469;36;1232
1593;1764;2785;1654
29
2045
