4219;7508;7762;7287;7710;7572;5630;5962;5092;7290;4294;6474;5401;5219;6473;3605;3602;5212
2576;4796;5278;3897;4958;3988;3516;3899;3205;3182;4436;4795;3806;4576;2511;3319;3900;4959;2363;2769;3018;4325;5279;2766;2937;2767;3092;4673;2443;3982;5178;2369;3016
1177;6320;6145;2707;403;236;485;233;968;5654;5696;1760;1555;1976;5448;3056;3764;2280;2425;2883;1554;1884;816;5600;1148;5898;2258;4283;3366;815;156;1793;3535;5407;1676;6653;2198;1971;969;159;2060;1496;865;2057;364;2831;3120;3228;2888;2492;2775;964;5294;3855;3861
1095;284;3104;1282;2360;2871;1696;2289;1529;835;2356;1640;4865;4603;453;656;1334;4190;795;524;1371;1915;1375;522;1373;1428;664;2410;4473;2286;4189;668;2584;2851;2267;2669;960;1096;4609;4479;3107
1487;1033;1001;2566;2569;3174;844;327;2345;1224;209;251;677;3049;305;2595;1201;575;601;695;577;2242;2567;118;63;150;540;1512;260;514;716;642;1803;1982;2671;213;2654;740;206;86;881
3625;3398;7278;5319;4304;3307;5464;6962;3495;3557;6967;5501;5572;4053;3558;5668;5008;5315;7235;5823;6366;5583;7334;4236;6946;5495;6942;5854
465;2214;1474;1841;2217;297;501;502;1844;276;1877;632;1601;745;2068;1908;422;721;1105;2040;466;1462;1731;1583;1477
3592;3491;3620
30
6336;5955;4772;5168;6557;4515;6664;6080;5543;6079;3723;6433;3727;3442;6432;5242;5673;3448;5547;3873
3259
200;191;227
3279
57;101;129
2103
2174
