2217;1703;2226;2294;359;1272;904;1232;2175;1113;2364;444;488;868;2368;582;570;543;1238;384;2070;1014;1769;738;736;360;1768;1274;2490;1639;251
1568;1387;2637;3829;668;1591;1610;3646;3047;636;4573;1244;2075;1388;1286;819;813;1597;1787;1137;3767;1099;2372;4325;1785;760;1352
5440;4733;3752;2793;4531;4793;4093;3979;3518;2797;4298;4233;4526;4738;2599;3438;4742
3409;4539;2328;3840;3562;5013;5965;3569;6210;4375;4632;6207;6953;4145;7002;6702;3490;6952;4939;3837;3139;5905;5819;3790;6703
2514;1754;5963;2933;1291;4333;5669;1064;1128;1087;5945;4273;1147;1130;534;2914;3692;1619;1522;3283;5012;4008;3698;1350;2010;1410;5665;1162;934;3089;4931;3284;575;6083;792;2786;3546;598;1725;939;3286;678;828;1027;1146;692
1375;1340;195;1262;183;1425;346;646;1627;249;997;284;200;605;1268;1427
3329;3028;2340;3327;3145;3522;3809;3667;2613;2545;2550;3027;3344;3859
18;12;108;4304;19;4309;36;85;39
2538;6830;3498;6157;2260;2705;5856;2821;6472;6419;6316;5122;3499;6727;6470;5826;6524;4025;6156
41;116;9;3;131;45
4414;4073;4488
3034;2984;3867;5594;2905;3277;3033;3866;3276;2280;3999;4765;5270;4770;4043
6963;6601;6964;6706
4538
2116;1994
6630
1102
