2044;1812;1925;1152;2701;4375;1492;2693;3866;1770;2176;1496;2625;1159;3407;896;2174;3255;4619;2976;2469;4615;2977;2535;2388;1482;2997;2299;3425;2979;1028;4491;4623;2482;815;3433;847;1694;2696;1258;3991;1455;1817;1208;1924
1439;1105;1142;2257;1149;1754;2206;2675;1623;2575;3280;1339;2945
99;237;429;287;357;725;656;620;423;49;528;301;129;405;310;614;378;659;75;240
2812;2166;1617;3588;1422;1857;2163;2167;2003;1615;2662;1620;1136;1612;2282
1601;1443;1680;2903;2683;3912;5154;1968;2617;3911;2446;5162;1738;1358;2126;2684;2449;3087;5012
4703;3358;4699;4530;4526
2058;4768;4765;4217;5614;4767;5366;2781;5593;5040;3105;2366;5616;4950;5371;3112;1729;5303;4855
925;934
3680;716;1166;2641;2309;2523;2337;2711;962;1060;1263;1129;1711;2982;867;3510;3682;3061;712;1508;1901;1165;1604;3533;1038
5816;2494;5729;4989;3477;2184;4101;2161;2156;4991;1478;2313;5731
2644;1661;3616;3096;1850;1086;2718;3794;3009;2753;2954;1718;3615;3623
59;575;632;840;314;62;511;554;673;38;678;668;587;175;361
2983
5407;5412
1380;1381
4710;4087
0
1119;1078
1017
19
703
