2750;1074;4003;2948;5095;326;1292;892;2707;2581;3159;2395;3977;412;2749;3975;325;4995;3221;1316;5514;2466;1582;2912;1916;1033;4780;1078;653;3262;4670;2550;2702;4667;2025;2400;3815;2917
9042;6954;5230;4324;8718;8687;6753;2269;4144;6302;8858;5435;3543;3574;7691;2678;3637;2955;6951;6752;2954;7146;4107;4290;8161;2718;5434;5361;3868;4530;7767;4680;3502;5623;2103;4456;4508;8155;4282;4283;3452;4453;2426;8361;3006;4036;4681;8437;7094;8785;7694
8750;8916;6533;9166;6209;9019;8921;6896;6127;8547;8747;8287;8755;5737;8749;7403;7887;9143
5127;7508;7572;6726;4194;7242;3688;7505;3254;3286;7323;7862;4476;5070;7366;4580;7657;3732;7453;7449;7995
7144;5424;5426;7136
6755;3179;2822;4904;5134;4911;2645;6760;6816;2203;5502;5080;4622;5326;3987;6933;5873;3563;2890;6401;2794;3565;6758;6823
2239;1950;2163;2148;1947;2233;1932;1786;2356
3394;4571;4618;4049;3593;3679;3317;3272;3275;3313;3599
2338;2637;2847
197;1552;245;1558;852;1856;1554;877;449;1753;803;1363;504;1128;1440
2737;701;1721;2213;2738;3743;523;3698;4301;462;4350;5048;5613;1617;5607;4552;1507;1996;1993;2526;3183;1863;1616;641;2971;1929;1727;4342;1924;921;2212;1506;705;344;379;1154;646;5538
6236;2786;6783;4157;3076;3080;6695;7795;4461;5950;5800;4851;6548;7288;7636;6377;4848;6965;6650;7601;2384;6778;6969;3667;7637;6599;4842;6507;6652;3074;6777;5238
6340;6341;6169;5989;5993;6074
1770
262;301;287
1532;726;1517;542;1375;515;693;369;1187;1443;454;520;519;487
61;70
1697;1700
145;155
5815;5820;5818
6727
