2002;385;3908;839;4460;3787;1936;597;3146;537;2768;4187;488;1148;699;1414;356;3786;4457;3245;4017;2860;807;1164;4019;2171;1067;2511;352;919;773;911;1216;3149;4018;858
5019;2214;2324;5527;5515;5991;5541;5348;3624;5025;3493;5535;2579;5811;3958;5163;3961;3331
5414;5561;2996;4798;3343;2228;5559;2796;5578;4267;5246;4968;5076;4966;3287;2911;3076
2547;2637;3114;2973;3740;4825;6131;2639;3738;6260;6255;5627;2479;3115;2841;3405;2550;5750
2929;2496;2670;2203;2872;6569;2387;2924;3614;3171;6479;2953;2388;5742;2176;2880;3482;3167
16;17
2464
1003;628;660;927;941;543;579;975;1001;753;1582;1533;1133;1446;1135;1102;571;335;881
3039;4255;2941;2371;4976;3395;4977;5585;5715;5591;3273;4711;5438;2426;4632;2826;6148;5861;2467;2527;2717;5724;5440;4179
112;1706;196;474;1323;1236;440;376;1920;1488;495;715;1083;235;1356;1284;1652;287;1399;1658;327;472;1267;665;115;712;1370;1352
4312;3210;2920;3391;4059;3156;1856;2201;2483;4061;4309;2262;2058;2921;2655;4213
6433;5460;6442
1778;1772;1633
2026;2025;2024;2120
3457;2850;2898;3455;3130;3372
277;265;96;134;203;135;229;28
1725
1753
83;60;42;85
4055
5755
357
