372;919;583;702;408;641;705;972;872;72;380;283;707;181;235;975;971;862;841;125
6570;6436;6450;5561;6249;3928;4957;4298;6444;6565;4147;5557;5768;4754;6724;5392;5460;6251;4143;4958;4294;5552;6566;4262;6302;5560
2907;5213;2314;3901;3614;4625;3766;2262;1686;1863;1794;4780;3683;3355;2096;3288;2921;4728;2629;2112;1865;2426;2929;3384;4785;2775;3469;1721;2037;4855;5219;1869;2094;3139;2630;3898;2926;3385;3430;3353;4787;4724;1862;4727;4786;2995;3508;4507;2428;4285;3134;3389;4320;1797;2368;5283;2600;3465;3360;2712;2115;1416;4505;4623;3427;1567;1722;3871;3620;2626;2622;3203;2097;3895;2755;4586;4729;2736;2809;3870;2902
3087;991;1872;2573;2826;908;2275;2944;759;3322;904;2858;3025;3060;2335;3059;2688;1635;1532;1485;454;2851;2156;1878;2102;2889;1631;2077;532;794;613;3221;768;3085;1632;758;723;787;2218;2478;3326;604;1587;834;3226;3145;2749;800;1266;504;663;2744;2432;838;1948;527;2396;727;2945;1262
5547;1185;3520;5924;1977;5738;4327;2165;3163;2130;6111;4879;3905;4951;1189;2161;4411;5361;6283;2169;2206;2041;5360;2565;4945;1422;5078;4876;5840;5639;1308;4437;3249;3304;2208;5261;5081;3698;2936;3297;4408;3041;2047;2129;3625;5536;5353;2387;5368;1978;1183;6003;4438;5803;4407;5836;4195;5621;3161;3362;5638;2961;2124;4435;2607;5548;6287;2292;1365;2123
5169;5598;5976;6101;5790;5716;6062;5973;5720;3788;5595;5981;4663;3992;4343;5893;6096;4910;6063;4908;5872;4666;5718;3710;5234;4276
363;310;302;470;396;61;327;102;326;203;104;253;59;141;429;201;306;58;180;356
3890;3643;3967;3646;1776;3664;3712;3809;3742;1775;3651;3667;3601;3968;3965;3721;1747;3501
6859;5746;5850;5644;4837;6431;6639;6296;4179;4576;4912;6424;6616;6546;4672;4973;6835;6488;6536;6533;6537;6833;5646;4242;6041;6361;5959;4572;6300;4533;6598;4680;4377;4181;6534;6601;5742;5373;4541
1296;1056;1355;1357;1059;1352
821;436;858;591;932;888;1078;1141;690;749;444;967;515;981;564;519;687;933;1516;689;1148;743
347;132;348;294;88;300;291;133;299;136;37;38
1095;1096
271;227
6024
3576;3489;3639
29;30;160
3546;3545;3404;3587
6487
15
