5154;6743;4908;4536;6049;3705;3861;6796;4274;4906;5267;3735;5765;5772;5631;4273;5764;5153;6555;5682;4097;6953;5415;5421;6871;5416;7034;5361;5115;7031;6561;6798;4276;5269;6457;5766;4463;4903
2893;5809;4521;5807;1399;6782;6200;5483;6244;2898;1391;2867;5309;1975;1495;6325;382;1443;3222;1492;4874;6712;6897;6197;5712;5653;2503;3103;3061;6431;2240;3959;6142;2231;3627;552;6309;5738;732;3016;2821;2828;3656;2091;1236;5706;1234;5489;3623;5577;3714;1285;1167;3755;6824;3654;1182;1035;3250;2096;1625;3661;5580;2987;6428;6374;5306;2986;4513;4446;5181;2508;5661;1163;1595;2823;2509;3015;5302;3454;858;1626;6198;3835;1679;1282;6427;3519;3224;3228;1284;5708;616;851;491;6252;340;2542;3452;3838;1353;5226;1037;6379;1232
606;1659;8181;7515;922;1838;751;7119;3880;5722;7041;3218;3075;273;416;550;1761;3316;205;1295;7798;1296;7732;4033;4237;1065;1338;1473;3919;364;8179;5825;1293;7928;5592;2970;1569;3317;5613;7674;8023;6842;8291;1768;6064;7926;6069;7727;3215;6835;6785;1479;3591;3465;1017;1898;7594;6904;6267;7734;2334;4807;8156;3766;2511;2991;3435;8024;7657;8086;7796;7782;8219;5830;3288;545;6143;6433;7729;6790;1684;5591;3785;3534;3318;7797;8157;3213;2790;3171;608;473;7443;6066;5196;1530;327;475;7666;7039;3173
8456;9168;6221;9275;6219;7510;7706;8459;9105;5974;6958;6636;7853;7506;9099;6061;7924;8748;8888;7709;8414;6772;6214;8410;6767;7921;7998;8995;6360;9173;6218;6062;7845;7848;7854;8462;7231;8578;7432;6055;9285;7923;5975
7715;7106;5986;6571;8205;7108;7769;8271;8275;7654;6153;6563
3332;2036;3527;4120;4483;3430;1207;4435;987;1887;765;764;4115;446;4562;442;2710;4071;1938;4606;4687;3207;3422;4210;2327;1158;4842;2775;4600;2035;4675;516;4680;4440;1435;2031;445;4489;1279;4316;4068;4312;2408;4222;1155;3672;632;1889;2403;3951;3209;4113;3679;4663;3947;3603;2709;4283;1581;1882;4858;1488;4168;1206;4859;3232;727;3898;4434
1375;253;3292;298;507;2000;595;1379;2046;407;2675;3087;2632;653;800;1575;1943;564;2114;941;299;2815;1944;3294;901;793;3135;1252;3266;2750;2711;128;1945;2049;1104;3376;1139;2813;2575;570;2857;2578;834;2927;3033;1504;293;3081;2634;1544;2417;3356;1371;3360;597;1258;838;1708;3396;3262
3850;5565;6075;6533;5566;7097;7014;6876;4650;4458;6282;6073;4199;6534;4724;6542;5570;5257;3560;4901;3848;6879;4193;4267;7095;3726;4266
1607;2194;1779;790;2688;2195;311;216;1865;1318;1869;2175;2178;1100;1608;2192;1042;1538;2428;898;701;893;217;704;1363;2527;455;150;1192;522;2197;283;2071;2524;2650;2422;2074;1774;1605;827;314;622;1049;1717
248;113;190;189;246;249;242
5431;6101;5511;6550;7074;5364;6991;6852;5966;7553;7125;6923;6928;7252;7365;7292;6924;4992;5839;7403;5834;6984;4159;7448;4476;7451;4479;7067;7052;5318;5545;4830;7245;5755;7050;5753;6448;7568;7281;5073;7130;7571;6921;7504;7540;5076
3408;5341;4703;3831;2449;2596;666;5096;3478;3385;806;580;1731;2559;2164;2769;574;670;4085;1174;1554;1734;2902;1740;2317;2770;3306;3182;578;1555;5387;1876;3780;2831;3100;4524;2169;3449;2399;5385;5651;1646;4798;2591;920;1557;1120;3866;1005;3409;1692;5236;2628;2654;1469;3473;5057;5390;2875;2835;3181;2798;3405;3776;2955;713;1327;4886;4797;5389;3903;842;3092;1760;3442;4709;2450;5186;266;3301;1694;5094;1693;573;1008;3098;2840;2763;3577;1113;2318;5335;2393;2738;5052;3143;4530
8132;8423;7576;9340;9032;8604;9131;7331;8474;8661;8070;9136;8309;9339;9243;9031;8134;8467;7583;8603;7333
3988;3984;3889;3986
53;77;71
3599;3569;3565;3501;3566
7832;7083;6336;4106;6856;5380;7077;6030;4046;7913;7825;5082;7994;7005;6338;8304;8303;5166;4918;7080;4102;5467;4105;6032;8255;5379;5167;8248
1216
7024
8446
5;16;23
85;43
7357
5108
1140
