1311;1603;1936;1962;1892;1510;1749;1454;1899;2286;2404;1453;1612;1872;2793;2090;1988
4662;2815;429;1599;509;2267;2158;1463;3205;1487;4147;2980;826;5404;5307;1465;7471;4767;4145;5405;3187;4710;2621;970;1732;4558;1046;6698;2300;965;3481;5136;2065;7109;1388;2813;5788;4989;1340;6588;4846;1209;3485;6659;6585
6527;6773;7359;6628;7289;7285
2982;2322;2933;2110;2711;2105;2274;2566;2837;2932;2836;2753;2567;2178
1165;1069;2317;1567;1979;3398;3469;2032;2919;1821;1541;3526;1889;2315;2031;3284;1437;1167
4772;4067;4948;3882;6835;6641;5238;6415;4607;4725;6604;4064;5862;4633;4276;6075;5805;6538;6578;3801;4730
14
6033;6007;6003
4018;3649;1074;3648;3902;1187
6789;6788;6826
4649;4865;6053;5695;4862;5211;3677;4963;4498;6221;6154;5487;4868;3680;6296;4810;6057;6216;4311
3292;4388;4384;3136;4198;4187;3170;3950;3138;3435;3247;3066;4395;2947;3436;4383;4398;4201;3109;4382;3510;2942
5527;5300;5401;5616;3899;5394;5292;5368;4022;5149;4837;4902;5359;4683;5269;5246;5371
544;670;700;719;669;768
468;465;124;341
6155
159
395;340;400
3745;3751
1102
249;193
