2939;3402;3212;2524;4174;4981;5721;2290;3219;6427;4173;4711;4978;2371;5433;2529;4982;5424;2282;5425;2423;2571;2617;2620;3175;6428;2827;6002;2428;6542;4710;4979;3181;2289;2184;2364;2672
1042;1702;1405;1570;1238;195;2043;378;162;1985;1233;234;1073;1193;1397;343;1655;282;1232;149;251;1354;1078;1088;841;1082;1625;668;373;1661;440;1571;1830;218;876;231;1048;985;438;822;492;321;199;194;1071;665;880;1364
1497;1335;362;567;1106;1535;753;574;369;334;337;910;548;927;363;1450;606;1340;786;929;907;687;1102;624;1107;622;1127;975;1007;528;883;1297;465;420;396;415;1183;1122;784;930;417;675;869;603;676;888;909;549;444;1121
2389;2177;3052;4331;5103;2497;5742;2662;6216;6475;4992;4985;2391;4332;2276;2960;3027;3061;6213;3101;3448;2493;2520;3452;3023;2501;4539;2500;2953;5622;6568;4638;3268;2277
5536;2103;3744;2072;2576;2324;5017;2622;3847;5347;2159;5531;5513;5354;5687;2724;5358;3752;2161;2105;2220;3958;2535;2218;5529;5684;5983;5177;3626;5172;2080;3748
2867;2238;4303;4160;1945;3698;3210;3017;4216;2607;3254;3390;2818;3161;4217;2870;1860;4219;2125;2126;2054;1859;2055
352;4369;4190;2419;791;1463;1612;1021;650;4436;2259;2170;1851;3581;839;4499;2857;966;3006;1620;3666;4002;1747;955;1372;4439;3471;778;4368;2354;1141;1051;3573;647;2319;2503;2005;1100;2454;4014;2766;3787;4007;2765;4591;533;3905;4101;4111;3576;1092;4110;1163;1208;4098;4459;1431;3524;854;1142;4186;4590;1243;4445;4004;1304;551;809;1059;3657;2860;1419;3084;4846;816;481;3677;355;4752;644;4097;4022;643;518;3250;1250;1209;1203;808;3997;4442;4285;2260;855;1028;2764;1842;4749;859;895;2007;1207;935
3484;2839;2948;5744;3736;5649;4342;2472;5758;2980;6602;3489;2951;6624;2840;2785;5000;6090;2740;3567;4650;2547;4718;5974;2690;5757;2784;2832;3409;3487;4400;2335;3113;6503;5746;5743;5487;3741
2761;3838;2590;4172;2408;3133;4618;5086;2794;4937;2553;4802;2994;4163;5420;3075;4969;2309;4799;3284;4527;2552;3610;2800;2305;2708;3418;3833;2997;4532;4170;3605;2996;3344;2346;2795;3346;5580;3722;5573;5837;2711;5395;5092;4965;4800;2799;4805
2294;2897;2901;2301;3201;3192;2843;3199;3362;2990;3197;2698;3460;2700;3233;2849
1869;2012;1866;2021;1871
277;316;27;29;99;23;227;206;319;180;204;188
1726;1678
6438;5300
3864
46;50;58
2464
2249
9
3385
1754
1776
