1387;1456;1108;1228;1276;1167;1226;1279;958;956;1205
1786;814;133;1076;411;1071;796;297;905;98;1349;83;477;161;74;539;788;815;1929;1292;633;374
3061;5806;2170;7185;2657;1469;4109;5723;6931;6542;5189;5947;5454;2900;4587;6338;1832;4588;1194;5953;6928;3056;7078;7084;4949;2165;4873;5465;1337;3225;2895;6747;4400;6114;2010;6752;4025;6435;3229;4389;3134;1840;3133;3964;6990;6176;4392;1465;5139
4497;7097;5906;2550;4630;7573;6814;4501;4626;7004;7308;2299;7208;4436;2787;2128;2122;7013;5270;6287;4272;2225;3288;2978;7397;2981;3780;2454;6293;2399;7108;4274;5909;4279;3729;4829;4150;6696;1866;2295;4144;3913;4623;5858;2392;2420;3168
2846;4651;5098;4204;3339;4128;6677;4127;3572;5261;3624;5571;6247;4366;2989;3551;6479;3760;4062;4357;6210;2470;3581;6379;3858;5428;5756;1885;6450;5757;4250;2468;6365;1643;6374;5873;4032;6688;1439;1905;4358;6382;6062;4354;3783;6795
581;431;896;648;728;122;394;189;1047;367;278;259;369;750;1259;861;895
1369
6300;5165;4657;3435;6089;6301;5119;6417;5532;4001;5122;5677;2065;4044;6295;4777;5021;3432;2687;3930;5531
6502;6899;5447;5930;5449;6169
1305;1307;1309
2956;1698;4256;3655;5031;4253;3657;3153;5129;2531;3652;4923;3025;4255
3090;2204;2121;3084;4174;5916;6160;3665;4710;2290;4911;4767;4562;4338;4997
19;21
1712;3889;4806;3771;2696;1802;3179;4402;4892;5329;3500;4409;1718
887
1709;1706
1118
143;1026;282;511;59;488;174;857
2166
6956
4717
1488
1501
4262
