2451;2498;2354;2537
1541;1124;1327;1191;1368;1388;1366;1805;1519;1042;1869;1639;1364;207;182;287;552;1756;1382;928;1362;555;260;1518
3863;4075;2741;5480;3824;6911;6341;6792;4231;3831;4079;4790;6785;6161;2700;6667;5622;2863;6816;3384;6743;4447;6784;6234;6096
3288;1794;606;2216;3524;1333;2514;213;3224;4597;5647;217;294;610;1492;498;3189;1800;1667;3148;3883;5646;5393;1239;3523;350;5127;4590;1004;1105;1276;5775;3573;168;5132;6008;692;4178
4797;2936;3153;3118;3113;3544;3412;3604;3675;4240;2767;3505;4671;3057;4236;4550;4238;3966
2823;6600;3306;3599;6979;3339;6452;4426;5856;3645;6982;6586;3045;5983;4430;4055;6585;3332;4196
5943;6119;5454;1174;6073;1830;6130;6384;6364;835;6306;5749;360;6550;6145;3835;1732;2581;6126;1115;4191;1964;2022;3757;837;5047;6195;7067;6152;6204;1936;1113;507;7003;832;966;6203;226;2426;6842;397;6087;6365;2821;838;6302;860;1642;748;1406;3798;4890;6132;477;6371;228
1084;806;266;1718;1085;2367;3097;3701;3488;2803;2087;1910;2421;3014;2103;3582;844;2810;177;2089;1419;2321;3298;2147;650;1420;4113
62;104;82;90;37;107
4873;5830;2716;3375;2854;3559;3919;5919;5449;3855;2861;5030;4612;3616;3518;2391;5159;5802;3813;6051;2267;5702;3380;3521;5873;5891;3915;2662;5890;3471;5700;5311
5065;4442;4623;4778;5217
4767;4641
536;1769;310;1097;1292;1921;738;71;1183;758;2466;13;484;1456;1926;1723;118;1032;735;2177
2607;2061;2609;2606
1914
7186
2643
3988
