3626;3567;3293;3231;3294;3223;3728;3699;3066;3161
5091;5269;5589;5333;5635;5326;5447;5194;5249;5490;6430;5683;5011;5639;5089;5486;5892;5675;5286;5291;5640
2461;2507;955;1203;416;1151;802;485;903;1045;2205;2373;272;1746;413;1560;586;1144;518;554;105;904;907;1559;597;103;343;619;296;1300;2525;618;1751;1403;2441;315;584;2460;809;2298;2529;299;2194;2372;169;2439;2506;2296;1405;905
4205;6333;6064;3799;6208;6784;5296;6494;6759;5871;3711;6780;4211;6762;6722;6152;4983;5874;6783;4202;3707;6772;4045;6352;3801;3754;4443;4112;5881;5767;5957;6769;3646;6758;5151;5970;5084;6756;4540;6779;5973;3708;6613
1332;4038;2686;2960;3122;2599;1261;4109;1609;1933;2754;1603;2761;1547;4424;4103;3742;2486;3255;2174;1611;1737;4102;2752;2179;1258;1195;2172;3749;2600;1255;1939;3074;1610;1549;2272;3129;1821;1608
1648;1108;5124;3816;1645;2615;2020;5928;454;5166;3308;251;475;3910;2932;4014;5051;2317;2938;1111;5839;797;1010;980;709;378;2787;3121;5210;708;3177;358;479;404;927;4915;1031;253;2940;604;456;5843;2709;5046;5743;258;1079;501;374;2247;353;1769;5054;5561;2650;5740;5689;1081;3814;3385;5159;3310;2545;2648;5212;5122;5345;257;2785;1113;5732;510;5779;5783;4016;5232;5230;5471;4987
1;45;14;19;88;72;79;68;62
6547;5284;5176;6551;3823;3931;6550;5039;3145;4099;1959;5244;5058;5847;5674;5044;4324;5283;6596;4323;3925;3003;3273;5255;5355;2149;1955;1661;4997;6478;5311;5615;4328;1430;3149;5308;1655;5848;5364;4097;1422;3335;2142;5764;1309;4183;1779;3097;6479
3995;3954;3993;4603;3998
4815;4564;2833;3270;2169;1599;1809;1490;3847;1535;4497;4903;4724;1684;4732;3268;1540;1598;2749;2947;1682;4569;4709;2328;4898;2165;3807;2943;4010;1729;1883;3263;2054;1726;3026;4566;4146
3681;3138;3040;2418;1716;3135;2737;3238;3033;4858;3522;3921;4322;1721;1917;2049;3914;1676;3038;2962
361;1026;964;1123;781;577;541;1061;535;1023;787;433;543;449;899;1125;546;336
2915;2828;2563;3047;2827;3320;1522;1360;3087;1527;1359;2913;1577;2912;2034;2631;2918;3314;1902;1870;1315;2920;1321;2252;3085;2921;3762
1217;1328;1370;1331
3207;2910;3464;1966;1783;2157;1512;2907;3205;1853;1562;1856;3000;1563;2654;2156;2556
4421;2800
213;217;126;136;159
1927
6275;6418;6676;6656
5172
1278
