3791;2598;2274;1997;2040;2427;4492;4155;4068;2737;2740;2123
1481;2168;1619;1502;1115;1976;2496;1553;2198;1507;1853;2329;2081
1011;1033;1378
500;612;638
3203;2365;2182;1779;1935;1627;2308;2918;3450;3205;1831;3749;3744;1718;1932
3927;2731;2657;2728;2475;2588;1020;1915;2659;3629;1080;2083
657;1723;1782;1531;1155;534;1729;568;653;735;1728;1791;604
2581;2351;3182;3742;4267;4270;1767;4104;1654;2159;3515;2067;1563;3728;3798;1971
1843;2229;1761;2282;2553;1844;555;1649;749;1487;2516;599;2846;2867;674;1175;1454;2399;2061;1277
3173;713;908;2648;2647;694;3573;3009;3007;3175;2643;1271;1108;2406
26;24
171;447;347;459;185;384;189;386;181;451;374;191;147;353;332;240;271;66
504;703;731;837
1188;1250;1187;1247;1243
124
467;464
4718
4197
3523
