2930;417;450;9047;6507;8363;4553;7284;4260;8761;8881;7895;1901;2924;9150;8533;3716;7331;9143;6871;9342;9348;8401;1966;524;6880;961;9350;349;5864;5567;8879;5054;9860;9330;8873;3992;9455;8538;648;3137;8636;8534;5951;8375;8682;5270;1060;5661;9042
3859;5155;7545;8431;2057;6761;4626;3671;7670;5731;5967;6554;3384;3386;4125;1293;558;2935;4536;2660;7005;1521;3207;3205;8040;2784;3673;5839;5969;7546;7241;3860;7924;3456;3455;3143;3945;7956;1807;4572;5316;5836;7279;7247;7495;7607;2690;317;8519;4323;5965;7541;6140;3950;2144;4405;3946;1543;1048;8517;1294;5215;3314;7497;3144;705;7001;743;2145;5688;4287;1042;7003;7131;4533;6551
3925;1889;8617;6663;6530;3274;2183;8292;6524;6086;11401;4503;2581;4352;2361;2272;2876;5250;6983;10436;3658;6090;3656;3484;7878;6141;3924;11503;11565;7972;10104;11132;5597;2237;11395;7042;6360;2189;8613;7540;6293;11511;5377;6149;11090;6529;4430;10523;10529;11601;3990;9015;4972;7576;11451;11546
3626;4265;6411;5006;2151;194;8624;6495;9742;196;10880;4064;7026;7195;5350;6867;4336;236;5063;5784;112;3257;1723;1303;5007;2981;6868;2832;5120;2257;1768;2253;4392;3080;3395;3817;5871;1241;7426;4832;6155;4465;6498;8307;7233;6129;382;1858;3738;503;10195;2987;6160;1761;3421;5201;8012;5912;1857;5426;2985;7681;4226;10711;4266;1061;4766;3322;8625;3878;5827;10715;504;4961;3698;2191;10717;3071;119;3819;3570;10901;127;5913;726;9523;5345;10731
8642;8922;8973;8650
174;252;228
11621;11519;11614
698;640;23;46;489;693;483;360;513;517
4657;10038;4515;6105;3972;4788;8741;7527;3918;4081;5943;9035;8459;2454;5415;9837;7461;8254;7554;5381;4366;1927;8093;3890;7529;8611;3539;9312;2312;2227;9627;4696;9532;9629
2110
3353;1623;7995;10417;9663;7778;1621;4236;10678;3240;5446;5394;6244;6827;2043;10784;3936;7017;7564;10788;10831;10674;11034;9431;1438;4676;9308;4291;3122;7019;10830;3285;9665;1021;5019;1696;8052;6250;1981;8672;8466;1503;1784;5011;6429;10468;8053;5519;7081;9778;6888;4240;1751;5800;1120;10485;5895;4680;2428;7865;11030;9871;6347;10797
11526;10988;9726;10320;9496;9782;11434
10186;9960;10099;11139;9100;10620;9684;9415;10102
8999;8658;9109;8657;9299
11923;12016;12185;12014;11727
1033;1034;1220
167;150;190;9185;144;9279;148
807;949;1158;810;1273
872;849;1318
8588
124
