1947;1453;1461;2239;885;2020;1735;1944;1452;2292;1492;1301;2240;1298;1295;1500;1255;1655;1499;2237;2145;1942;1739
505;2655;4614;4743;1841;1627;3636;3640;1690;2208;1191;3792;480;4358;1304;3574;653;478;3962;1956;3063;3580;1625;4154;2564;3727;1688;1961;3456;2505;661;2032;2910;777;1270;3725;4685;2037;3641;1691;4157;4526;4618;4193;3335
2381;2326;969;1774;3014;1755;3755;2372;2427;2119;964;2599;3196;3562;3084;1760;2791;990;2500;1852;1756;1966;3810;1100;1812;2114;2844;3761;1064;1287;1925;2249;2246;1814;1970;3802;873;1380;2329;1797;1068;1225;1377;2245;2670;1964;471;1150;3031;2829;2594;3753;2728;2247;3492;3029;1646;863;1230;3701;2344;1776;872;2726;1379;2823;3558;1884;3774;1245
5019;5149;5168;4932
1390
3004;2358;743;2024;2514;1154;2042;1705;2605;2522;3515;3009;4141;4171;1438;4269;1434;1194;2027;2517;2700;3744;1072;3293;1605;4266;2525;1981;994;4138;2227;2751;3470;2134;2684;4225;1977;1540;3736;944;919;2352;3299;1696;4164;2513;4231;3473;1536;2693;2682;4139;2051;4208;1730;2687;4217;2138;2188;1804;3516;4163;1809;1418;2139;3481;1639;3466;1488;3750;1315;1312;2228;1444;3517;3471;4008
3960;4838;4852;4847;4385;3163;4061;4186;4805;3959;3377;4736;2720;2362;3407;4840;2984;3958;4851;3546;2370;3266;2718;4340;4117;3877
179;213;167;324;271;286;75;365;12;307;188;268;99;218;203;164;111;28;78;367;293;136;238;183;309;31;236;319;116;239;378;206;175;304
2177;2391;2058;2386;1082;1085;2258;1845;2252;1851;1904;1045;1168;2382;1511;1910;794;2439;1207;1908;727;1088;1462;632;1204;1006
4042;4276;4150;4585;3657;3365;3326;4589;4328;2884;4588;3654;3538;4894;3257;3252;3255;3367;3322;2544;2408;4102;3602;5092;3259;5088;4658;4109;2475;2642;4274;3154
671;2919;788;547;668;513;667;786;821
608;554
2881;2765;2876;3137;2813;2704;2820;2877;2816
84;86;3
107;101
3596;4417;3945;4419;4482;3235;4101;3593
403;433;435
0
600;599
392
487
2758;3095
499
