977;947;603;1225;1185;1183;1460;2017;346;1973;2033;630
1052;741;589;692;1107;1201;813;1053;546;1284;1174;94;699;153;158;385;643;697;1180;1351;95;160;1060;386
222;2199;1078;1082;539;555;1244;2071;2114;2076;879;2239;2070;435;1088;956;1079;409;2519;847;309;2510;1723;2008;1520;1350;1625
1331;116;1311;2205;2934;4188;1269;1637;3346;3796;4189;2911;1299;89;822;1988;111;1297;784;4391;4293;3280;2209;103;86;1092;411;443;448;4311;1911;3501;752;441
4247;4015;3228;3409;3405;4567;2657;5270;5949;3229;5406;3258;3199;4738;5251;5246;6068;3586;3200;5593;5273;3757;5000;2927;4993;4457;4019;5118;5019;4817;4292
5986;4376;3690;3531;4259;5625;5739;1897;3543;6075;2798;2306;4379;5630;3889;5029;3887;4575;3686;3078;2799;4514;3132;2096;1961
2055;3784
3575;3520;3446;3097;2942;3516;3646;3676;3699;2998;3330;2787
1438;1431
2287;4099;3088;5079;2988;3570;5208;3751;4962;4803;3121;4210;3749;4444;4450;4945;3390;3898;3090;4558;2478
1293
6041;4542;3778;4935;6355;5778;3929;3882;6277;3720;6438;3774;6276
3918;4422;3767;4853;5770;5899;4132;5762;4525;5190;6284;6184;5900;4855;4164;6185;4124;5755;3963;4860;4170;5643;4358
5665
581
70
5179;4929;4344;3835;3991;4156
5654;5790;5662;6053;5659
2136;2412;2263;2421;2301
2292
6057
