7711;2895;2683;2893;8481;6846;5741;3230;5841;5839;6687;7709;6043;2686;3223;2872;6922;5933;5742;7043;8478;2473;2896;6691
5560;4624;7471;6350;6230;6157;5022;4156;5586;6597;3538;7470;5085;5480;5557;7139;3698;4152;4583;5631;5029;6602;7868;3977;4692;7226;5478;6601;3647;7595
5808;6460;4374;3527;5551;7112;5810;4848;6019;6343;7407;5621;5622;6022;3874;6751;4377;6016;7307;3815
4613;4767;5960;8284;7855;7031;5827;8140;4166;7189;7378;6236;8283;6243;7761;8249;8125;9048;6260;7279;4312;7076;5831
3057;1429;1187;3025;2166;1430;1229;548;641;2774;3292;1186;1833;992;1246;2561;2597;1801;593;945;623;1399;2722;1489;1573;612;613;2595;1806
37;19;20
505;177;479;227;172;173;221;314
3033;1067;1794;4089;2336;1435;3348;696;927;2417;3384;1371;1611;1499;684;2196;1357;1346;2642;1122;1615;3867;1512;2782;1504;1938;1824;3333;3864;1901;540;3347;766;1878;3516;825;926;1436;4357;607;1061;3245;3338;2850;1276;4371;2669;3035;1100;1694;2707;4356;1771;2557;4279;743;3392;2524;574;3031;906;1307;2994;2052;718;2127;1518;3246;2579;2191;2523;687;711;3284;859;1493;2553;1883;3456;3066;1007;1040;1144
6890;8518;8859;7838;9179;9149
518;439;723;213
6287;6757
5322
8203;5656;8804;8197;6492;8085;7715;5570;7720;9130;8089
3793
4310;3887;4912;4639;5261;5140;5529;5527;5207;5524;4951
4077;7324;4451;6112;5280;4995;6808;5461;4519;4443;6580;6106;4797;6109;7220;4041;6007;6213
144;243;79;146
5897;4885;4249;5110;4023;5114;5901;6100;5996;4959;3934
41;48
5053;4731;4176;4725;5059;4990;4671
254;350
7495;7609
3895
70
3480
6039
5270
