1279;1006;205;1685;848;977;2925;697;884;2785;3181;2074;1205;2923;2375;2714;1744;2676;2811;2170;2079;1003;2720;1244;1440;1033;79;947;1768;2042;2318;2963;2671;849;2941;92;917;1433;2093;2910;737;1746;2750;1987;2814;1982;1579;975;2711;171;1809;677;141;1749;2784;3068;172;2922;100;177;144;680;916;2891;2490;2655;78;2759;76;1550;1730;2964;387;142;2719;782;1385;3069;321;2371;2781;2484;821;174;2948;2078;920;2757;822;2659;1723;605;2460
2436;2872;1455;3003;3936;1372;2851;956;528;1460;3215;3262;2204;2665;4474;2435;2352;4172;3004;2859;2646;4110;4111;3411;4177;2628;651;1312;4866;2409;3929;2206;2880;2410;1127;288;1457;4473;1863;583;763;682;2874;1652;1285;4609;2792;3197;373;2431;290;412;3136;3690;3022;1524;3691;4871;685;4475;1314;1659;1380;2547;1934;4103;2001;1198;1406;1952;3834;4875;2202;2029;1896;960;455;3131;3140;2007;4382;3747;3833;1339;2359;1332;1838;1219;3924;668;1211;993
3378;3381;3275;3374;3373
1904;1907;1784;1880;1588;465;1923;637;1324;315;1067;875;505;1731;1321;2036;1537;2040;1104;1469;292;1778;399;934;342;1534;729;728;1235;1908;1140;1714;1605;2031;1771;2037;1535;1901;599;1030;1642;1563;746;1329;780;244;510;595;2039;776;426;1715;1160;939
175
3231;1942;2467;1499;2611;1357;2430;2252;4999;2522;6319;2831;2494;7027;758;1085;1993;2979;2980;2385;5756;6063;357;1308;2832;2977;2176;2464;984;1303;2197;5808;2613;1398;2257;3369;2881;1707;2631;2251;869;2885;2530;2780;5799;3080;2838;4993;5376;1611;1679;5803;5719;369;1086;442;2466;5404;1304;5474;477;5295;1856;351;1394;2839;5850;2222;2978;2273;2426;6146;865;155;3366;1858;5405;5476;5298;7023;1943;2689;961;6143;2638;1826;896;2985;4114;1800;1827;1706;548;924;3456;6150;5658;2710;2777;1704;2619
4150;6022;7333;5557;6947;5271;5561;5431;5364;7416;5555;7208;5856;7233;5574;3350;6732;5684;5454;4142;6831;3980;5463;6970;4049;7202;6184;5361;4540;4042;7173;5787;5511;6024;6185;3567;3979;7209;3400;5496;5509;5011;3307;5685;4307;6279;4657;7273;3503;3495;4143;6380;5438;4924;4426;7172;7235;5668;3553;4925;5688;6372;5370;4529;5736
7706;7783;7790;7782;7503;7578;7573
2336;2332;2105
5239;6088;7390;6384;6387;4502;7454;5513;7456;3550;5776;6594;5607;6199;6006;5098;4213;6595;4215;5625;7387;4640;5514;6085;6601;7345;5421;4217;5629
5902;4775;6431;6668;6663;7037;6240;6559;6662;6669;3876;5106;6235;6333;3447;5547;5542;6432;6351;5871;6076;6665;6346;7040;3450;6350;3444;4772;5102;3478;4520;6572;3872;3725;6770;6081;5704;5865
2608;2305;3573;2721;4073;2329;4672;3518;4335;3189;5230;2933;4347;4802;2809;3186;5042;4079;5276;3356;2761;3361;4563;4682;3581;3011;3894;2994;3911;4330;3128;2302;2729;4808;3244;2535;4955;2473;4436;3098;4440;3520;4564
3339
126;57;107;56
1311
3298
2167
11;29
3252;3261
3485;3483
2218
193;165
7418
3426
