2576;2688;2544;2156;766;575;2214;2881;603;2333;612;502;2154;3084;1988;2058;3054;1587;2077;2331;2157;2072;526;2747;1877;1943;2547;2336
3553;3689;2922;3289;2926;4848;3237;2779;1617;2225;3231;1619;5409;5283;4784;4722;3136;2739;1615;2039;4018;3503;4282;5215;1922;3615;1561;4586;3763;4222;3690;2097;1411;2422;1616;3896;3283
5239;4051;4968;4351;3937;3996;5241;4155;5169;3995;4279;4281;3709
1098
3947;1710;3592;3804;3601;3747;3649;3950;3944;3746
491;742;944;988;802;935;809
3589;3402;3404
3637;3485
5850;6618;5748;4572;4919;6488;4179;4691;6040;4690;4680;6490;4180;5958;4248;4172;5376;4088;4461;4592;4673;6544
1033;1087;1053;1360;1176
5944;3048;4873;5829;2812;5634;3292;1839;1368;6103;6286;4522;2207;5535;3396;4818;2989;5831;5116;3568;4163;1185;1975;4064;5532;4066
370;94;395;206;201;270;69
4897;4147;6518;5762;4447;4960;4292;3926;6506;6311;6512;6316;3922;4754;6729
188;187;972;71;234;711;552;698;320;718;641;183;403;282;914;231;863;956
165;193;388;140;139
3063
334;221;339;275
6552
5783
14
