482;870;2873;6172;6597;675;7475;6920;3142;906;1011;3321;1202;5726;6720;6530;848;3329;4988;3560;5162;2296;2292;1600;3445;3207;1779;1711;829;772;1489;7285;3407;6120;377;371;1626;3143;2977;4986;4150;6781;7290;7477;6595;1578;1487;7482;1658;1441;5311;3993;4845;5630;1622;6719;6524;1444;6913;1599;5275;6698;1019;1469;1520;6770;904;6694;1628;5163;780;4148;3080;3322;532;824;5731;6305;5113;5842;1656;773;6591;3996;924;576;2816;828;826;3377;4888;881;376;7381;1204;506;3444;5302;6469;5787;1732;489;7472;5216;867;821;1462;1777;5212;5170;3725;1386;1449;4766;927;1596;7358;703;1659;580;2418;4763;2159;5274;4771;5403;5934;3148;7289
3165;3274;3312;4312;3254;3295;4583;3105;4316;3947;3434;3271;4245;3011;3161;3315;4237;4317;3839;3162;3439;3061;3299;3174;4320;3065;3241;4400;4250;3167;3298;3834
3042;1830;1721;3390;3047;1144;3084;3043;3386;3290;1122;2032;3383;3526;1440;1977;3381;1569;1766;1065;3412;1975;2036;3527;2827;3621;3289;1730;1541;1695;3345;1980;2312;1321;3283;1643;3529;1728;1279;1951;1341;2426;3309;2039;2319
1009;4157;1235;3810;1189;1224;3911;1184;3812;3821;3806;1182;3923;3910
397;392;42;165;67
343;72;515;347;76;517;23;227;79;224;497;26
1037;716;899;834;370;542;794;667;799;837;719;295;565;986;696;665;693;298;562
4100;6292;6052;4492;4745;5924;4782;6212;5105;5107;6019;5882;5693;6300;4095;3681;5102;4751;5963;3915;4920;5488;4790;5920;5976
2009;1877;1509;1373;1985;1247;1451;2695;2285;1535;2288;1583;1510;2694;2196;2739;2502;2087;1752;1608;2197;1963;2002;2738;2058;1962;1607;2141;2791;1968;2403;2610;1379;1745
5869;5863;6073;4638;6832;3888;6936;4797;6077;5425;5094;4277;6572;5237;5429;6479;4672;4361;4215;4824;5578;4679;6541;6577;4280;5233;5052;6638
7002;6824;6825;7056
3894;4738;5269;4026;5271;4572;5362;5395;3893;5040;4284;4908;5079;5150;4022;4909;4684;3897;5249;4574;4163
152;39;33;151;56
5171
2890;2240;2234;2227;2730;2836;2434;2232;2726;2565;2888;2936;2331;2673;2235;2488;2106;2228;2440;2042;2513;2885;2047;2990;2043;2674;2840;2721;2324;2837
241;249;246;303;306
12
1192;1119;1193;1118
6158
5613;5616;5683;5521;5256;5252
7292
990
2
