8353;7530;6969;8727;8606;8118;7660;8119;8734;8206;6644;6971;8187;7528;7475;8555;8653;7442;8732;8490;8559;8560;6878;8316;7652;6643;6749;8438;6964;8739;7093
10504;10453;10505;10348;10503
2411;2601;4894;241;10322;3808;10318;2219;5894;3084;8128;5713;2568;5192;8878;7701;5715;953;5719;1655;9350;2412;2420;3628;3451;2605;810;3626;2565;7997;9636;4518;3891;6422;2395;1034;3552;10313;2649;4980;5618;439;987;8127;3410;5305;1662;9050;1217;1719;8877;1433;4975;1301;955;3775;2417;3341;5540;435;5897;3454;8215;5834;1915;4119;3553;4369;6390;5615;1375;985;6427;1990;5831;2082;1345;716;3223;2244;1694;4763;886;4767;2140;5989;888;1161;747;2662;5535;9046;5632;592;3483;5620;1170;2217;2475;8422;1310;7267;2607;956;3322;718;5938;4978;4114;4308;1980;1035;1427;986;2641;4606;746;5278;3597;1342;7362;3490;5389;3898;5009;7367;2398;3324;2792;2791;3082;2668;2693;5197;1917;2919;1578;3627;4367;4824;2875;7543;2214;8132;5081
3822;5042;5152;5284;4171;6493;6576;4665;7149;5093;9214;7823;5779;4930;9572;8147;3746;3939;7884;5944;5155;3866;5844;7890;6852;5745;4872;6495;5281;6274;6235;6497;6492;7206;6920;4670;9708;5246;7088;3611;6579;7826;4004;6919;8152;7283;5283;4880;6059;5887;3744;3797;5662;3792;6057;6061;3830;5448;6276;4175;6913;6058;5312;6103;4379;7205;8056;3800;5773;4377;6037;5020;9424;7436;3612;5201;4373;5946;5666;6039;5412;7146;7827;8500;5921;7885;9216;8857;9428;7207;6354;4002;9570
2573;1756;2847;1053;2390;1925;574;1073;1552;1285;1789;2850;1934;1993;1288;3137;838;3450;1104;1322;494;2989;1931;3377;1866;3524;2337;788;1462;1709;162;2981;2845;2355;1672;3232;1108;2715;833;2289;645;1752;2404;3315;2182;1533;1534;3191;2252;1870;3107;2340;2713;2034;1620;2892;1731;1327;2640;898;2285;2848;866;2841;2014;2286
13;12;41;56;63
8030;7213;7152;9467;9148;8509;7028;7728;8031;9029;6509;7574;7644;6611;7731;9151;7726;7729;8508;9149;6694;8793
3385;1263;736;4032;2595;2065;2790;4218;4036;1456;3703;1335;877;2854;1491;1944;2858;2967;4353;977;3148;2292;3698;3882;1797;2068;2165;949;1363;4087;4162;4294;1365;2161;1879;3142;4161;3023;4484;3697;4260;766;2295;3648;880;1799;2818;2617;1183;731;1681;947;768;1597;4454;2655;3430;1741;3855;2492;1801;1845;765;3167;2785;2240;3518;3426;1340;798;1460;3693;3547;4640;4085;1268;3607;1368;4165;948;1370;1146;827;4683;1452;2299;924;4690;2856;3967
136;153;395;601;470;96;110;512;89;156;341;109;93;99;396;609;86;84;463;349;348;479;462;465;258;138;342
3878;5338;4181;3585;4054;5333;5475;4995;3677;5336;4123;4750;5868;4183;5594;4125;5064;5975;3941;3942;4851;3766
8020;6015;7020;7062;8408;6816;6075;6819;6821;6016;6139;8166;7685;8018;6018;8293;6561;8165;6140;8015;8012;7618
7061;10154;7005;6259;7357;7611;7009;7787;8704;6894;6549;6766;6764;6771;6768;9303;6896;7784;7606;8093;6892;10153;7403;6372;9305;7355;10156;8374;7861;6480;6544;6412;10024;6901;6416
6318;6251;6245;6404;6364;6313;6167;6408;6316;6248;6411
8922;7534;8916;9198;6939;7966;6756;6805;9094;7039;6941;8089;6173;7535;6531;8844;8989;6174;6720;7107;7105;7533;6802;9194;8992;8768;7489;8270;7482
532;581;429;424;583
8836;9689;9557;8974;8839
144;179
440
1769
6068
9308
