5806;1177;3879;1950;659;1012;456;4265;1722;1168;1700;4216;1192;4554;585;4266;2864;5335;3420;3833;735;2808;2153;3389;4004;6022;1233;2305;5569;1283;5215;1472;3840;192;2933;2559;4007;1163;6030;5562;876;1174;820;2506;4699;6232;2633;2208;1979;3297;1932;539;622;200
3987;2317;4106;4163;3899;2313
3572;5159;2561;672;4951;4925;1749;3198;5152;4128;2759;860;2772;2041;4386;3253;2832;1609;789;1141;1558;1526;2741;4312;2777;3509;1092;3742;4344;3751;2943;4399;3036;2519;680;2348;1455
5307;5303;6630;6631;5877;4059;6227;4473;5875;5019;5665;6519;6410;5772;6520
1181;1310;566;567;985;1304;995;604;1040;1213;2119;1052;894;565;762;1038;993;602;1662
4883;3935;2546;2821;3600;3162;2371;5094;2431;2663;4359;4101;4144;3936;2549;4749;6065;3266;3695;2667;6714;5097;3345;3597;2234;5089;6715;4358
4460;4339;6201;5756;3393;3681;5291;3498;7006;3586;3926;3587;4024;6727;3922;5765;6195;3656;3461;4233;6093;2730;3654;4341;6876;3247;5651
6930;5298;4849;6854;5655;4291;5862;5656;7111;6662;5661;6859;7193;6667
177;317;30;128;367;50;24;179;221
3703;3664;3785;3852;2986;2783;3669;3789;3786;3157;3062
6997;7309;7173;7174
2530;2351
19
75;520;120
88;90;83
300
2163
258
