664;3592;832;1795;911;959;1081;955;1083;888;2698;550;1292;2701;133;857;4216;2700;2326;768;140;1205;451;2695;5829;2325;2028;1666;937;793;1801;858;666;465;5172;5659;35;5800;460;4515;2207;521;5795;323
5134;3900;2581;2666;3628;3321;5636;5309;5634;5422;4111;5136;3705;3708;5139;3815;3622;2671;5041;2983;2524
1861;1856
4823;4625;2200;4127;4287;2471;2070;4906;4207;4719;5528;2104;1303;1407;4423;5363;3011;5107;4418;3973;5105;1619;2465;1308
1162;445;1093;1094;709;673;1076;805;1186;99;332;221
2724;2889;3957;2891;2726;4145
921;610;790;1147;877;1053;407;875;692;309;1537;1339;901;128;51;1539
2635;2006;3621;2185;1908;5187;4404;4405;3887;2585;2147;3413;2276;2360;2144
4857;4682;6800;7007;5969;6451
4474;4475
5843;4198;5718;5941;6295;2938;2482;3636;2168;3721;5550;6482;5884;3907;5936;5013;2486;2416;4233;4734;2992;2655;2420;4235
1496;1226;1418;1416
3188;3185
1683;1464;1684
5
4687
3197;3109;3611
2178
