5246;2927;3002;5599;5593;3055;7012;5219;2781;5244;5059;7018;5335;2735;5009;4539;4131;2641;4781;1993;4990;6827;4704;2535;2788;5333;3533;4538;4254;4512;3003;3831;6522;5084;3059;7371;3887;8031;3198;3391;5330;6908;7505;7015;5455;4895;5926;5259;6540;6123;5467;2304;2755;4172;5710;3252;5836;5541;2556;6536;2157;3192;5551;5090;4248;4057;5469;5124;8034;3145;2307;7305;4354;5241;6371;4264;2218
2350;2777;2844;2199;2661;1696;2521;1349;993;125;1125;2522;1108;2749;3101;1989;3166;1210;1616;1699;586;257;64;312;2028;1022;2477;1342;3162;1103;1326;1617;1325
429;781;596;950;807;886;1066;748;1074;1053;1151;988;1358;1248;1298;778;1241;1159
3449;3445;6179;3315;2766;4796;3375;2821;3066;4011;6635;3763;1791;5981;6638;3026;5965;4553;6391;2173;2799;4960;2249;4428;2315;6262;4225;5351;6493;2247;2490;2583;5964;5643;2481;6590;5189;6320;5650;4012;2823;2314;4572;5818;6354;5029;3021
150;114
5494;4466;4324;4123;4832;4153;4509;3425;5153;5509;3616;5712;4199;4671;5737;3618;5936;4194;4384;4129;4383;5859;5496;4831;5492;4124;4155;4033
4177
5046;5050;5061;4591;7157;6458;4686;5436;5603;4003;4814;4650;5403;4049;4921;4344;5198;6898;4458
6787;3283;2422;6931;1519;7360;4144;4668;4405;2683;7041;4913;5267;6968;6598;4279;7199;3289;7751;6546;4766;6944;5653;4316;4720;4970;2688;4375;5224;4626;2564;2429;4498;7777;6782;3115;7473;5038;7282;5350;7650;2368;3242;5347;4372;6000
483;527;342;328;465
3746;3934;3304
7;6;13;96
1478;1406;1952
8072;8076
1506;1508
103;167;90;137
3470;3509;3587
1785;1483;1488;2097
216
5559
6717
21
3203
