4872;5270;7242;7422;6156;4566;6339;7350;7294;7252;4926;5365;4190;6157;4456;5866;4182;5728;7343;6340;4922;7304;7490;7377;6672;5689;4880;7156;5269;5798;7489;5870;5601;4373;7534;5704;7345;5146;5466;4702;5384;5729;7053;5368
3374;451;7403;286;3427;2718;2094;6661;5884;7408;1089;819;2419;1727;1114;121;3114;7144;584;921;5166;6187;7044;4815;254;7226;589;7313;797;7204;1141;7504;2354;2712;1058;6184;690;3802;1006;7041;6183;5557;3372;585;3631;3332;7240;5005;7235;7985;978;2517;1150;7048;6104;7983;1726;683;3305;257;2909;402;2095;1912;972;5742;800;5641;1088;2398;2251;1052;7778;5394;2259;1946;906;799;6857;847;1269;7339;1729;843;1147;1009;1809;4948;848;2938;4041;5817;252;7457;4262;5450;7285;212;7651;613;5002;814;5937;3692;815;7311;1723;7212;3742;4043;3335;7274;1730;5400;7656;1240;5350;7841;2579;403;1082;2413;1014;2817;1017;7143;6252;638;7312;7270;2258;5445;255;6667;6053;794;1437;2091;1201;5885
2697;2327;4011;2624;3317;2677;2961;2491;2378;2676;1731;2884;2994;3216;1617;2626;1875;2693;1464;2760;1616;3219;3645;3585;1614;1618;2675;2625;1611;2692;1612;3503;2542;1516;2672;1735;2177;3606;2691
4998;6905;3070;2482;2803;2981;1121;5878;1047;2854;5733;2568;6750;5283;6008;2145;2704;5219;1713;2727;5803;3029;5528;3107;2333;2773;749;3411;788;1687;626;2085;2488;3490;4661;2724;3103;6910;6986;2593;5734;2778;4996;1180;3066;3731;5217;3858;3028;3106;1104;2859;4742;2982;701;2450;896;5805;6541;1827;3270;624;5619;2990;5873;5523;3110;4340;2337;6452;4127;4895;1173;6007;435;2442;2053;644;5810;5438;5694;2772
1140;944;663;941;874;1183;740;728;736;1137;917;1134;828;700;759;965;1034;990;735;823;829;987;695;757
25;78;24;7;18;29;17;72;4;104;109;49;60
6513;5208;5588;4675;6584;6450;6807;4594;5587;4957;6514;6164;6730;6291;6071;6603;5665;6343;6245;5567;5824;4769;5590;5110;4671;4423;6000;5995;5478;6075;6607;6133;6520;6605;6342;6423;4531;6699;5275;6701;5201;5252;6050;6516;6351;6163;6231;6047;6224;6080;5656;4361;6222;6696;5581
1609;1569;1709;1564
4733;4519;4981;4115;4323;4584;4325;4582;4322;4327;4794
1747
3035;2106;1455;3493;1775;2615;2110;1660;3690;1893;3492;1814;3766;1451;3551;3436;3964;3559;1211;3726;3397;1842;1329;3577;3440;1399;2538;1779;2104;3135;1392;2211;2039;1658;1215;2292;1820;1219;1866;1862;1850;1892;1655
363;115;411;98;428;430;549;99;139;418;482;186;542;181;304
2872;3018;2741;2382;2899;4080;1662;2974;2653;4285;3058;1851;2871;1540;3783;3457;2874;3225;2660;1640;3015;3272;3513;3274;1639;2586;2432;2181;3616;1885;2926;3354;3898;2186;3321;2750;1490;3519;3512;3892;2228;3227;3185;1932;2202;1221;2459;1295;2590;1634;2188;3056;1855;1859;1939;1416;2973
2399
333;383
317
2844
1334;1257
505;507
248;246;241
495;556
6479
