4903;2879;1694;2488;5726;9114;449;2871;6919;1093;1242;3266;1244;5418;747;8418;3169;5270;8422;7738;9318;5057;9233;2402;2936;4508;4807;6688;5080;8879;3139;1347;2315;8509;3524;3528;1809;5786;2408;4567;2298;5073;5182;4286;2777;2671;3219;6831;3431;745;4806;2481;949;5656;1952;4003;5497;4257;5782;2368;1953;3389;5306;345;5452;2699;6690;3612;3072;2361;9120;4678;4285;4367;3576;3669;4142;374;5916;2218;4902;1190;2293;5492;4477;2692;2049;1248;6106;9441;2340;4252;530;5071;4365;1746;4503;4254;4145;5304;6684;2020;1839;8058;6822;2215;8507;571;2312;4510;5652;2333;9226;2594;3321;5491;1832;1344;578;2092;1566;2592;3664;8060
1137;1635;1757;6434;420;4219;2074;535;1066;2556;4134;321;6536;4039;5409;4630;2460;4716;4034;5041;921;586;6611;3425;1580;2072;4462;2454;3517;6438;655;330;6604;5536;3516;2110;3715;697;5299;5297;4342;5537;696;3859;4046;1921;5597;6116;1708;3561;809;1276;975;121;461;1003;4971;5450;467;3298;456;414;2954;2840;187;4097;590;6113;807;4622;473;5046;4063;3952;2511;2551;5831;2246;754;383;5364;2171;5408;1132;3252;5005;4845;4627;971;753;1663;3129;2512;413;5646;4382;2764;4980;3876;1140;4843;4093;6432;5890;1009;892
2906;370;7019;2035;7196;1786;1858;6254;1336;714;7570;1477;2377;3084;1555;491;1505;668;4550;7016;631;6992;639;2135;3674;7506;1734;1334;5287;2034;500;406;3048;405;3734;408;637;670;7245;3150;4428;5180;4701;1209;7318;664;2169;514;7255;7566;7079;7469;3146;6729;499;603;4796;2735;1047;6140;6443;7720;7201;936;7198;7471;2039;564;5896;1105;3485;1027;3974;1385;7186;638;4707;2031;4795;4706;1026;6794;2010;905;3940;494;4705;7410;2569;4614;1471;2008;4746;7314;6367;7183;934;7411;5775;1042;365;5289;410;3047;2005;7021;3885;5177;7249;6613
1252;6633;1259;8392;318;158;766;7129;5842;8069;399;301;7985;3963;3493;7128;4767;2682;1283;2156;985;7895;3626;1256;8351;211;594;680;2824;6760;5719;3092;1996;1171;8558;3628;1221;1642;2263;6127;7743;1285;1432;6637;8706;3395;3277;4811;6638;2119;4583;7528;8277;3729;302;5377;426;8710;2054;4953;6012;3727;4574;1439;8064;763;8348;2445;596;1935;1074;2844;2060;1435;1073;541;2182;7038;5090;5611;1418;5905;2823;768;6459;1440;2030;956;4951;2606;483;4768;7125;4685;2183;2154;215;1365;5327;2028;8703;3354;489;5713;3839;3623;7522;5141;4584;6640;6759;5375;3998;3724;767
5942;5685;5637;5946
8431;8223;5236;9247;5091;5026;8226;7336;4631;5571;3304;4634;4090;9457;9336;5799;3868;3290;3310;6707;2918;3594;6941;2949;7332;9459;6066;5195;8341;5232;3183;8535;8534;3893;6854;7906;3941;3361;7676;9479;4513;2919;5615;7678;3242;5566;5562;8520;4026;6932;4436;8080;4261;5024;4403;5028;6939;8883;9831;8513;3866;9830;7047;4887;3289;4490;3334;4884;3336;3640;6398;6935
11424;8634;6147;11687;9753;10723;10898;6074;2926;10834;6571;4591;3760;10828;9744;6301;11688;11251;10557;4593;3454;5550;10470;10867;4830;7351;9554;4643;3055;6295;10740;3401;8003;3102;6651;11628;5101;9677;9918;9563;11627;11572;5516;10806;10637;3606;10743;6566;4918;4645;5578;11433;8727;3904;3541;6643;10652;11568;5106;5627;5806;5662;3755;8726;9851;4920;2922;6470;10868;5809;10386;10896;10388;6467;8948;8950;11859;10653;10157;7769;8353;6148;11499;9773;10332;11431;5219;9923;4594;6869;8009;6466;7912;8008;10471;11689;10257;5625;9847;5629;3696;9403;10878;11861;11226;5151;8640;4231;4981;10083;10638;5664;7764;4772;9557;10171;10865;9683;5359;10564;3700;4413;10394;8007;5546
6979;8407;8310;8096;7237;11137;8249;8488;10501;9409;11205;11849;11141;10763;8210;8658;11998;11958;6585;10906;6591;11665;11610;9202;8403;8490;6166;11995;7274;11842;7445;6492;11292;6162;10908;7446;8409;7848;6168;11614;11648;10102;8247;11136;8141;8204;8745;6421;9411;8588;8174;8411;7847;6413;6589;10695;9781;11820;6167;8751;9686;6497;9407;9092;8172;11835;9412;8660;11287;12022
2303;1593;161;2128;681;781;868;2063;1329;553;435;197;1841;2302;1628;440;1596;991;1054;1681;1148;1145;833;1629;555;996;1818;222;782;1970;1907;1901;193;1814;558;1525;862;1128;1910;353;1909;1904
8312;7395;7302;11703;8159;11065;7397;7401;8500;8252;9420;9586;10554;8318;8261;10792;10023;10117;10848;7816;8593;8499;9695;7394;9094;7643;8596;10450;9102;8315;11704;8770;11697;8321;10278;9584;8966;8316
8550;6287;6237;8623;7064;6990;8039;6791;7615;7063;6094;8182;7869;6099;6783;7703;7062;8185;7959;6236;8292;6239
8197;8144;7857;8107;7284;7460
3559;4376;3659;2898;2343;3207;5271;5272;4656;4054;3208;3028;4052;3316;2349;5440;5040;2891;4205;3341;2759;4279;4654;4315;2703;3027;4454;2510;2984;2413;5476;4379;3558;4243;3030;3462;3026;4788;2858;4460;2660;3557;2502;3198;2859;5061;3154;5035;5115;3120;2588;5478;4055;4246;2412;3113
231;180;150;240;141;299;267
1666
6944
2747;2389;2384;2743;2646
8648;7360;10520;6402;6484;6655;6964;5672;8164;8020;6221;10241;9083;5749;10085;7933;5852;8016;6216;5854;7060;10084;10240;7356;5941;6000;8285;7695;5994;8837;7599;8645;8649
7
10577;10583
78;21;61
10321;10324
799
9984;9987;10058;9991
5192;8076
5695;5957;5698
16;34;55
4771
2489
816
7818
8828
6681
