4661;6095;7254;6996;5545;6632;5370;7246;5036;7571;6699;5668;6701;6448;7500;5760;6998;4473;7133;5423;7690
4185;8093;6907;7783;8085;1766;6268;173;4808;5065;1299;7591;1423;2998;1478;1687;7238;1338;5392;7673;6906;1568;5716;6834;7671;7802;6072;134;5148;3767;8287;4018;3465;3668;3785;5746;550;3347;3214;866;3123;1293;7930;2331;5200;6263;6435;700;6266;4183;5448;921;3762;6271
7344;8082;5898;5988;6473;8137;8079;6162;6892;5793;6480
8467;9241;8128;9142;8314;7635;9129;9033;8535
3390;2594;1323;1008;1874;4387;2658;5285;1266;157;2952;1113;5054;1519;5648;4885;911;2876;4001;747;2108;920;3444;2832;1007;3778;746;1009;2953;1555;5338;2960;2799;263;1696;2904;1118;662;1650;5685;576;5237;4084;664;3301;2558;2626;2955;1760;1327
4008;6902;1596;6976;5889;6172;5905;1675;2506;2900;1974;6002;1081;4341;5927;4443;1978;4513;5172;3222;5810;671;3756;5709;1306;4258;6142;4877;2390;1444;3714;5128;3163;2868;2099;5822;4881;3488;3068;4447;5231;645;4011;334;6373;3013;2029;3104;1035;5911;4260;4340;4442;1307;6900
1199;1845;1094;2641;149;1861;628;1539;1364;898;2171;1865;1046;2424;1370;99;455;2529;1319;706
1634;906;1909;3395;2881;2743;2677;2859;840;259;2978;2814;2044;2573;3398;994;2816;503;568;1636;950;2636;3136;3399;3031;507;1994;229;657
81;48;84
3337;4682;379;4225;4166;4052;3423;3338;1822;1071;4861;873;3941;878;723;1485;4055;1666;1341;4571;3118;4123;3673;590;2802;939;3605;3509;4059;4329;2567;1490;3340;1028;3237;3524;4327;635
5162;5862;4107;6289;8305;7004;4917;4836;7013;7075;6090;5634;7627;5775;5169;7988;7012
4346;4396;5678;5119;5358;4469;4094;6752;6944;6050;4400;5766;4101;3705
4899;4587;5256;5951;6273;5452;5943;4989;5102;5948;5350;5789;4898;3557;4270;5784
8836;8984;6470;9268;8886;9179;8193;8747;8995;6058;8987;7846
181
3742;4025;3634;3805
14;1
80;62
8176
1390
