7415;7348;7581;7417;7276;7279;7347;7414;7578;7413
4500;7295;6977;5775;8210;7256;4377;3388;8156;7516;7517;4740;5579;3850;5689;6931;5005;6405;6573;4250;5577;7255;3184;6407;7514;6404;4098;3634;5191;7294;5575;4373;6756;7261;3383;7253;5414;4734;3802;5319;8452;8159;4496
6162;6040;2990;3501;6957;6842;5332;6846;6774;6448;5334;5128;3865;3499;6959;6363;6041;6784;4844;5681;6038;3069;3063;4461;6663;5340;6669;3204;6906;6452;3788;4171;4987;6454;4273;3678;2983;2984;5842;3284;6366;4454;6166
1213;301;1752;716;1062;308;21;1389;1185;1780;126;1070;129;60;816;1677;2367;38;1653;98;130;228;910;1347;2369;904;2150;99;222;2371;1751;776;771;13;1676;601;1659;1834;2345;1816;11;1954;778;355;1832;2047;1183;1275;964;482
7851
5785;8092;7045;7998;3722;4466;7226;2846;7886;6296;7317;6883;8089;8182;8116;2849;4598;7916;5860;8113;2925;4127;5788;8173;7993;3428;4129;6480;4592;5583;3504;6298;2931
4870;6490;4252;5254;3861;5395;7846;7368;7849;4862;5138;4432;2650;2765;2647;3350;7848;4865;4260;6816;3533;4677;6557;4254;7852;4866;3580;3342;2644;4578;4057;5048;3914;3052;3346;7530;5322;3856;6638;7367;4197;6552;2645;3540;4391;7004
5648;3664;4340;4776;4266;3964;6261;6151;3141;3280;6354;3717;3598;5480;4211;3274;3276;4063;3715;5651;5054;3968
5986;7245;7250;5982;5456;5732;6898;5622;4808;4802;6712;5625;6768;5040;4761;5374;6231;5458;7675;6422;5089
2581;2616;2613;2667
4415;3899;3444;3241;4557;4091;3240;4090;4420;3114;3752;4703;3112;4710;3178;3120;3894;3627;3694;3628;4083;4711
8158
2839;2759;2761
2703;109
2410;2394;2438;2397
5009
2571;2570;2568;2562
2730
2789
