5266;9517;6838;6836;5306;5305;9514;7766;5156;9891;8004;7763;9386;2866;4231;4240;2864;9887;2680;924;8998;3565;1579;9328;10171;2433;4965;5151;5201;2436;9358;1044;3901;3092;9889;1046;7848;5154;1823;9284
3346;2731;649;2271;2665;3645;4278;7792;8093;3648;8366;4187;6340;7753;7795;4146;1386;6237;4246;8060;297;4639;5114;1149;1051;3221;5653;1879;6129;609;8820;6232;5312;3641;4181;1383;1539;7759;8611;4989;8485;4245;422;7824;8821;4633
543;826;285;506;1568;211;1567;690;712;528;1074;174;362
2121;3083;2784;2786;4557;4385;3085;3147;4555;3861;4751;4389;5766;6585;5561;2495
4374;5351;1507;5006;4926;3386;4112;1700;4930;1415;5131;5444;3379;4063;3558;1124;4414;1354;5774;1481;5215;3381;6703;495;6074;5291;6311;5299;3154;5577;4922;1036;4309;5134;6060;6410;80;5101;4066;5818;1220;2820;1061;4545;3873;3878;72;2927;5395;861;818;4137;2460;1349;1260;3273;587;6303;6134;5247;2462;3601;6704;1624;3609;2454;741;2859;5399;1254;4086;4501;4379;208;3574;5449;6401;5572;950;2685;5507;4956;744;3520;6003;5475;5359
1912;1847;5947;1664;4212;4692;5384;4911;10424;345;2204;9211;6228;1586;3766;570;5808;10001;5738;438;1989;9473;487;9996;2772;3201;5500;485;2096;1669;4591;3025;3174;2931;7499;10183;797;9450;3858;3107;1309;10188;3173;10431;3030;9476;10108;8331;3176;4110;4619;4404;7562;4614;6230;489;3893;2938
1452;1974;4880;2975;5422;3740;3336;2378;3846;5430;4871;3977;933;2881;1891;4686;696;2692;4207;4205;997;5334;3599;5673;5423;3594;2306;5488;3313;1980;994;4524;3410
3241;4663;8556;8448;9342;4438;3248;7993;3291;2635;4270;9024;3297;8230;4796;4837;8144;9107;6561;5253;4162;8669;9374;4433;4568;5556;5555;9307;4793
9332;9484;8862;8779;9212;8162;9485;9504;9839;8165;7573;8236;8776
1797
1997;2107;2231;1751;1758
8527
2267;2509;2352;2013;2026;2021;2419;1808
7551;7442;6296;6295
6254
39;87
539;269;147
4326
6026
5032
