2767;4039;2679;70;5270;5886;4170;2532;5268;4812;1006;5889;4529;2680;4924;183;4113;2517;2668;4817;2008;95;529;2758;422;2534;521;2022;4927;3525;1848;1810;723;309;2895;2974;52;868;3868;2493
4776;5234;1628;1447;6356;3599;3679;3675;2260;1759;771;1261;3674;1012;1704;6495;1463;4385;5817;4341
5210;1970;3246;2428;1968;5204;4146;3974;444;5212;949;2655;1605;2658;850;844;3683;1608;947;2423;4285
2175
1382;1870;3189;2097;1228;2050;1896;2043;1795;2321;2142;2377;1893;2318;1351;1221;2315;1229;1385;883;1914;2094;2149;888;548;2151;2478
2470;3758;7806;7445;1547;5443;859;1322;7345;1971;3139;1182;1431;3391;2068;6031;3609;6178;2915;1324;4300;6974;8139;791;7804;1831;458;451;1615;1323;6976;7813;8136;2062;8332;8266;4299;684;7347;3293;860;7346;562;6032
7670;3106;5687;5692;5690;4637;8641;6109;3061;6873;4758;6997;8008;3220;8154;2734;3561
4239;7104;3393;7019;3042;6940;7292;7284;3824;2828;3093;7371;7018;7013;3542;3546;5570;6590;3451;7364;4236
4017;3474;2289;4980;3117;3416;4435;2965;2747;3925;5878;6010;3226
3575;4212;4472;4406;4277;3718;4402;3666;4082;4809;4281;3804
762;1377;1598;192;1999;735;1890;1253;372;313
1266
143;177;108;103;247
6430
5608;5710
75;19;82;20
163
5510
