4972;4113;4822;954;1088;2456;878;4520;1460;5284;4921;667;4445;2455;4824;838;2653;2705;960;875;4008;4726;2801;4968;702;1722;4120;910;1682;2220;2585;2314;775;2501;1559;2503
7902;8104;6714;6819;8112;7893;7977;7852;7957;6309;6746;6997;6311;5083;7898;7385;7892;6563;7342
2598;3601;1576;371;2062;1628;2465;1312;1665;4202;2625;2163;569;1436;2010;1700;151;3760;2273;2002;479;2595;472;886;1829;1837;1313;4401;1101;2275;2182
6587;6550;6475;6839;5405;6164;6496;6169;7503;3227;3478;5335;6357;6099;7368;5012;6238;6477;6166;7366;7151;6542;6591;3568;7498;3475
5842;6734;6104;6742;6367
147;399;115;631;1033;2519;1490;672;1053;142;318;1731;821;1737;1563;918;107;1969;2512;1430;1593;912;1421;2674;2115;1039
3060;1892;1479;575;2417;1530;2820;3554;2418;3442;1177;1586;2303;3283;2364;2363;2107;1480;3053;3446;3393;740;1900;573;1240;2265;1357;628;1719;655;1043;3909;3354
5157;5158;5155;5080;4861
5328;7920;5330;7989;8068;6048;8425;6043;7235;7988;7909;8424;7855;6642;6129;5474;6643
7765;3417;6066;4249;7710;7156;6558;7455;7383;6512;3571;3413;7220;5623;7218;5969;7160;5965;5504;7214;3013;5878;7766;7530;6207;7707;3014;3418;5766;7330;7460;7458;2779;6780;5235;2917;6980
4598
3062;3506;2285;3505;3183;3711;3817;4258;28;2992;3631;4379;1344;3440;930;2193;2011;2618;460;3263;3581;2994;2642;3588;528;2222;606
32
5010;4870;5246
5664
190;234;296;344
1918
6953;6915
6906
