1833;2828;4419;4678;3810;4959;4962;3243;4612;5435;4921;1872;4868;3437;2468;2631;4914;2289;5440;2464;3101;2283;3975;4212;4220;5160;3488;2822;3432;4511;4728;2470;3802;4681;3883;3133
4024;2742;3556;3307;4026;1228;2273;1494;4550;878;584;91;3613;350;128;2278;442;264;4084;1448;317;3091;3469;3388;1147;122;3572;1332;847;3797;2751;3026;3470;698;661;959;3467;664;3673;312;4025;3934;3559;1222;4314;3543;1336;3238;472;3859;4168;227;848;587;3426;2816;4015;3086;1182;224;3265;668;1021;1692;4165;4317;3084;137;2606;4021;265;1491;3761;402;2813;2881;229;3233;471;3573
865;678;507;1272;862;293;933;1576;573;1303;64;657;1575;1578;1271;1237;1468;611;1349;418;1573;298;1601;538;1469;205;368;1572;869;864;1203;321;735;40;1461;533
716;3836;4157;753;5923;636;782;4809;6365;551;496;5229;5916;3077;464;3913;308;5596;5687;492;4159;5627;4489;1385;5915;2515;1524;2600;4802;1019;555;392;3914;987;2990;2802;785;4308;5516;463;1049;3076;5232;4810;2594;720;304;5600;520;5519;1587;1487;5783;2985;1140;5839;1791;394;989;4911
5035;3965;4631;2886;4122;2391;995;3128;4566;193;967;76;172;853;570;1617;1924;4779;4608;286;198;4446;484;1477;3125;4780;4741;807;1479;2616;1051;3219;1085;490;1674;4829;3131;7;4831;1473;288;103;2959;852;2953;1679;5034;104;895;894;9;1;74;996;965;238;2620;3;3967;3220;643;179;2613;1323;3968;107;1324
5291;3017;4711;5669;6129;3818;4462;3593;4706;4369;4704;4291;6043;4231;6094;3899;5902;3013;3398;3326;3327;3514;4746;4367;2120;4750;6038;6042;5975;3897;3393;4878;6039;2405;3513;3325;5110;6244;3331;6127;3694;2294;6351;4514;4659
4075;5780;3502;3459;5014;2775;2553;3510;4534;4079;5409;3905;4301;4841;4537;4441;5016;4300;5884;4437;3826;3172;3156;3454;4540;2475;3154;2556;4760;4249;5187;3103;3453;6030;5189;3372;5971;2776;3539;5970;4434;3532;3176
1845;1707;1802;2046;1708;1811;1706
2341;2055;1769;1979;2237;2332;1660;2052;1973;1591
3004;6548;4241;4071;6639;5030;3204;3649;3207;5201;3708;5725;6716;4692;6682;3332;5122;3608;4599;4528;4149;4147;2320;5568;4597;6635;6545;4523;5827;4700;3143;4891;6479;5115;6589;6283;5486;6634;5986;3604;3524;3151;4885;6525;6550;4789;3334;6274;4238;4783;2551;5731;2766;3225;2904;4697;5913;4062;3650;6528;5824;5615
1283;425;944;1373;421;708;600;1438;1409;337;455;1375;977;1887;822;972;428;1410;1378
26
5439
2129;2217;2219;2127;2212
1502
4302
168;183;60
4167
0
1932
