5289;4931;5085;5587;5411;6433;5490;5535;5488
853;2103;413;2296;1151;620;2070;299;1149;1555;1292;855;1236;1405;2193;910;2064;801;884
3808;3895;4149;4706;2806;4895;4571;2672;1808;2060;3847;1686;1446;2923;4144;4707;2946;1924
1873;4174;3040;3034;4178;3138;4317;1589;1712;2271
133;121;231;156
5233;5157;2018;2709;5045;3179;2888;604;4990;4761;2139;5048;1115;4914;5736;5472;2313;5689;360;835;2820;5323;878;5046;1009;2247;4984;1181;5394;6005;5439;4016;706;1116;974;2932;5685;2140;2547;4019;5932;2614;473
5615;1400;5336;5616;3272;5761;2029;4586;4325;6552;5062;4416;1844;5239;6479;1616;3002;5404;3201;3772;2026;4191;5415;3684;5175;5276;5338;6134
1331
1;86;12;23;19
3457;1545;3328;1819;1256;3783;3784;3788;2870;2758;1821;1697;1694;2280
5526;5771;6784;5201;3759;6781;3757;4352;6146;5769;6339;5773;4202;4047;6214;4436;5959;6716;6209;6337;6755;6486;4440;6147;5148
2913;3314;1862;1576;2917;3996;4000;1903;3318;1976;3534;3042;2566;3045;3443;1793;3840
6281
1927
3374;3508;3379
1965;1971;1787;2909;2713;1629
766;308;445;435;783;749;781;310;450;1122;525
4424
1189;1186;1247
3202
1152
