7809;3385;4300;8031;8267;3009;689;3818;5374;3820;6308;6568;2127;5054;460;8495;511;8429;3755;5290;3139;1325;3603;1403;8199;2019;7453;3991;6976;7171;610;2169;2170;1152;1612;412;3812;5060;517;7216;1323;416;7028;2709;5450;6808;1000;6312;8138;2013;8196;1047;8026;7214;8571;2471;1410;685;3005;1543;7170;3234;563;7982;5380;415;7219;8326;1438;7977;792;2704;7974;3294;3604;7270;791;1646;7452;1647;5452;1042;2363;8488;7348;1043;2470;3141;455;3300
1507;5727;2692;5531;5844;5731;778;6215;924;3375;705;6373;4391;4339;5723;5364;5647;1510;1121;6497;1828;6353;1016;2420;6130;4390;1020;3673;3378;1124;779;2191;708;1704;3595;6375;3503;929;974;5233;6059;5242;706;5745;5948;5523;1856;4105;3502;2904;4341;1787;3596;703;741;6227;973;925;6129;5628
1529;3022;5211;3312;1117;4878;847;2609;3972;1765;673;783;5049;2561;1090;4146;3979;1522;1725;3245;444;4150;1086;552
5270;2517;228;3157;1778;1418;32;369;615;5022;1363;1053;222;5002;3159;2899;4729;4852;1536;4523;584;3161;364;362;722;1331;5003;1988;1364;1845;2346;39;2758;661;4924;2027;65;5145;1365;3489;4167;5883;229;5537;310;2500;2936;2249;1003;309;2008;303;4114;2519;4170;5147;2766;1242;2646;586;5008;664;5010;260;3770;2980;5007;729;2235;2080;587;3153;2588;5267;613;1810;304;582;2538;2977;4814;365;2002;1091;1335;1731;1557;1419;256;1735;2932;1771;424;4949;5144;2765;158;33;1775;5890;2112;4722;361
1479;2045;2196;2379;1571;2094;575;2143;1061;2198;824;1795;1579;1359;881;1574;1867;3185;3182;2044;1161;1358;1916;1799;713;1137;1578;757;2577;888;1382;3191;1356;717;1383;550;580;759;720;2987;1166;544
7136;8387;7949;6929;6876;7666;6105;7001;8388;3613;6761;7138;3105;3055;2786;7761;8162;8473;4759;6046;8677;6999;4752;3554;7946;2732;6993;8466;6758;5685;5477;3054;3620;8537;7315
2037;461;311;1747;483;1746;1460;732;1815;1342;339;197;1494;1940;337;239;875;265;1933;371;335;1295;961;1819;1699;1812;319
4622;4534;2774;3551;2957;2869;6821;6891;6444;2959;4174;7068;2826;5462;7018;7227;4970;3339;2830;6941;3396;4176;3399;6585;4239;4179;7470;5309
3642;4478;3793;3643;4400;4398;4342;4208;3808;4281;3957;4811;3952;3713;3584;4274;4407;3670
3474;5879;6005;5764;3472;3175;5464;5316;3707;6010;3703;5466;3176;2394;3926;4018;3708;3357;3413
118;111;207;385;273
6290;6544;6288;6284
110;126;400;291;352;146;398
25;13;75;18
2455;2626
5932;5607;5338;5703
5509;5599;5507
237
2226;2231
2529
8660;8661
4178
